# x y z x_res y_res z_res x_res_err y_res_err z_res_err
2.587084451482653094e+03 -1.582478513232552359e+03 1.334183965538413190e+02 0.000000000000000000e+00 0.000000000000000000e+00 -2.019547150692346804e-02 4.080033140291978826e-03 4.080033140291975356e-03 2.887034621355767314e-03
2.976528481663047387e+03 -1.591561410255548253e+03 1.623955924734343057e+02 0.000000000000000000e+00 0.000000000000000000e+00 -2.785071654304260846e-02 4.080033140291978826e-03 4.080033140291975356e-03 2.887574900202504943e-03
2.758102579867708755e+03 -1.370706230736776433e+03 1.384780330513462445e+02 0.000000000000000000e+00 0.000000000000000000e+00 -2.219644719335178706e-02 4.080033140291978826e-03 4.080033140291975356e-03 2.887146677400519949e-03
2.627339100299989241e+03 -1.204103296364556854e+03 1.244344189807299301e+02 0.000000000000000000e+00 0.000000000000000000e+00 -3.378542699768161128e-02 4.080033140291978826e-03 4.080033140291975356e-03 2.886899775660647753e-03
2.975810017977047210e+03 -1.192273575256453114e+03 1.499607622469549142e+02 0.000000000000000000e+00 0.000000000000000000e+00 1.166752412839855424e-02 4.080033140291978826e-03 4.080033140291975356e-03 2.887378294624963222e-03
2.944045579283646930e+03 -9.120033015917185821e+02 1.410157263675874617e+02 0.000000000000000000e+00 0.000000000000000000e+00 9.496316100353396905e-03 4.080033140291978826e-03 4.080033140291975356e-03 2.887237575304252117e-03
2.635414651242670516e+03 -8.925769259917625504e+02 1.178260610563538648e+02 0.000000000000000000e+00 0.000000000000000000e+00 6.475097897293835558e-04 4.080033140291978826e-03 4.080033140291975356e-03 2.886803969370756260e-03
2.760196450163029112e+03 -6.763894107292049966e+02 1.230912187568207514e+02 0.000000000000000000e+00 0.000000000000000000e+00 -2.173247798680222331e-02 4.080033140291978826e-03 4.080033140291975356e-03 2.886922882395939402e-03
2.952492370430603842e+03 -5.214351578332782537e+02 1.357977209311116553e+02 0.000000000000000000e+00 0.000000000000000000e+00 -1.717073140997626979e-02 4.080033140291978826e-03 4.080033140291975356e-03 2.887179819825325382e-03
2.623620001770019826e+03 -5.072372344548165870e+02 1.112759393501125942e+02 0.000000000000000000e+00 0.000000000000000000e+00 2.029525190479830599e-03 4.080033140291978826e-03 4.080033140291975356e-03 2.886715962282164743e-03
2.962296295442444261e+03 -1.830764966337556530e+02 1.344196072752194198e+02 0.000000000000000000e+00 0.000000000000000000e+00 -4.159109726603560375e-02 4.080033140291978826e-03 4.080033140291975356e-03 2.887191139705363920e-03
2.750843799733162541e+03 3.634983065400776070e+01 1.182841867039415007e+02 0.000000000000000000e+00 0.000000000000000000e+00 -2.933689294059149688e-02 4.080033140291978826e-03 4.080033140291975356e-03 2.886902337219967880e-03
2.963703616149281515e+03 2.022983145512026795e+02 1.354503547797193050e+02 0.000000000000000000e+00 0.000000000000000000e+00 -1.577507342594230977e-02 4.080033140291978826e-03 4.080033140291975356e-03 2.887255394908845238e-03
2.949137244647560237e+03 5.119909992495742017e+02 1.376639870757176993e+02 0.000000000000000000e+00 0.000000000000000000e+00 2.714877786968372675e-02 4.080033140291978826e-03 4.080033140291975356e-03 2.887334092142989500e-03
2.632512625861796096e+03 5.204835975542304141e+02 1.138893343501191993e+02 0.000000000000000000e+00 0.000000000000000000e+00 6.805571417075384488e-03 4.080033140291978826e-03 4.080033140291975356e-03 2.886860931995947639e-03
2.763791488342825687e+03 7.412330852213952994e+02 1.272910326482992929e+02 0.000000000000000000e+00 0.000000000000000000e+00 -3.264181866342141802e-03 4.080033140291978826e-03 4.080033140291975356e-03 2.887148033546543986e-03
2.955101948384935440e+03 9.020631874772866468e+02 1.458248474491480806e+02 0.000000000000000000e+00 0.000000000000000000e+00 2.169436328361484811e-02 4.080033140291978826e-03 4.080033140291975356e-03 2.887540284207943276e-03
2.625543130343741723e+03 9.180153396696121035e+02 1.211155025865723189e+02 0.000000000000000000e+00 0.000000000000000000e+00 1.429485552998244202e-02 4.080033140291978826e-03 4.080033140291975356e-03 2.887036266411513018e-03
2.624288081306730419e+03 1.222921786334936542e+03 1.296751215070741807e+02 0.000000000000000000e+00 0.000000000000000000e+00 1.826479462977204093e-03 4.080033140291978826e-03 4.080033140291975356e-03 2.887230232541889135e-03
2.966030879942105457e+03 1.235370294789308673e+03 1.563817508476610953e+02 0.000000000000000000e+00 0.000000000000000000e+00 -2.427956683411025551e-02 4.080033140291978826e-03 4.080033140291975356e-03 2.887789822057961614e-03
2.751632091791755556e+03 1.458088232343672416e+03 1.474612938445620784e+02 0.000000000000000000e+00 0.000000000000000000e+00 -3.737348443112864516e-02 4.080033140291978826e-03 4.080033140291975356e-03 2.887615341501605700e-03
2.962108966817354485e+03 1.612581334659201957e+03 1.705398480666049181e+02 0.000000000000000000e+00 0.000000000000000000e+00 -2.883248474577726483e-02 4.080033140291978826e-03 4.080033140291975356e-03 2.888117659474049095e-03
2.618008179608529190e+03 1.627761757065484289e+03 1.444685892579431652e+02 0.000000000000000000e+00 0.000000000000000000e+00 -3.740519496108163366e-02 4.080033140291978826e-03 4.080033140291975356e-03 2.887556205609546640e-03
2.259515342424308528e+03 2.320671188021257421e+03 1.562160918577405369e+02 0.000000000000000000e+00 0.000000000000000000e+00 3.683100153818941180e-02 4.080033140291978826e-03 4.080033140291975356e-03 2.887784070051803344e-03
1.931952314847047546e+03 2.327828006311834542e+03 1.373828476760055253e+02 0.000000000000000000e+00 0.000000000000000000e+00 3.852156497916325861e-02 4.080033140291978826e-03 4.080033140291975356e-03 2.887357602580245368e-03
2.069453673493287624e+03 2.174777377038373743e+03 1.360473909487245976e+02 0.000000000000000000e+00 0.000000000000000000e+00 -3.920637959339501322e-03 4.080033140291978826e-03 4.080033140291975356e-03 2.887347456414373487e-03
1.938858606396381219e+03 1.949694339392905704e+03 1.166965341395340943e+02 0.000000000000000000e+00 0.000000000000000000e+00 -1.787514379137178366e-02 4.080033140291978826e-03 4.080033140291975356e-03 2.886943149681104638e-03
2.253703092897952502e+03 1.932379156829283602e+03 1.341054895427341762e+02 0.000000000000000000e+00 0.000000000000000000e+00 1.322228800620450784e-02 4.080033140291978826e-03 4.080033140291975356e-03 2.887324934646364784e-03
2.267830790272316335e+03 1.621583918812979164e+03 1.205814789384122747e+02 0.000000000000000000e+00 0.000000000000000000e+00 6.884089384371350206e-03 4.080033140291978826e-03 4.080033140291975356e-03 2.887044684090644877e-03
2.111614872024118085e+03 1.497971655372768737e+03 1.062156552500519950e+02 0.000000000000000000e+00 0.000000000000000000e+00 -5.112267105261025790e-03 4.080033140291978826e-03 4.080033140291975356e-03 2.886742681588754487e-03
1.923888215418449363e+03 1.634160097423441130e+03 1.013434631661100411e+02 0.000000000000000000e+00 0.000000000000000000e+00 5.556956853645544925e-02 4.080033140291978826e-03 4.080033140291975356e-03 2.886634608747456424e-03
1.947734236120447804e+03 1.245608800678138550e+03 8.831473454410391355e+01 0.000000000000000000e+00 0.000000000000000000e+00 4.268942044475920738e-03 4.080033140291978826e-03 4.080033140291975356e-03 2.886373879876685637e-03
2.262650750606366273e+03 1.229067440749016669e+03 1.057563775099021228e+02 0.000000000000000000e+00 0.000000000000000000e+00 -3.819894497905806929e-02 4.080033140291978826e-03 4.080033140291975356e-03 2.886733891119670509e-03
2.258957479738779966e+03 9.081262695758349537e+02 9.665201006000521033e+01 0.000000000000000000e+00 0.000000000000000000e+00 3.728815253967354693e-02 4.080033140291978826e-03 4.080033140291975356e-03 2.886539406611768593e-03
1.940170373430309837e+03 9.085720607369485151e+02 7.869150642816327945e+01 0.000000000000000000e+00 0.000000000000000000e+00 1.933593708284320201e-02 4.080033140291978826e-03 4.080033140291975356e-03 2.886177729802941790e-03
2.258585155673837107e+03 5.295304990968103311e+02 8.950477638595214103e+01 0.000000000000000000e+00 0.000000000000000000e+00 4.387664275790825741e-02 4.080033140291978826e-03 4.080033140291975356e-03 2.886379444280818846e-03
1.939372690676399088e+03 5.208772950272848448e+02 7.156847525485083850e+01 0.000000000000000000e+00 0.000000000000000000e+00 -2.266918625284120026e-02 4.080033140291978826e-03 4.080033140291975356e-03 2.886027271754154112e-03
1.945986620500434810e+03 2.153429203402382655e+02 6.891957794298802753e+01 0.000000000000000000e+00 0.000000000000000000e+00 3.427546154725291672e-02 4.080033140291978826e-03 4.080033140291975356e-03 2.885963749468801326e-03
2.142180618568494538e+03 4.292908963934769417e+01 7.876353818647146454e+01 0.000000000000000000e+00 0.000000000000000000e+00 1.382461812490021202e-02 4.080033140291978826e-03 4.080033140291975356e-03 2.886142762740862185e-03
2.262849774173825608e+03 -1.871404026969553627e+02 8.586863377973281786e+01 0.000000000000000000e+00 0.000000000000000000e+00 3.544340999408746029e-02 4.080033140291978826e-03 4.080033140291975356e-03 2.886262398820975059e-03
1.940375305016074662e+03 -1.804518135961926646e+02 6.808037479971544315e+01 0.000000000000000000e+00 0.000000000000000000e+00 -1.128253079080820953e-02 4.080033140291978826e-03 4.080033140291975356e-03 2.885927665709891229e-03
2.262269225227306379e+03 -5.072041445381894960e+02 8.804009229628992728e+01 0.000000000000000000e+00 0.000000000000000000e+00 -1.643420519638993937e-02 4.080033140291978826e-03 4.080033140291975356e-03 2.886279827914017999e-03
1.950633485344640121e+03 -4.925134192305009151e+02 7.075360047765683191e+01 0.000000000000000000e+00 0.000000000000000000e+00 -3.211971038921035415e-02 4.080033140291978826e-03 4.080033140291975356e-03 2.885959421581545288e-03
2.074359087148006438e+03 -6.562590640478758814e+02 7.925479955524306774e+01 0.000000000000000000e+00 0.000000000000000000e+00 -2.541811795977366728e-02 4.080033140291978826e-03 4.080033140291975356e-03 2.886106227186949636e-03
2.264429605876877304e+03 -8.967164974657963512e+02 9.406847803103158867e+01 0.000000000000000000e+00 0.000000000000000000e+00 -1.402976885060525092e-02 4.080033140291978826e-03 4.080033140291975356e-03 2.886362569462508354e-03
1.942121067205078816e+03 -8.951425110710440549e+02 7.642049791175915630e+01 0.000000000000000000e+00 0.000000000000000000e+00 -1.166018262743762079e-02 4.080033140291978826e-03 4.080033140291975356e-03 2.886038566493831069e-03
2.267414432341618067e+03 -1.209505116545886267e+03 1.015151883332538603e+02 0.000000000000000000e+00 0.000000000000000000e+00 -1.083650767463950615e-02 4.080033140291978826e-03 4.080033140291975356e-03 2.886476077026453157e-03
1.944708805946012035e+03 -1.207575244508924925e+03 8.383254289244098345e+01 0.000000000000000000e+00 0.000000000000000000e+00 2.198859773469052925e-02 4.080033140291978826e-03 4.080033140291975356e-03 2.886153253757199524e-03
2.072695999258531174e+03 -1.374725506154414006e+03 9.528854540050605237e+01 0.000000000000000000e+00 0.000000000000000000e+00 2.930349635660434160e-02 4.080033140291978826e-03 4.080033140291975356e-03 2.886350167312336061e-03
2.265345887439802027e+03 -1.596649075173413394e+03 1.135029033137420242e+02 0.000000000000000000e+00 0.000000000000000000e+00 9.082809630172050674e-04 4.080033140291978826e-03 4.080033140291975356e-03 2.886666479225726781e-03
1.947007219053854215e+03 -1.599216677057124116e+03 9.620902139870706549e+01 0.000000000000000000e+00 0.000000000000000000e+00 2.845206542878031541e-02 4.080033140291978826e-03 4.080033140291975356e-03 2.886350962935708368e-03
1.942827785427534081e+03 -1.907651219562090546e+03 1.081123007668607698e+02 0.000000000000000000e+00 0.000000000000000000e+00 1.528751336934419669e-03 4.080033140291978826e-03 4.080033140291975356e-03 2.886544331501042331e-03
2.078170921829886538e+03 -2.077471694096766441e+03 1.227656450881905243e+02 0.000000000000000000e+00 0.000000000000000000e+00 -1.271218175986632559e-03 4.080033140291978826e-03 4.080033140291975356e-03 2.886798318204324750e-03
1.948602712152696540e+03 -2.304499128726528397e+03 1.272005855331402984e+02 0.000000000000000000e+00 0.000000000000000000e+00 -3.118391808121145914e-02 4.080033140291978826e-03 4.080033140291975356e-03 2.886860183852382744e-03
2.274498501175353340e+03 -2.315401605417540395e+03 1.457004861275129883e+02 0.000000000000000000e+00 0.000000000000000000e+00 1.920199771888064788e-03 4.080033140291978826e-03 4.080033140291975356e-03 2.887200836003287353e-03
1.255922125277595114e+03 -3.032309287991946803e+03 1.423324163423789628e+02 0.000000000000000000e+00 0.000000000000000000e+00 -4.182083770487565744e-02 4.080033140291976224e-03 4.080033140291975356e-03 2.887058075468623176e-03
1.432084188695157309e+03 -2.830440887361663954e+03 1.350738935133171594e+02 0.000000000000000000e+00 0.000000000000000000e+00 -4.070106904114823010e-02 4.080033140291976224e-03 4.080033140291975356e-03 2.886950212627212384e-03
1.609595368927763502e+03 -2.672691394616596426e+03 1.322521856482981377e+02 0.000000000000000000e+00 0.000000000000000000e+00 1.643055588948527657e-02 4.080033140291976224e-03 4.080033140291975356e-03 2.886916576498564820e-03
1.251693579096335270e+03 -2.638837323583583839e+03 1.170225887228365877e+02 0.000000000000000000e+00 0.000000000000000000e+00 -6.724109823302626410e-02 4.080033140291976224e-03 4.080033140291975356e-03 2.886640687417199331e-03
1.571341056038727857e+03 -2.352581841277171861e+03 1.125630288300641269e+02 0.000000000000000000e+00 0.000000000000000000e+00 7.850526782021916006e-03 4.080033140291976224e-03 4.080033140291975356e-03 2.886588181966974736e-03
1.262092360932766042e+03 -2.335491111814525539e+03 1.004199292981914908e+02 0.000000000000000000e+00 0.000000000000000000e+00 8.835802319822505524e-03 4.080033140291976224e-03 4.080033140291975356e-03 2.886369583003182363e-03
1.421803580372505621e+03 -2.124613213307103706e+03 9.536902885899445437e+01 0.000000000000000000e+00 0.000000000000000000e+00 -1.849146920753241830e-02 4.080033140291976224e-03 4.080033140291975356e-03 2.886296578776525405e-03
1.591029132731705431e+03 -1.956427463697222493e+03 9.421634765120555244e+01 0.000000000000000000e+00 0.000000000000000000e+00 -1.702054163894217709e-02 4.080033140291976224e-03 4.080033140291975356e-03 2.886288952569475864e-03
1.261007193927626759e+03 -1.951530150329285107e+03 8.196448892538701614e+01 0.000000000000000000e+00 0.000000000000000000e+00 -1.291108593316891984e-02 4.080033140291976224e-03 4.080033140291975356e-03 2.886069296518559493e-03
1.638762651645020014e+03 -1.611455665063518154e+03 8.242539915274942075e+01 0.000000000000000000e+00 0.000000000000000000e+00 1.753432836379431592e-02 4.080033140291976224e-03 4.080033140291975356e-03 2.886101124004390815e-03
1.258700231725262256e+03 -1.621563569056161441e+03 6.871742168859159960e+01 0.000000000000000000e+00 0.000000000000000000e+00 3.136296530342974620e-03 4.080033140291976224e-03 4.080033140291975356e-03 2.885854979525407597e-03
1.406952358512438195e+03 -1.405198518392790675e+03 6.644176713356986852e+01 0.000000000000000000e+00 0.000000000000000000e+00 1.021140418802701788e-02 4.080033140291976224e-03 4.080033140291975356e-03 2.885827333011988308e-03
1.595695091800357432e+03 -1.255617428635055376e+03 6.924966612065065874e+01 0.000000000000000000e+00 0.000000000000000000e+00 -9.123583845166649553e-03 4.080033140291976224e-03 4.080033140291975356e-03 2.885886495322157255e-03
1.258481623607000074e+03 -1.226494457383999816e+03 5.614086626839005589e+01 0.000000000000000000e+00 0.000000000000000000e+00 4.688020817972926579e-03 4.080033140291976224e-03 4.080033140291975356e-03 2.885653029649907272e-03
1.259791917514255147e+03 -9.246194702750251508e+02 4.892708577956940985e+01 0.000000000000000000e+00 0.000000000000000000e+00 1.348905099570174571e-02 4.080033140291976224e-03 4.080033140291975356e-03 2.885538494245668256e-03
1.572309284821327992e+03 -9.088202799482131695e+02 5.993870884985006597e+01 0.000000000000000000e+00 0.000000000000000000e+00 4.607894948832580440e-02 4.080033140291976224e-03 4.080033140291975356e-03 2.885737935146377633e-03
1.455866969090804787e+03 -6.769646389916746330e+02 5.132848483523491723e+01 0.000000000000000000e+00 0.000000000000000000e+00 3.532860425252692949e-02 4.080033140291976224e-03 4.080033140291975356e-03 2.885593206545921524e-03
1.254708606555378537e+03 -5.270949828952915368e+02 4.232829199605716042e+01 0.000000000000000000e+00 0.000000000000000000e+00 8.878740363151393922e-03 4.080033140291976224e-03 4.080033140291975356e-03 2.885435614838161716e-03
1.563384814223836429e+03 -5.126736324956713133e+02 5.335191925338230590e+01 0.000000000000000000e+00 0.000000000000000000e+00 -2.302166466341049045e-02 4.080033140291976224e-03 4.080033140291975356e-03 2.885637682605292527e-03
1.577018324983325329e+03 -2.194266696306577842e+02 5.160460060172975716e+01 0.000000000000000000e+00 0.000000000000000000e+00 -1.534246913742265406e-02 4.080033140291976224e-03 4.080033140291975356e-03 2.885618134463365306e-03
1.259372833173395065e+03 -1.995044403023206883e+02 3.987089325444488708e+01 0.000000000000000000e+00 0.000000000000000000e+00 1.267373469116250817e-02 4.080033140291976224e-03 4.080033140291975356e-03 2.885401307675671077e-03
1.398199200179916033e+03 1.471516277567908482e+01 4.428397309248005342e+01 0.000000000000000000e+00 0.000000000000000000e+00 -1.795178064170954713e-02 4.080033140291976224e-03 4.080033140291975356e-03 2.885489380141966279e-03
1.248868545308151397e+03 1.749262438730211500e+02 3.958207026547161433e+01 0.000000000000000000e+00 0.000000000000000000e+00 2.392150201050213809e-02 4.080033140291976224e-03 4.080033140291975356e-03 2.885404259619632917e-03
1.556708537541629994e+03 1.853462934865299303e+02 5.088005723741289898e+01 0.000000000000000000e+00 0.000000000000000000e+00 -4.721070337887312007e-02 4.080033140291976224e-03 4.080033140291975356e-03 2.885618425911432808e-03
1.591773298723133848e+03 4.872404042234297776e+02 5.493136486160682352e+01 0.000000000000000000e+00 0.000000000000000000e+00 -3.723583974928601492e-02 4.080033140291976224e-03 4.080033140291975356e-03 2.885702747801871613e-03
1.255996167656536272e+03 5.105555937606811199e+02 4.266997322590961517e+01 0.000000000000000000e+00 0.000000000000000000e+00 2.407290077767498815e-02 4.080033140291976224e-03 4.080033140291975356e-03 2.885465834955388935e-03
1.400193455569342177e+03 7.184390745145130950e+02 5.084723595198386192e+01 0.000000000000000000e+00 0.000000000000000000e+00 -8.313201492832433814e-03 4.080033140291976224e-03 4.080033140291975356e-03 2.885624329683266626e-03
1.246673563972368129e+03 8.916354823140098915e+02 4.890645113227857621e+01 0.000000000000000000e+00 0.000000000000000000e+00 1.440140984166760063e-02 4.080033140291976224e-03 4.080033140291975356e-03 2.885583364065311043e-03
1.581248923808403561e+03 8.801357193417220515e+02 6.119855298260407039e+01 0.000000000000000000e+00 0.000000000000000000e+00 -5.023283860308680460e-02 4.080033140291976224e-03 4.080033140291975356e-03 2.885827881889368920e-03
1.641005733601150723e+03 1.218193797841966443e+03 7.263366579936082701e+01 0.000000000000000000e+00 0.000000000000000000e+00 3.488195379193825829e-02 4.080033140291976224e-03 4.080033140291975356e-03 2.886052574886679122e-03
1.265582083811556913e+03 1.213497125634095482e+03 5.787659882559543689e+01 0.000000000000000000e+00 0.000000000000000000e+00 -1.148184388727457872e-02 4.080033140291976224e-03 4.080033140291975356e-03 2.885751674740831552e-03
1.456596424421589973e+03 1.442853502621013376e+03 7.243637659407174567e+01 0.000000000000000000e+00 0.000000000000000000e+00 4.973260391680867087e-02 4.080033140291976224e-03 4.080033140291975356e-03 2.886038139103236366e-03
1.580687028998731876e+03 1.597458390088489978e+03 8.344948756946585888e+01 0.000000000000000000e+00 0.000000000000000000e+00 1.457360648257122193e-02 4.080033140291976224e-03 4.080033140291975356e-03 2.886258204055233700e-03
1.254817405960480073e+03 1.612368824211337142e+03 7.152979699555267246e+01 0.000000000000000000e+00 0.000000000000000000e+00 -2.705391328714767951e-02 4.080033140291976224e-03 4.080033140291975356e-03 2.886005995759298014e-03
1.247540795475064670e+03 1.905151881578397251e+03 8.423989032721728165e+01 0.000000000000000000e+00 0.000000000000000000e+00 8.212238117167203200e-03 4.080033140291976224e-03 4.080033140291975356e-03 2.886243979327765292e-03
1.561791031487983446e+03 1.919161220539323722e+03 9.700607683650463287e+01 0.000000000000000000e+00 0.000000000000000000e+00 -3.048744182294171878e-03 4.080033140291976224e-03 4.080033140291975356e-03 2.886518172736990753e-03
1.573623485709866145e+03 2.303425385572304549e+03 1.183836913730641669e+02 0.000000000000000000e+00 0.000000000000000000e+00 6.178834563812074521e-03 4.080033140291976224e-03 4.080033140291975356e-03 2.886934444168550318e-03
1.240194895568131642e+03 2.334584782426844413e+03 1.072185845697235180e+02 0.000000000000000000e+00 0.000000000000000000e+00 -2.529495593377362184e-02 4.080033140291976224e-03 4.080033140291975356e-03 2.886678457718863406e-03
1.251133104589453978e+03 2.624672771601951808e+03 1.262254310616465602e+02 0.000000000000000000e+00 0.000000000000000000e+00 -1.261562518777736841e-03 4.080033140291976224e-03 4.080033140291975356e-03 2.887043840343888387e-03
1.561846142756036443e+03 2.630455325643619290e+03 1.389020674433177192e+02 0.000000000000000000e+00 0.000000000000000000e+00 -2.170771223859446764e-03 4.080033140291976224e-03 4.080033140291975356e-03 2.887334469747781119e-03
1.425589024455509161e+03 2.852469649872887203e+03 1.491729168558803451e+02 0.000000000000000000e+00 0.000000000000000000e+00 -1.765253560526502952e-02 4.080033140291976224e-03 4.080033140291975356e-03 2.887515006231298684e-03
1.562584018451693737e+03 3.014296180252831618e+03 1.675957297229231244e+02 0.000000000000000000e+00 0.000000000000000000e+00 -1.921664529487543405e-02 4.080033140291976224e-03 4.080033140291975356e-03 2.887902031907922835e-03
1.240038432798021859e+03 3.028854767475417702e+03 1.558694726733333482e+02 0.000000000000000000e+00 0.000000000000000000e+00 5.716039743674627971e-03 4.080033140291976224e-03 4.080033140291975356e-03 2.887616969566357290e-03
9.056073912157777386e+02 3.005978276766394174e+03 1.438438663589586497e+02 0.000000000000000000e+00 0.000000000000000000e+00 -3.419646787111219055e-02 4.080033140291976224e-03 4.080033140291975356e-03 2.887338601779026060e-03
5.070108802138064448e+02 3.006216645843065180e+03 1.358828547852283464e+02 0.000000000000000000e+00 0.000000000000000000e+00 4.101445436930362121e-03 4.080033140291976224e-03 4.080033140291975356e-03 2.887149398905447615e-03
5.683423503529184018e+02 2.658914333199812518e+03 1.111870767935573099e+02 0.000000000000000000e+00 0.000000000000000000e+00 -1.297837758971809308e-02 4.080033140291976224e-03 4.080033140291975356e-03 2.886688636482826614e-03
8.587221240640012638e+02 2.647398351367556643e+03 1.161880549726964205e+02 0.000000000000000000e+00 0.000000000000000000e+00 3.092699303354606855e-02 4.080033140291976224e-03 4.080033140291975356e-03 2.886806911864472393e-03
8.663457044950735053e+02 2.332940972670635347e+03 9.621691210718756793e+01 0.000000000000000000e+00 0.000000000000000000e+00 1.963513935088201379e-02 4.080033140291976224e-03 4.080033140291975356e-03 2.886432691457316291e-03
5.481189601842581851e+02 2.346744679873749192e+03 9.082430820673204153e+01 0.000000000000000000e+00 0.000000000000000000e+00 3.512084048281849391e-03 4.080033140291976224e-03 4.080033140291975356e-03 2.886309118627617808e-03
6.606596219440341429e+02 2.170710741223409059e+03 8.260026872409866883e+01 0.000000000000000000e+00 0.000000000000000000e+00 1.614159368864420685e-02 4.080033140291976224e-03 4.080033140291975356e-03 2.886164697333608916e-03
8.659955777922749576e+02 1.952809915487432363e+03 7.555425314582853957e+01 0.000000000000000000e+00 0.000000000000000000e+00 2.522538519515649114e-02 4.080033140291976224e-03 4.080033140291975356e-03 2.886049685693310631e-03
5.622803273524677934e+02 1.946922047371461758e+03 6.935880878019871432e+01 0.000000000000000000e+00 0.000000000000000000e+00 1.173940899077763333e-02 4.080033140291976224e-03 4.080033140291975356e-03 2.885916999873974070e-03
5.701674643691646907e+02 1.635510397971511338e+03 5.560611774711232158e+01 0.000000000000000000e+00 0.000000000000000000e+00 2.218880893148877931e-02 4.080033140291976224e-03 4.080033140291975356e-03 2.885669123341675409e-03
8.601827868035271649e+02 1.628380271190641224e+03 6.090563675433318735e+01 0.000000000000000000e+00 0.000000000000000000e+00 3.986551807355454002e-02 4.080033140291976224e-03 4.080033140291975356e-03 2.885781136470933102e-03
5.749403416897511079e+02 1.243181797714932145e+03 4.183555049803555903e+01 0.000000000000000000e+00 0.000000000000000000e+00 -1.112787549884330929e-02 4.080033140291976224e-03 4.080033140291975356e-03 2.885423855259330612e-03
5.637257888796282259e+02 9.436971027997853980e+02 3.374844518686484207e+01 0.000000000000000000e+00 0.000000000000000000e+00 4.564740785069432150e-02 4.080033140291976224e-03 4.080033140291975356e-03 2.885280949444448892e-03
8.471351794612962749e+02 9.156281862024768543e+02 3.838720357590871401e+01 0.000000000000000000e+00 0.000000000000000000e+00 3.299874057445606468e-02 4.080033140291976224e-03 4.080033140291975356e-03 2.885374093867535718e-03
7.681234080200301833e+02 7.670326904816015485e+02 3.369554575472156444e+01 0.000000000000000000e+00 0.000000000000000000e+00 1.139664550797192533e-02 4.080033140291976224e-03 4.080033140291975356e-03 2.885287321263755884e-03
8.707300612587924888e+02 5.480136245891565068e+02 3.243847522269134487e+01 0.000000000000000000e+00 0.000000000000000000e+00 7.508817892656338699e-03 4.080033140291976224e-03 4.080033140291975356e-03 2.885268220337643824e-03
5.628577507197555860e+02 5.373675144478168022e+02 2.654699926006923505e+01 0.000000000000000000e+00 0.000000000000000000e+00 2.540607535196670597e-02 4.080033140291976224e-03 4.080033140291975356e-03 2.885155097666993341e-03
5.938336571771391164e+02 2.195113405494249150e+02 2.416083097599958762e+01 0.000000000000000000e+00 0.000000000000000000e+00 1.138186526252127351e-02 4.080033140291976224e-03 4.080033140291975356e-03 2.885113937139787126e-03
7.301195132336192728e+02 7.211745594034461249e+01 2.597144774378142884e+01 0.000000000000000000e+00 0.000000000000000000e+00 -2.556371720973871220e-02 4.080033140291976224e-03 4.080033140291975356e-03 2.885147844584138102e-03
8.691692162873540610e+02 1.954396914268154433e+02 2.924934027501382516e+01 0.000000000000000000e+00 0.000000000000000000e+00 2.222127489792669053e-02 4.080033140291976224e-03 4.080033140291975356e-03 2.885209670872748104e-03
8.702016312426820832e+02 -1.920632693177078352e+02 2.917516048470841028e+01 0.000000000000000000e+00 0.000000000000000000e+00 -9.872372132093687469e-04 4.080033140291976224e-03 4.080033140291975356e-03 2.885204183233036103e-03
5.756747680643662761e+02 -1.894219490929262690e+02 2.370324760283485688e+01 0.000000000000000000e+00 0.000000000000000000e+00 8.034043780742905483e-03 4.080033140291976224e-03 4.080033140291975356e-03 2.885103676301649638e-03
5.745959553724045463e+02 -4.994939013770364795e+02 2.610518048724151896e+01 0.000000000000000000e+00 0.000000000000000000e+00 2.765542662306330612e-02 4.080033140291976224e-03 4.080033140291975356e-03 2.885142026763337902e-03
7.196185813966266096e+02 -6.329364378606342143e+02 3.020222520578850833e+01 0.000000000000000000e+00 0.000000000000000000e+00 8.147511789239558766e-02 4.080033140291976224e-03 4.080033140291975356e-03 2.885212570482905119e-03
8.698389651209766953e+02 -8.860815565000622200e+02 3.756470291989497667e+01 0.000000000000000000e+00 0.000000000000000000e+00 3.931843206518692568e-02 4.080033140291976224e-03 4.080033140291975356e-03 2.885336345056499930e-03
5.650750611868677424e+02 -9.036084019836724792e+02 3.236641170300188008e+01 0.000000000000000000e+00 0.000000000000000000e+00 -1.322344184819712609e-02 4.080033140291976224e-03 4.080033140291975356e-03 2.885242929650450039e-03
5.630365102213455657e+02 -1.212736304521703232e+03 3.968400357757909802e+01 0.000000000000000000e+00 0.000000000000000000e+00 2.138977726805535440e-02 4.080033140291976224e-03 4.080033140291975356e-03 2.885361031007112158e-03
7.119825157114312333e+02 -1.342114331547057191e+03 4.578735024416430122e+01 0.000000000000000000e+00 0.000000000000000000e+00 -8.996415659360934569e-03 4.080033140291976224e-03 4.080033140291975356e-03 2.885463182658345484e-03
8.828169182843417957e+02 -1.247958654330595436e+03 4.650913768173838747e+01 0.000000000000000000e+00 0.000000000000000000e+00 3.958282836847359931e-02 4.080033140291976224e-03 4.080033140291975356e-03 2.885480420047746315e-03
8.751555816911006787e+02 -1.601265322049852557e+03 5.759109889717238673e+01 0.000000000000000000e+00 0.000000000000000000e+00 1.275916476092220364e-02 4.080033140291976224e-03 4.080033140291975356e-03 2.885658476119596586e-03
5.752166889577954407e+02 -1.917098875835862373e+03 6.448774281089846738e+01 0.000000000000000000e+00 0.000000000000000000e+00 2.774391037493728618e-02 4.080033140291976224e-03 4.080033140291975356e-03 2.885760829494981618e-03
7.282607406119202551e+02 -2.045851171432877663e+03 7.270498892558035209e+01 0.000000000000000000e+00 0.000000000000000000e+00 -2.386007039945070574e-04 4.080033140291976224e-03 4.080033140291975356e-03 2.885897298118772838e-03
9.083964620119079427e+02 -1.959818477860094617e+03 7.259685774666834845e+01 0.000000000000000000e+00 0.000000000000000000e+00 5.393379302833523070e-02 4.080033140291976224e-03 4.080033140291975356e-03 2.885901651047927986e-03
8.862683527609934799e+02 -2.306223518985621467e+03 8.859804956698144451e+01 0.000000000000000000e+00 0.000000000000000000e+00 4.884926017837187828e-03 4.080033140291976224e-03 4.080033140291975356e-03 2.886159535403591807e-03
5.715976264613219655e+02 -2.326209462886431993e+03 8.380399140381690870e+01 0.000000000000000000e+00 0.000000000000000000e+00 -3.016157410205266842e-02 4.080033140291976224e-03 4.080033140291975356e-03 2.886071974420637096e-03
5.718040685492258035e+02 -2.620440165810166945e+03 1.000767885378724884e+02 0.000000000000000000e+00 0.000000000000000000e+00 4.994049755893570364e-02 4.080033140291976224e-03 4.080033140291975356e-03 2.886334830636422006e-03
8.705380121609688331e+02 -2.623912039356241621e+03 1.057775548706911906e+02 0.000000000000000000e+00 0.000000000000000000e+00 -1.303822128487297505e-02 4.080033140291976224e-03 4.080033140291975356e-03 2.886437637294411631e-03
7.727318754452714984e+02 -2.781620039922815977e+03 1.132870062952201238e+02 0.000000000000000000e+00 0.000000000000000000e+00 4.203247939723553372e-02 4.080033140291976224e-03 4.080033140291975356e-03 2.886555792954637999e-03
8.972540967177493485e+02 -3.000990610089525489e+03 1.302294579184355996e+02 0.000000000000000000e+00 0.000000000000000000e+00 5.798984563179487850e-02 4.080033140291976224e-03 4.080033140291975356e-03 2.886837767066813883e-03
5.812629117717890495e+02 -2.998491268091130678e+03 1.240568533213125164e+02 0.000000000000000000e+00 0.000000000000000000e+00 5.472801614844513551e-02 4.080033140291976224e-03 4.080033140291975356e-03 2.886724162338155739e-03
2.495455900988021938e+02 -3.019732591317407241e+03 1.219616567391870348e+02 0.000000000000000000e+00 0.000000000000000000e+00 -3.758589068674211831e-02 4.080033140291978826e-03 4.080033140291977091e-03 2.886682455793908482e-03
-1.515538066226733065e+02 -3.019539785228500023e+03 1.214450322192002432e+02 0.000000000000000000e+00 0.000000000000000000e+00 -2.531292929728579111e-02 4.080033140291978826e-03 4.080033140291977091e-03 2.886672976614042957e-03
8.637474215999036531e+00 -2.770961197787829860e+03 1.049988794151039002e+02 0.000000000000000000e+00 0.000000000000000000e+00 2.311557258977359197e-03 4.080033140291978826e-03 4.080033140291977091e-03 2.886406294548091427e-03
2.019910038861567614e+02 -2.689779573188866379e+03 1.005541212945913827e+02 0.000000000000000000e+00 0.000000000000000000e+00 -4.283871197830535493e-02 4.080033140291978826e-03 4.080033140291977091e-03 2.886335566922190905e-03
-1.712391105906521034e+02 -2.372861305599475145e+03 8.248048439209949834e+01 0.000000000000000000e+00 0.000000000000000000e+00 -1.665783281895016898e-02 4.080033140291978826e-03 4.080033140291977091e-03 2.886044083426101900e-03
2.233389662588717783e+02 -2.367381844815048225e+03 8.245109052130301563e+01 0.000000000000000000e+00 0.000000000000000000e+00 -1.796800434316025985e-02 4.080033140291978826e-03 4.080033140291977091e-03 2.886044066629954094e-03
4.501732734403519487e+01 -2.133238844805111512e+03 7.009307231241604086e+01 0.000000000000000000e+00 0.000000000000000000e+00 1.844219599460927839e-02 4.080033140291978826e-03 4.080033140291977091e-03 2.885844305269999639e-03
-1.540619418725111132e+02 -1.981799817803750557e+03 6.342039774297735022e+01 0.000000000000000000e+00 0.000000000000000000e+00 -8.964241678526718715e-03 4.080033140291978826e-03 4.080033140291977091e-03 2.885737498457282158e-03
2.115126798739365199e+02 -1.965546308559120007e+03 6.297028362700288540e+01 0.000000000000000000e+00 0.000000000000000000e+00 1.652292752341821824e-02 4.080033140291978826e-03 4.080033140291977091e-03 2.885730682975446576e-03
-1.620604671200779876e+02 -1.667545685304949529e+03 5.066195400226422407e+01 0.000000000000000000e+00 0.000000000000000000e+00 4.698986951939332357e-02 4.080033140291978826e-03 4.080033140291977091e-03 2.885532373353938158e-03
6.898398293418658511e+01 -1.380530989119785090e+03 4.061459169642748890e+01 0.000000000000000000e+00 0.000000000000000000e+00 -1.243125715882342774e-02 4.080033140291978826e-03 4.080033140291977091e-03 2.885370077838777039e-03
2.086886004715918546e+02 -1.271945649810781106e+03 3.787842398811092437e+01 0.000000000000000000e+00 0.000000000000000000e+00 -3.544679246165571840e-02 4.080033140291978826e-03 4.080033140291977091e-03 2.885326621415476925e-03
-1.694363631242958377e+02 -1.192414685096425501e+03 3.549343583154455928e+01 0.000000000000000000e+00 0.000000000000000000e+00 -4.048288768731111986e-02 4.080033140291978826e-03 4.080033140291977091e-03 2.885287788688628129e-03
-1.535924431309763634e+02 -9.483675726536115462e+02 2.955579221725490413e+01 0.000000000000000000e+00 0.000000000000000000e+00 -1.190277949621432185e-02 4.080033140291978826e-03 4.080033140291977091e-03 2.885191465474347058e-03
2.169717535248209117e+02 -9.569869965199671924e+02 3.003782557097084904e+01 0.000000000000000000e+00 0.000000000000000000e+00 -3.300708953787179212e-02 4.080033140291978826e-03 4.080033140291977091e-03 2.885199742655762591e-03
5.575073440389309098e+01 -7.031701023594199569e+02 2.472307837943817432e+01 0.000000000000000000e+00 0.000000000000000000e+00 -3.682591079656560851e-02 4.080033140291978826e-03 4.080033140291977091e-03 2.885112377896078151e-03
2.347814072331569832e+02 -5.548606738074471423e+02 2.326734323345787203e+01 0.000000000000000000e+00 0.000000000000000000e+00 -3.129696556224459414e-02 4.080033140291978826e-03 4.080033140291977091e-03 2.885089645409001386e-03
-1.357073656230059271e+02 -5.215769323319105979e+02 2.239360141450904251e+01 0.000000000000000000e+00 0.000000000000000000e+00 -3.930410034713460732e-02 4.080033140291978826e-03 4.080033140291977091e-03 2.885074577493844470e-03
2.216711713959798828e+02 -2.388720811122677219e+02 2.033339256300621400e+01 0.000000000000000000e+00 0.000000000000000000e+00 -4.378544866445110983e-02 4.080033140291978826e-03 4.080033140291977091e-03 2.885041432858839999e-03
-1.479098353889347663e+02 -2.014403374786672032e+02 1.979629476325143500e+01 0.000000000000000000e+00 0.000000000000000000e+00 -3.837245457699367535e-03 4.080033140291978826e-03 4.080033140291977091e-03 2.885031958036397750e-03
3.478733022919186624e+01 1.661721942909017002e+01 1.906872464712464676e+01 0.000000000000000000e+00 0.000000000000000000e+00 -4.968728664795918348e-03 4.080033140291978826e-03 4.080033140291977091e-03 2.885019441885788762e-03
-1.693488205038261185e+02 1.679913592221163867e+02 1.974652109242811449e+01 0.000000000000000000e+00 0.000000000000000000e+00 -4.344512090780483504e-02 4.080033140291978826e-03 4.080033140291977091e-03 2.885031476855969782e-03
2.156659142054170388e+02 1.546469794012753027e+02 1.992608008072487280e+01 0.000000000000000000e+00 0.000000000000000000e+00 -9.471745263862629827e-03 4.080033140291978826e-03 4.080033140291977091e-03 2.885034923369535643e-03
2.317357073237155305e+02 5.013618522372771054e+02 2.268354475140499815e+01 0.000000000000000000e+00 0.000000000000000000e+00 1.633742660928305668e-03 4.080033140291978826e-03 4.080033140291977091e-03 2.885081900655134517e-03
-1.769159178813162896e+02 4.663142595966611452e+02 2.199394616669165003e+01 0.000000000000000000e+00 0.000000000000000000e+00 -3.796007876059093178e-02 4.080033140291978826e-03 4.080033140291977091e-03 2.885069564390312785e-03
3.273021606942333506e+01 7.110256017413335030e+02 2.499956821458666312e+01 0.000000000000000000e+00 0.000000000000000000e+00 8.931375631352267419e-03 4.080033140291978826e-03 4.080033140291977091e-03 2.885119873455943215e-03
-1.552532284109275622e+02 8.703324452383797052e+02 2.829521884377804497e+01 0.000000000000000000e+00 0.000000000000000000e+00 -1.484542327494864367e-02 4.080033140291978826e-03 4.080033140291977091e-03 2.885177107811043567e-03
2.233772452153752113e+02 8.624801787187100217e+02 2.847134272948002121e+01 0.000000000000000000e+00 0.000000000000000000e+00 2.705467224797075687e-02 4.080033140291978826e-03 4.080033140291977091e-03 2.885180964009655298e-03
2.254324893213491805e+02 1.189074327805298253e+03 3.652896640989659005e+01 0.000000000000000000e+00 0.000000000000000000e+00 -2.659827879753606794e-02 4.080033140291978826e-03 4.080033140291977091e-03 2.885320747145475508e-03
-1.634610361809856158e+02 1.184618386554843255e+03 3.608196893756174006e+01 0.000000000000000000e+00 0.000000000000000000e+00 -1.957880157436875379e-02 4.080033140291978826e-03 4.080033140291977091e-03 2.885312082371728048e-03
5.321785848538570463e+01 1.424602926111457919e+03 4.336454251137546123e+01 0.000000000000000000e+00 0.000000000000000000e+00 3.394063582007333935e-04 4.080033140291978826e-03 4.080033140291977091e-03 2.885438654040609584e-03
1.935751553807755840e+02 1.559304446104657018e+03 4.874512547568782850e+01 0.000000000000000000e+00 0.000000000000000000e+00 -2.852037248546679393e-02 4.080033140291978826e-03 4.080033140291977091e-03 2.885534993527820273e-03
-1.480014229696856489e+02 1.604454946391753083e+03 5.029075338226961378e+01 0.000000000000000000e+00 0.000000000000000000e+00 -1.351812991162404387e-02 4.080033140291978826e-03 4.080033140291977091e-03 2.885561720888520348e-03
-1.484426026895624489e+02 1.936237193449516099e+03 6.484261209333129727e+01 0.000000000000000000e+00 0.000000000000000000e+00 -4.848580280835790290e-03 4.080033140291978826e-03 4.080033140291977091e-03 2.885821580300568234e-03
1.853583953854814013e+02 1.967385385309852381e+03 6.652792790494909525e+01 0.000000000000000000e+00 0.000000000000000000e+00 4.492507019439528904e-02 4.080033140291978826e-03 4.080033140291977091e-03 2.885852501408520121e-03
2.507617339240658083e+01 2.127301615540658531e+03 7.427683696628258758e+01 0.000000000000000000e+00 0.000000000000000000e+00 -1.708660257494898360e-02 4.080033140291978826e-03 4.080033140291977091e-03 2.885990808771836565e-03
-1.717083190356335933e+02 2.291299434126622145e+03 8.382316273530844342e+01 0.000000000000000000e+00 0.000000000000000000e+00 1.259944547659586078e-02 4.080033140291978826e-03 4.080033140291977091e-03 2.886166000628988954e-03
2.153710378901218974e+02 2.283780963164840614e+03 8.361967120263200570e+01 0.000000000000000000e+00 0.000000000000000000e+00 -3.433760339797231609e-02 4.080033140291978826e-03 4.080033140291977091e-03 2.886163197209878385e-03
2.272121296244214363e+02 2.611162741660780284e+03 1.041576109818339546e+02 0.000000000000000000e+00 0.000000000000000000e+00 4.545092613942358639e-02 4.080033140291978826e-03 4.080033140291977091e-03 2.886541464145440244e-03
-1.635926796411648922e+02 2.613510452920418629e+03 1.039691782420256629e+02 0.000000000000000000e+00 0.000000000000000000e+00 3.278854386071827776e-02 4.080033140291978826e-03 4.080033140291977091e-03 2.886536471252093648e-03
5.837953904367323332e+01 2.858314425679264332e+03 1.209716046233733380e+02 0.000000000000000000e+00 0.000000000000000000e+00 5.312374069788461384e-03 4.080033140291978826e-03 4.080033140291977091e-03 2.886851616002025171e-03
2.072411709469184018e+02 2.993514322997138152e+03 1.318550230824611447e+02 0.000000000000000000e+00 0.000000000000000000e+00 -3.256525664386344943e-02 4.080033140291978826e-03 4.080033140291977091e-03 2.887058692247131651e-03
-1.538471292693394332e+02 3.018206207320170506e+03 1.335270971974430552e+02 0.000000000000000000e+00 0.000000000000000000e+00 -2.906312392866539085e-02 4.080033140291978826e-03 4.080033140291977091e-03 2.887088891607057610e-03
-4.534511451995856532e+02 2.998636462614378161e+03 1.345577402102832707e+02 0.000000000000000000e+00 0.000000000000000000e+00 -5.643649883828061320e-02 4.080033140291978826e-03 4.080033140291974489e-03 2.887120818847180997e-03
-8.584448948806291355e+02 3.008759933580249253e+03 1.428839494404343213e+02 0.000000000000000000e+00 0.000000000000000000e+00 -6.931174253287508691e-02 4.080033140291978826e-03 4.080033140291974489e-03 2.887314767010363842e-03
-6.585381589673011149e+02 2.883106504791905536e+03 1.288842156695892527e+02 0.000000000000000000e+00 0.000000000000000000e+00 -5.326035227443526310e-02 4.080033140291978826e-03 4.080033140291974489e-03 2.887028482608933102e-03
-8.781159999001505412e+02 2.667651737812345345e+03 1.180548710329925655e+02 0.000000000000000000e+00 0.000000000000000000e+00 -4.696294388509159035e-03 4.080033140291978826e-03 4.080033140291974489e-03 2.886844131425001913e-03
-5.232306877099559870e+02 2.670592040988376993e+03 1.113034162565766536e+02 0.000000000000000000e+00 0.000000000000000000e+00 -2.282998202970532020e-02 4.080033140291978826e-03 4.080033140291974489e-03 2.886687851936084806e-03
-4.778888661405832181e+02 2.289170680467636885e+03 8.643672111994932550e+01 0.000000000000000000e+00 0.000000000000000000e+00 3.401342653592109855e-02 4.080033140291978826e-03 4.080033140291974489e-03 2.886224522063761313e-03
-8.818505528613397928e+02 2.298566175154976008e+03 9.455809971430775818e+01 0.000000000000000000e+00 0.000000000000000000e+00 1.368873729489905600e-03 4.080033140291978826e-03 4.080033140291974489e-03 2.886403111827804454e-03
-6.487311181392559547e+02 2.132104335639478450e+03 8.028608145816363617e+01 0.000000000000000000e+00 0.000000000000000000e+00 -2.159558145422124653e-03 4.080033140291978826e-03 4.080033140291974489e-03 2.886121427999240822e-03
-4.436036969168114865e+02 1.949682498486310124e+03 6.786979455361105806e+01 0.000000000000000000e+00 0.000000000000000000e+00 3.571976418029976230e-03 4.080033140291978826e-03 4.080033140291974489e-03 2.885884458828345128e-03
-8.620974545610994255e+02 1.945451739250910123e+03 7.510185850927963713e+01 0.000000000000000000e+00 0.000000000000000000e+00 -3.265636795107695889e-02 4.080033140291978826e-03 4.080033140291974489e-03 2.886041069110807569e-03
-8.666710041717601598e+02 1.643958361232978177e+03 6.168937053025841522e+01 0.000000000000000000e+00 0.000000000000000000e+00 8.330665361242495237e-04 4.080033140291978826e-03 4.080033140291974489e-03 2.885795831123556289e-03
-8.550320579962950660e+02 1.229940967230520982e+03 4.676262183271406059e+01 0.000000000000000000e+00 0.000000000000000000e+00 6.594996192021085335e-03 4.080033140291978826e-03 4.080033140291974489e-03 2.885524805960007055e-03
-4.899280416586585716e+02 1.249063576504433058e+03 4.081090583733551824e+01 0.000000000000000000e+00 0.000000000000000000e+00 1.658089779891014359e-02 4.080033140291978826e-03 4.080033140291974489e-03 2.885402604253982373e-03
-4.763761721637516757e+02 9.282669418398621701e+02 3.220596452740205962e+01 0.000000000000000000e+00 0.000000000000000000e+00 -4.067619037371628110e-02 4.080033140291978826e-03 4.080033140291974489e-03 2.885251229096435534e-03
-8.526746032457401725e+02 9.303382098169962546e+02 3.883975468995893721e+01 0.000000000000000000e+00 0.000000000000000000e+00 -4.383943512060284320e-03 4.080033140291978826e-03 4.080033140291974489e-03 2.885382434673811839e-03
-6.566247558322564828e+02 7.744829196703507250e+02 3.174995580228107173e+01 0.000000000000000000e+00 0.000000000000000000e+00 3.540877175144174771e-03 4.080033140291978826e-03 4.080033140291974489e-03 2.885249012030854498e-03
-8.718505335637845519e+02 5.240736475152672256e+02 3.215580678001605008e+01 0.000000000000000000e+00 0.000000000000000000e+00 -2.767403277175617404e-03 4.080033140291978826e-03 4.080033140291974489e-03 2.885263144834076914e-03
-5.431551795434385213e+02 5.270171574746204897e+02 2.613267236263138216e+01 0.000000000000000000e+00 0.000000000000000000e+00 -5.279988873279251038e-02 4.080033140291978826e-03 4.080033140291974489e-03 2.885147376613300240e-03
-4.703209601360704255e+02 2.014591318337775476e+02 2.237372021722753246e+01 0.000000000000000000e+00 0.000000000000000000e+00 -8.388626812197941263e-02 4.080033140291978826e-03 4.080033140291974489e-03 2.885080470053068454e-03
-8.730619719266837819e+02 2.103847088193887771e+02 2.941100255616470349e+01 0.000000000000000000e+00 0.000000000000000000e+00 2.051026276612333277e-02 4.080033140291978826e-03 4.080033140291974489e-03 2.885212744350097464e-03
-6.550938252248225808e+02 2.077891613067831145e+01 2.457094937366392173e+01 0.000000000000000000e+00 0.000000000000000000e+00 -4.565609344840737549e-03 4.080033140291978826e-03 4.080033140291974489e-03 2.885121528506214960e-03
-8.675341708065911916e+02 -2.107761286997645129e+02 2.919880593927425849e+01 0.000000000000000000e+00 0.000000000000000000e+00 -1.980781405801579353e-02 4.080033140291978826e-03 4.080033140291974489e-03 2.885204284470309875e-03
-5.236751963606194522e+02 -1.930486158634095091e+02 2.298688459236451820e+01 0.000000000000000000e+00 0.000000000000000000e+00 -4.708869788392533451e-02 4.080033140291978826e-03 4.080033140291974489e-03 2.885090492490696972e-03
-4.847242357075166410e+02 -4.897085528686137650e+02 2.478285338969255491e+01 0.000000000000000000e+00 0.000000000000000000e+00 -3.274919046901914044e-03 4.080033140291978826e-03 4.080033140291974489e-03 2.885118335362648126e-03
-8.841724771595835364e+02 -5.121864478776067244e+02 3.201065066446685137e+01 0.000000000000000000e+00 0.000000000000000000e+00 6.622021309596703986e-02 4.080033140291978826e-03 4.080033140291974489e-03 2.885248611337153622e-03
-6.871910634541366107e+02 -6.514157739501489459e+02 2.988926717509194830e+01 0.000000000000000000e+00 0.000000000000000000e+00 1.477280178991691173e-02 4.080033140291978826e-03 4.080033140291974489e-03 2.885206418013123216e-03
-4.810835649250519737e+02 -8.720353910914409425e+02 3.062144690231832556e+01 0.000000000000000000e+00 0.000000000000000000e+00 2.316446927722992655e-02 4.080033140291978826e-03 4.080033140291974489e-03 2.885212874497818623e-03
-8.807173389072681857e+02 -8.813657895979702062e+02 3.771321420098895771e+01 0.000000000000000000e+00 0.000000000000000000e+00 1.085300901706176546e-02 4.080033140291978826e-03 4.080033140291974489e-03 2.885339177342119508e-03
-8.600816983751317366e+02 -1.207434119913149516e+03 4.489285717244312934e+01 0.000000000000000000e+00 0.000000000000000000e+00 -1.040877253203120745e-03 4.080033140291978826e-03 4.080033140291974489e-03 2.885453594643976050e-03
-4.720415290721740575e+02 -1.185206381498210931e+03 3.775315380411524302e+01 0.000000000000000000e+00 0.000000000000000000e+00 -1.058579381626145732e-02 4.080033140291978826e-03 4.080033140291974489e-03 2.885328018839710979e-03
-6.767129289838132991e+02 -1.359205225135398223e+03 4.568427814963013134e+01 0.000000000000000000e+00 0.000000000000000000e+00 1.330727405144926934e-02 4.080033140291978826e-03 4.080033140291974489e-03 2.885460543341650166e-03
-4.778957925145404033e+02 -1.572029457056259162e+03 4.975709818405326246e+01 0.000000000000000000e+00 0.000000000000000000e+00 5.036914602360553772e-02 4.080033140291978826e-03 4.080033140291974489e-03 2.885521671220161316e-03
-4.590508744368171392e+02 -1.908110233759532093e+03 6.258572027224363410e+01 0.000000000000000000e+00 0.000000000000000000e+00 6.508011177841410699e-02 4.080033140291978826e-03 4.080033140291974489e-03 2.885727810441131129e-03
-8.665215762831929851e+02 -1.902292218080129942e+03 6.917424510790658587e+01 0.000000000000000000e+00 0.000000000000000000e+00 1.952820736406124524e-02 4.080033140291978826e-03 4.080033140291974489e-03 2.885844882848724938e-03
-6.681067385571129762e+02 -2.051153550774013183e+03 7.188333077468303145e+01 0.000000000000000000e+00 0.000000000000000000e+00 5.025384085755035812e-03 4.080033140291978826e-03 4.080033140291974489e-03 2.885882313940262445e-03
-8.647570017489168777e+02 -2.288312010342421672e+03 8.719911604882717882e+01 0.000000000000000000e+00 0.000000000000000000e+00 -1.612628931918891340e-02 4.080033140291978826e-03 4.080033140291974489e-03 2.886136061268767053e-03
-4.662638928300060570e+02 -2.301283488344123271e+03 8.113012225285713441e+01 0.000000000000000000e+00 0.000000000000000000e+00 -2.689612848286060398e-03 4.080033140291978826e-03 4.080033140291974489e-03 2.886026477429578380e-03
-4.604221218851974982e+02 -2.615861565584232267e+03 9.834450648364946801e+01 0.000000000000000000e+00 0.000000000000000000e+00 -2.013072250196046298e-02 4.080033140291978826e-03 4.080033140291974489e-03 2.886304059645266717e-03
-8.708145931756639584e+02 -2.616616518199495658e+03 1.053550995061051623e+02 0.000000000000000000e+00 0.000000000000000000e+00 1.253266790858731383e-02 4.080033140291978826e-03 4.080033140291974489e-03 2.886430781239965673e-03
-6.389189819359202147e+02 -2.824666884627150012e+03 1.135798296953124122e+02 0.000000000000000000e+00 0.000000000000000000e+00 4.414798471354686171e-02 4.080033140291978826e-03 4.080033140291974489e-03 2.886555718734975899e-03
-8.617501370911887761e+02 -2.996382681540115755e+03 1.291142739222824218e+02 0.000000000000000000e+00 0.000000000000000000e+00 7.559145545209844386e-02 4.080033140291978826e-03 4.080033140291974489e-03 2.886817806475579316e-03
-4.798558761886240518e+02 -3.007558175712847969e+03 1.232894666695297019e+02 0.000000000000000000e+00 0.000000000000000000e+00 1.634177749066623164e-02 4.080033140291978826e-03 4.080033140291974489e-03 2.886708701570271478e-03
-1.142725143356189392e+03 -3.015592890109454402e+03 1.376779433246975373e+02 0.000000000000000000e+00 0.000000000000000000e+00 5.210892192229721331e-02 4.080033140291978826e-03 4.080033140291974489e-03 2.886973808072723462e-03
-1.536704635481117975e+03 -3.029345244340782301e+03 1.523038838713753478e+02 0.000000000000000000e+00 0.000000000000000000e+00 6.000217674284158420e-03 4.080033140291978826e-03 4.080033140291974489e-03 2.887245031928746195e-03
-1.359533411419923823e+03 -2.821314011079386091e+03 1.318743575056456336e+02 0.000000000000000000e+00 0.000000000000000000e+00 7.271984823034927103e-03 4.080033140291978826e-03 4.080033140291974489e-03 2.886892172521012944e-03
-1.555483040103864596e+03 -2.623385072837876123e+03 1.270916094791590751e+02 0.000000000000000000e+00 0.000000000000000000e+00 3.912653366619167628e-02 4.080033140291978826e-03 4.080033140291974489e-03 2.886826924862517622e-03
-1.171989379895510865e+03 -2.621120848085304260e+03 1.134953644822919898e+02 0.000000000000000000e+00 0.000000000000000000e+00 -1.536213461909596845e-02 4.080033140291978826e-03 4.080033140291974489e-03 2.886578266918764322e-03
-1.216342420979156714e+03 -2.319635009499156240e+03 9.814287470465610852e+01 0.000000000000000000e+00 0.000000000000000000e+00 2.451970573090989092e-02 4.080033140291978826e-03 4.080033140291974489e-03 2.886329925726696232e-03
-1.551291181151654428e+03 -2.303249369180628946e+03 1.091776263846112869e+02 0.000000000000000000e+00 0.000000000000000000e+00 -5.604743879359830316e-03 4.080033140291978826e-03 4.080033140291974489e-03 2.886531110917387594e-03
-1.371944205370682084e+03 -2.144650979150661442e+03 9.454434262790501009e+01 0.000000000000000000e+00 0.000000000000000000e+00 -2.279071594314530103e-02 4.080033140291978826e-03 4.080033140291974489e-03 2.886280095473734569e-03
-1.541647172139329086e+03 -1.967861757390842740e+03 9.273517425276966719e+01 0.000000000000000000e+00 0.000000000000000000e+00 -4.045972557250365753e-03 4.080033140291978826e-03 4.080033140291974489e-03 2.886261399916722776e-03
-1.184992483696277304e+03 -1.983378143590678746e+03 8.099560199225399515e+01 0.000000000000000000e+00 0.000000000000000000e+00 3.744633201668534639e-02 4.080033140291978826e-03 4.080033140291974489e-03 2.886049633954260955e-03
-1.168019593659449129e+03 -1.593367307159437587e+03 6.490441337736663741e+01 0.000000000000000000e+00 0.000000000000000000e+00 4.163029678460361538e-02 4.080033140291978826e-03 4.080033140291974489e-03 2.885788776580624701e-03
-1.576755110088088031e+03 -1.585622343299026852e+03 7.894729844954049724e+01 0.000000000000000000e+00 0.000000000000000000e+00 1.424610503562462327e-02 4.080033140291978826e-03 4.080033140291974489e-03 2.886040317053160508e-03
-1.349292561076894344e+03 -1.416829274419130115e+03 6.478017427322129151e+01 0.000000000000000000e+00 0.000000000000000000e+00 1.159466170895484538e-02 4.080033140291978826e-03 4.080033140291974489e-03 2.885796945265488214e-03
-1.550346652384008394e+03 -1.213322278358054973e+03 6.625682892588977779e+01 0.000000000000000000e+00 0.000000000000000000e+00 3.327241528147339977e-02 4.080033140291978826e-03 4.080033140291974489e-03 2.885835112500228540e-03
-1.198723993535664931e+03 -1.188153370122668321e+03 5.323553903478953941e+01 0.000000000000000000e+00 0.000000000000000000e+00 7.342398483842771384e-04 4.080033140291978826e-03 4.080033140291974489e-03 2.885603082675342306e-03
-1.163300166123982081e+03 -8.842602152189100480e+02 4.512660630742450962e+01 0.000000000000000000e+00 0.000000000000000000e+00 1.570427688184850012e-02 4.080033140291978826e-03 4.080033140291974489e-03 2.885471971007328492e-03
-1.561023655405842874e+03 -8.962684276907331196e+02 5.923281124364673644e+01 0.000000000000000000e+00 0.000000000000000000e+00 -9.879336542269356869e-03 4.080033140291978826e-03 4.080033140291974489e-03 2.885725816790726209e-03
-1.386145530995883519e+03 -7.015591074294555938e+02 4.916146160922191655e+01 0.000000000000000000e+00 0.000000000000000000e+00 -3.459142794666547616e-02 4.080033140291978826e-03 4.080033140291974489e-03 2.885552741197042106e-03
-1.213379835124662122e+03 -5.309316825773282744e+02 4.106524068078241640e+01 0.000000000000000000e+00 0.000000000000000000e+00 -8.016170062958849485e-03 4.080033140291978826e-03 4.080033140291974489e-03 2.885412477631806027e-03
-1.572121682528028487e+03 -4.921260602703239329e+02 5.347972200361934370e+01 0.000000000000000000e+00 0.000000000000000000e+00 6.153716016733312699e-03 4.080033140291978826e-03 4.080033140291974489e-03 2.885640970203694373e-03
-1.579316312138993226e+03 -2.335018988396686552e+02 5.176364991604935994e+01 0.000000000000000000e+00 0.000000000000000000e+00 2.689605399027072963e-02 4.080033140291978826e-03 4.080033140291974489e-03 2.885620521058229315e-03
-1.188229746648671153e+03 -2.460625640192575361e+02 3.784881822047528743e+01 0.000000000000000000e+00 0.000000000000000000e+00 8.812316588532098649e-03 4.080033140291978826e-03 4.080033140291974489e-03 2.885362678309304381e-03
-1.373048971305943496e+03 2.757726370016581718e+00 4.337131587072038030e+01 0.000000000000000000e+00 0.000000000000000000e+00 5.053107150658320279e-03 4.080033140291978826e-03 4.080033140291974489e-03 2.885471963991161331e-03
-1.578523817538740332e+03 1.386032915868827899e+02 5.156414919633917293e+01 0.000000000000000000e+00 0.000000000000000000e+00 1.234545277021226184e-02 4.080033140291978826e-03 4.080033140291974489e-03 2.885630075505228077e-03
-1.198266550303063241e+03 1.475290242047738900e+02 3.785989121521895129e+01 0.000000000000000000e+00 0.000000000000000000e+00 -3.105470054579484440e-02 4.080033140291978826e-03 4.080033140291974489e-03 2.885371378658113835e-03
-1.188748518978139373e+03 4.675687506089709018e+02 4.000383801491300062e+01 0.000000000000000000e+00 0.000000000000000000e+00 -1.788371625701046241e-02 4.080033140291978826e-03 4.080033140291974489e-03 2.885414503254613971e-03
-1.551496880653146718e+03 4.729723328259507866e+02 5.309449712320210324e+01 0.000000000000000000e+00 0.000000000000000000e+00 3.317478483259606037e-02 4.080033140291978826e-03 4.080033140291974489e-03 2.885666977877056512e-03
-1.352916373144762247e+03 6.995852781901483013e+02 4.880169380059904682e+01 0.000000000000000000e+00 0.000000000000000000e+00 -5.640470434116195975e-03 4.080033140291978826e-03 4.080033140291974489e-03 2.885584351333534379e-03
-1.564605425682670557e+03 8.704395281200347654e+02 6.029175964456192105e+01 0.000000000000000000e+00 0.000000000000000000e+00 3.706988533712518574e-02 4.080033140291978826e-03 4.080033140291974489e-03 2.885809906989503064e-03
-1.196473975394616673e+03 8.611588586913761674e+02 4.663126682834635517e+01 0.000000000000000000e+00 0.000000000000000000e+00 -3.198019942998087117e-02 4.080033140291978826e-03 4.080033140291974489e-03 2.885539052710325153e-03
-1.168688213823362503e+03 1.190025832015140850e+03 5.403315454385506911e+01 0.000000000000000000e+00 0.000000000000000000e+00 4.125098278623084980e-02 4.080033140291978826e-03 4.080033140291974489e-03 2.885674791308211629e-03
-1.573342196471364559e+03 1.183610181047896049e+03 6.867602355636265088e+01 0.000000000000000000e+00 0.000000000000000000e+00 -1.928510967309193802e-02 4.080033140291978826e-03 4.080033140291974489e-03 2.885972833685712582e-03
-1.434174180616470949e+03 1.439688669422216662e+03 7.144822222065315032e+01 0.000000000000000000e+00 0.000000000000000000e+00 1.781647914853579096e-03 4.080033140291978826e-03 4.080033140291974489e-03 2.886017811726514400e-03
-1.558979534392522964e+03 1.612702835610296233e+03 8.314232563209294824e+01 0.000000000000000000e+00 0.000000000000000000e+00 -9.130995307174316622e-03 4.080033140291978826e-03 4.080033140291974489e-03 2.886250598163644411e-03
-1.219090105378767475e+03 1.647595563100028812e+03 7.177111885438577588e+01 0.000000000000000000e+00 0.000000000000000000e+00 -3.013241899446938987e-02 4.080033140291978826e-03 4.080033140291974489e-03 2.886007686467149079e-03
-1.161476836849808251e+03 1.930005697907217609e+03 8.261299829585307464e+01 0.000000000000000000e+00 0.000000000000000000e+00 8.479879305696158553e-03 4.080033140291978826e-03 4.080033140291974489e-03 2.886205492742644190e-03
-1.561578437807033424e+03 1.894613510079381285e+03 9.580258248093934981e+01 0.000000000000000000e+00 0.000000000000000000e+00 6.101665578458437267e-02 4.080033140291978826e-03 4.080033140291974489e-03 2.886494900146520989e-03
-1.356678375120256987e+03 2.140529572860826192e+03 1.002579374046851655e+02 0.000000000000000000e+00 0.000000000000000000e+00 9.767263448182461616e-03 4.080033140291978826e-03 4.080033140291974489e-03 2.886558851447479368e-03
-1.564463534423318379e+03 2.289828882662493470e+03 1.171754144017327661e+02 0.000000000000000000e+00 0.000000000000000000e+00 -7.521093246339205507e-03 4.080033140291978826e-03 4.080033140291974489e-03 2.886909735679687745e-03
-1.196913943621377484e+03 2.610091722750066765e+03 1.233718049342175931e+02 0.000000000000000000e+00 0.000000000000000000e+00 4.261801296590306265e-02 4.080033140291978826e-03 4.080033140291974489e-03 2.886982002736588910e-03
-1.562538300063971292e+03 2.662860818605959139e+03 1.411844599556963544e+02 0.000000000000000000e+00 0.000000000000000000e+00 6.062918333893208001e-02 4.080033140291978826e-03 4.080033140291974489e-03 2.887379457154135975e-03
-1.361233786897489836e+03 2.837935636816720944e+03 1.455418391677328600e+02 0.000000000000000000e+00 0.000000000000000000e+00 1.931111707921218112e-02 4.080033140291978826e-03 4.080033140291974489e-03 2.887433965089193037e-03
-1.197834681236178312e+03 3.000020546196177747e+03 1.521028676493776572e+02 0.000000000000000000e+00 0.000000000000000000e+00 2.249307242502140980e-02 4.080033140291978826e-03 4.080033140291974489e-03 2.887537190091736539e-03
-1.547419326482973474e+03 3.035598346606123869e+03 1.686405850810657512e+02 0.000000000000000000e+00 0.000000000000000000e+00 2.791987275784890699e-02 4.080033140291978826e-03 4.080033140291974489e-03 2.887920097154824967e-03
-1.940680864470273491e+03 2.314372801561334654e+03 1.370376765294830648e+02 0.000000000000000000e+00 0.000000000000000000e+00 -5.355418386017163357e-03 4.080033140291979693e-03 4.080033140291977091e-03 2.887351799298904214e-03
-2.068640351775746694e+03 2.204928867213584908e+03 1.377300980997065665e+02 0.000000000000000000e+00 0.000000000000000000e+00 1.151791067292151638e-02 4.080033140291979693e-03 4.080033140291977091e-03 2.887381598427913622e-03
-2.275787597306989483e+03 2.292750535616886282e+03 1.555486432660870832e+02 0.000000000000000000e+00 0.000000000000000000e+00 4.408772191339949131e-03 4.080033140291979693e-03 4.080033140291977091e-03 2.887772102937118720e-03
-2.246704926990973036e+03 1.918307451348297263e+03 1.329592774521665319e+02 0.000000000000000000e+00 0.000000000000000000e+00 -1.031808682611767836e-02 4.080033140291979693e-03 4.080033140291977091e-03 2.887300676581131161e-03
-1.965536427359866138e+03 1.909581717040985495e+03 1.161324576380127525e+02 0.000000000000000000e+00 0.000000000000000000e+00 -7.289246061802145960e-03 4.080033140291979693e-03 4.080033140291977091e-03 2.886934307926673597e-03
-1.973252851873131249e+03 1.623042247745483337e+03 1.035092760410956885e+02 0.000000000000000000e+00 0.000000000000000000e+00 -5.229581912288949752e-03 4.080033140291979693e-03 4.080033140291977091e-03 2.886681162340474713e-03
-2.252433334844828096e+03 1.626332454228341476e+03 1.198248027704463539e+02 0.000000000000000000e+00 0.000000000000000000e+00 1.184780717920830284e-03 4.080033140291979693e-03 4.080033140291977091e-03 2.887028432112781571e-03
-2.166467103200632209e+03 1.451122365674899584e+03 1.076392671946266972e+02 0.000000000000000000e+00 0.000000000000000000e+00 1.533554644879586704e-03 4.080033140291979693e-03 4.080033140291977091e-03 2.886773450875186175e-03
-1.986185715570005186e+03 1.208953042568256024e+03 8.921232197850643786e+01 0.000000000000000000e+00 0.000000000000000000e+00 -2.032082845468607957e-02 4.080033140291979693e-03 4.080033140291977091e-03 2.886392669695378357e-03
-2.237881172548015911e+03 1.212454562301022634e+03 1.037178911240277017e+02 0.000000000000000000e+00 0.000000000000000000e+00 -8.937020939470130543e-03 4.080033140291979693e-03 4.080033140291977091e-03 2.886691522298469922e-03
-1.975761873846376147e+03 9.119733693620626127e+02 8.063595500896889234e+01 0.000000000000000000e+00 0.000000000000000000e+00 5.519246185556880846e-03 4.080033140291979693e-03 4.080033140291977091e-03 2.886216830560033118e-03
-2.054992653849350972e+03 7.609373795358866346e+02 8.167614240376126133e+01 0.000000000000000000e+00 0.000000000000000000e+00 6.618574089003459449e-04 4.080033140291979693e-03 4.080033140291977091e-03 2.886234258514864572e-03
-2.230404884959814808e+03 8.914990641559945743e+02 9.453849372402797258e+01 0.000000000000000000e+00 0.000000000000000000e+00 -3.028990645134399529e-03 4.080033140291979693e-03 4.080033140291977091e-03 2.886496163018443910e-03
-1.936655843404841789e+03 5.273851925370094023e+02 7.151720782088995065e+01 0.000000000000000000e+00 0.000000000000000000e+00 -2.701731005919327799e-02 4.080033140291979693e-03 4.080033140291977091e-03 2.886026487154219177e-03
-2.238822230743904584e+03 5.093897310278044870e+02 8.804036172846531372e+01 0.000000000000000000e+00 0.000000000000000000e+00 -7.194854828152585924e-02 4.080033140291979693e-03 4.080033140291977091e-03 2.886349556014449619e-03
-1.933774246350316616e+03 2.224294546228706793e+02 6.833987643850548466e+01 0.000000000000000000e+00 0.000000000000000000e+00 1.130282571435259342e-02 4.080033140291979693e-03 4.080033140291977091e-03 2.885952953208675408e-03
-2.047766994893240053e+03 5.806084520480706601e+01 7.359323137607853482e+01 0.000000000000000000e+00 0.000000000000000000e+00 1.541986959892938103e-03 4.080033140291979693e-03 4.080033140291977091e-03 2.886045093745513365e-03
-2.225102227983826651e+03 1.941717624901573913e+02 8.415734082049768006e+01 0.000000000000000000e+00 0.000000000000000000e+00 4.021403536881962282e-03 4.080033140291979693e-03 4.080033140291977091e-03 2.886255530526407424e-03
-2.243059473159220488e+03 -2.109015736612718968e+02 8.477731778393841466e+01 0.000000000000000000e+00 0.000000000000000000e+00 -5.667772064506948482e-02 4.080033140291979693e-03 4.080033140291977091e-03 2.886240085081802700e-03
-1.985637717372812176e+03 -1.984699754131757743e+02 7.046424262288589091e+01 0.000000000000000000e+00 0.000000000000000000e+00 -9.342962484637951093e-03 4.080033140291979693e-03 4.080033140291977091e-03 2.885971394907764238e-03
-1.936740863264562677e+03 -5.110692016898322549e+02 7.025080753331738492e+01 0.000000000000000000e+00 0.000000000000000000e+00 7.245278802798793549e-04 4.080033140291979693e-03 4.080033140291977091e-03 2.885949002932037492e-03
-2.088709559608247218e+03 -6.358897339538087863e+02 7.974781087061458607e+01 0.000000000000000000e+00 0.000000000000000000e+00 7.974547414590915650e-04 4.080033140291979693e-03 4.080033140291977091e-03 2.886116701879025588e-03
-2.286946744289406070e+03 -5.450767781682101258e+02 8.992946577551578002e+01 0.000000000000000000e+00 0.000000000000000000e+00 -2.571051835958826359e-02 4.080033140291979693e-03 4.080033140291977091e-03 2.886312259816119392e-03
-2.245108509074663743e+03 -8.962358367543007489e+02 9.292270583306202525e+01 0.000000000000000000e+00 0.000000000000000000e+00 -1.198754590241435380e-02 4.080033140291979693e-03 4.080033140291977091e-03 2.886341470977674996e-03
-1.953507277321572928e+03 -9.072942177507211454e+02 7.723628120590186086e+01 0.000000000000000000e+00 0.000000000000000000e+00 -2.232284681338114751e-02 4.080033140291979693e-03 4.080033140291977091e-03 2.886052700590736528e-03
-1.945876385046298992e+03 -1.202965835773704157e+03 8.376766364171682255e+01 0.000000000000000000e+00 0.000000000000000000e+00 -5.401728239034753187e-02 4.080033140291979693e-03 4.080033140291977091e-03 2.886152381184057310e-03
-2.069697762253869769e+03 -1.361164322361709765e+03 9.471421498926875415e+01 0.000000000000000000e+00 0.000000000000000000e+00 -2.464561223186478855e-02 4.080033140291979693e-03 4.080033140291977091e-03 2.886340668039730998e-03
-2.255467018622048727e+03 -1.259384751428512573e+03 1.021787986955176706e+02 0.000000000000000000e+00 0.000000000000000000e+00 -2.198895556905711146e-02 4.080033140291979693e-03 4.080033140291977091e-03 2.886484505492196203e-03
-2.241604783028220027e+03 -1.615168705921669016e+03 1.127759484982092886e+02 0.000000000000000000e+00 0.000000000000000000e+00 -3.335358533814769544e-02 4.080033140291979693e-03 4.080033140291977091e-03 2.886651745783592928e-03
-1.972760332511434626e+03 -1.611097529916251688e+03 9.793929565455674435e+01 0.000000000000000000e+00 0.000000000000000000e+00 -3.946292981066790162e-02 4.080033140291979693e-03 4.080033140291977091e-03 2.886381515371800720e-03
-1.942772720315741026e+03 -1.937989598920742083e+03 1.094184836471685003e+02 0.000000000000000000e+00 0.000000000000000000e+00 -5.642996409261513691e-02 4.080033140291979693e-03 4.080033140291977091e-03 2.886565746511270559e-03
-2.040874683540234628e+03 -2.083079181984213847e+03 1.210342932843536374e+02 0.000000000000000000e+00 0.000000000000000000e+00 4.086715806352003710e-03 4.080033140291979693e-03 4.080033140291977091e-03 2.886766141178777247e-03
-2.215311137767320815e+03 -1.953681802484818036e+03 1.248069184931200795e+02 0.000000000000000000e+00 0.000000000000000000e+00 3.838750182349315310e-02 4.080033140291979693e-03 4.080033140291977091e-03 2.886845842699391467e-03
-1.920682970964499418e+03 -2.314942942990043321e+03 1.263435201449162975e+02 0.000000000000000000e+00 0.000000000000000000e+00 -5.872761635251322332e-02 4.080033140291979693e-03 4.080033140291977091e-03 2.886843506867890156e-03
-2.230870042076880964e+03 -2.325074769832265702e+03 1.436379408004336824e+02 0.000000000000000000e+00 0.000000000000000000e+00 -2.654980046642663183e-02 4.080033140291979693e-03 4.080033140291977091e-03 2.887161691947354083e-03
-2.672833297031294023e+03 -1.606912889293713306e+03 1.402261932646334515e+02 0.000000000000000000e+00 0.000000000000000000e+00 -5.566107035886602716e-02 4.080033140291979693e-03 4.080033140291977091e-03 2.887158949216988343e-03
-2.898321033974640613e+03 -1.640081540312096877e+03 1.580489453874204173e+02 0.000000000000000000e+00 0.000000000000000000e+00 1.539362266382227062e-02 4.080033140291979693e-03 4.080033140291977091e-03 2.887488940055045646e-03
-2.811458895248430508e+03 -1.364406425058212335e+03 1.422151341084776561e+02 0.000000000000000000e+00 0.000000000000000000e+00 1.628750336271878041e-02 4.080033140291979693e-03 4.080033140291977091e-03 2.887216997465766842e-03
-2.903848271041414137e+03 -1.221038394918538643e+03 1.451030792520724049e+02 0.000000000000000000e+00 0.000000000000000000e+00 -9.578988334368432334e-03 4.080033140291979693e-03 4.080033140291977091e-03 2.887284233463891826e-03
-2.658463092545584914e+03 -1.234766204567127488e+03 1.274278356636856131e+02 0.000000000000000000e+00 0.000000000000000000e+00 -7.207724150859462497e-03 4.080033140291979693e-03 4.080033140291977091e-03 2.886952774298716645e-03
-2.662572454616777122e+03 -9.230065194306511103e+02 1.203236771010430317e+02 0.000000000000000000e+00 0.000000000000000000e+00 -3.656241882956123845e-02 4.080033140291979693e-03 4.080033140291977091e-03 2.886847902440086312e-03
-2.928604174951334244e+03 -9.208156044208112689e+02 1.399835192349115403e+02 0.000000000000000000e+00 0.000000000000000000e+00 -2.641065752800386690e-02 4.080033140291979693e-03 4.080033140291977091e-03 2.887217205415677605e-03
-2.789847484596649792e+03 -7.108341469748938835e+02 1.257773990894115173e+02 0.000000000000000000e+00 0.000000000000000000e+00 -2.860443033097226362e-02 4.080033140291979693e-03 4.080033140291977091e-03 2.886970186859191736e-03
-2.925029829831908501e+03 -5.044964987899866173e+02 1.334691711827906033e+02 0.000000000000000000e+00 0.000000000000000000e+00 4.180501129960134676e-02 4.080033140291979693e-03 4.080033140291977091e-03 2.887137248384660185e-03
-2.655473120798782020e+03 -5.166723141834805801e+02 1.135994280059373409e+02 0.000000000000000000e+00 0.000000000000000000e+00 2.064353389715734011e-02 4.080033140291979693e-03 4.080033140291977091e-03 2.886758958222287660e-03
-2.665673127485564692e+03 -2.120369930839272001e+02 1.122044575796540471e+02 0.000000000000000000e+00 0.000000000000000000e+00 1.394537984417354437e-02 4.080033140291979693e-03 4.080033140291977091e-03 2.886761147035371133e-03
-2.893759303820434980e+03 -2.018411219084840127e+02 1.290885723272610335e+02 0.000000000000000000e+00 0.000000000000000000e+00 -2.557676532148889237e-03 4.080033140291979693e-03 4.080033140291977091e-03 2.887086199680776767e-03
-2.823265393154144022e+03 3.456767106310100957e+01 1.236860220538276423e+02 0.000000000000000000e+00 0.000000000000000000e+00 -1.567401205122109786e-02 4.080033140291979693e-03 4.080033140291977091e-03 2.887006999901410922e-03
-2.908967803168542559e+03 1.852894902365746930e+02 1.309973560726072037e+02 0.000000000000000000e+00 0.000000000000000000e+00 -1.762608316616365300e-02 4.080033140291979693e-03 4.080033140291977091e-03 2.887165964889535155e-03
-2.655964362928632909e+03 1.898421434728934969e+02 1.121190389116303123e+02 0.000000000000000000e+00 0.000000000000000000e+00 -3.071528522042399345e-03 4.080033140291979693e-03 4.080033140291977091e-03 2.886797164511466923e-03
-2.667697166886531704e+03 5.177360866570056714e+02 1.163616256376243143e+02 0.000000000000000000e+00 0.000000000000000000e+00 4.003929567289787883e-03 4.080033140291979693e-03 4.080033140291977091e-03 2.886909807630099519e-03
-2.938724913561405629e+03 4.943315569377821248e+02 1.365751062544327397e+02 0.000000000000000000e+00 0.000000000000000000e+00 2.627530892129925633e-02 4.080033140291979693e-03 4.080033140291977091e-03 2.887310388942436554e-03
-2.785026622731893440e+03 7.046050816558608858e+02 1.281672684784183218e+02 0.000000000000000000e+00 0.000000000000000000e+00 5.115266622840408672e-02 4.080033140291979693e-03 4.080033140291977091e-03 2.887162502240506971e-03
-2.940671717177228857e+03 8.974508922613346158e+02 1.445456465551301051e+02 0.000000000000000000e+00 0.000000000000000000e+00 3.694798326569070923e-02 4.080033140291979693e-03 4.080033140291977091e-03 2.887513591184655889e-03
-2.690658454686802543e+03 9.084243789399849902e+02 1.255895460991345089e+02 0.000000000000000000e+00 0.000000000000000000e+00 1.126601849914266040e-02 4.080033140291979693e-03 4.080033140291977091e-03 2.887126815464006058e-03
-2.677230861995560190e+03 1.223396578677879234e+03 1.335386954083959949e+02 0.000000000000000000e+00 0.000000000000000000e+00 1.697235932908824907e-03 4.080033140291979693e-03 4.080033140291977091e-03 2.887310786451009921e-03
-2.907414667342720804e+03 1.222569035126394283e+03 1.512011243936211997e+02 0.000000000000000000e+00 0.000000000000000000e+00 2.390762272733581995e-02 4.080033140291979693e-03 4.080033140291977091e-03 2.887680065585280804e-03
-2.814337377282284706e+03 1.411438789467887318e+03 1.505070409485561811e+02 0.000000000000000000e+00 0.000000000000000000e+00 1.469666565756710952e-02 4.080033140291979693e-03 4.080033140291977091e-03 2.887677784803445707e-03
-2.661049442701148109e+03 1.584437747411802548e+03 1.457755778780518199e+02 0.000000000000000000e+00 0.000000000000000000e+00 7.050517826101554419e-02 4.080033140291979693e-03 4.080033140291977091e-03 2.887583487522367952e-03
-2.960374360072078161e+03 1.632689754263014947e+03 1.712755953429227702e+02 0.000000000000000000e+00 0.000000000000000000e+00 -1.786633696247008629e-02 4.080033140291979693e-03 4.080033140291977091e-03 2.888134634263786124e-03
