# x y z x_res y_res z_res x_res_err y_res_err z_res_err
-1.268039772670069354e+01 1.573799717931260830e+03 -1.559794370877180469e+01 0.000000000000000000e+00 0.000000000000000000e+00 -9.810572605749356967e-03 1.000741216920233989e-02 1.017427523063735642e-02 7.701820396489900654e-03
-1.966537064415760483e+02 1.739888641385406800e+03 -1.931836645136793607e+01 0.000000000000000000e+00 0.000000000000000000e+00 1.695877885877195013e-02 1.000741216920233989e-02 1.017427523063735642e-02 7.701899075610147381e-03
1.778519053878865179e+02 1.744885258431521834e+03 -1.937132690291318582e+01 0.000000000000000000e+00 0.000000000000000000e+00 -9.216833880373087595e-03 1.000741216920233989e-02 1.017427523063735642e-02 7.701899988873450904e-03
1.775206845987919451e+02 1.324824149674959472e+03 -1.133891930446905327e+01 0.000000000000000000e+00 0.000000000000000000e+00 1.411831684643161111e-02 1.000741216920233989e-02 1.017427523063735642e-02 7.701732001837500834e-03
-1.967484581512156865e+02 1.323540066966260838e+03 -1.137428392743427352e+01 0.000000000000000000e+00 0.000000000000000000e+00 2.409645409706051566e-02 1.000741216920233989e-02 1.017427523063735642e-02 7.701732959919752389e-03
-6.834967880836054519e+02 1.574361080104032681e+03 -1.926434779622898930e+01 0.000000000000000000e+00 0.000000000000000000e+00 2.018773126657436023e-04 1.016125236846276633e-02 1.157179264272241957e-02 8.625858187943376276e-03
-8.658723295849654278e+02 1.738362757626759048e+03 -2.482836394227785348e+01 0.000000000000000000e+00 0.000000000000000000e+00 9.488643813611474798e-03 1.016125236846276633e-02 1.157179264272241957e-02 8.625986901820948197e-03
-4.912568995449609019e+02 1.324090566420571122e+03 -1.297772330906912330e+01 0.000000000000000000e+00 0.000000000000000000e+00 1.889976805160031859e-02 1.000741216920233989e-02 1.017427523063735642e-02 7.701772689811441433e-03
-8.658284489259365273e+02 1.319888689395845176e+03 -1.690120655495061897e+01 0.000000000000000000e+00 0.000000000000000000e+00 1.537156163688635502e-02 1.015722370765243139e-02 1.050492075912433376e-02 8.443944558297071870e-03
-4.929965360400933037e+02 1.742098729450038263e+03 -2.096104930272165490e+01 0.000000000000000000e+00 0.000000000000000000e+00 1.335721481827079060e-02 1.001150111484749687e-02 1.127248425500981636e-02 7.900927809789513520e-03
-1.162194373127584413e+03 1.745690702801782663e+03 -2.965472019654763614e+01 0.000000000000000000e+00 0.000000000000000000e+00 -9.331443677272233117e-03 1.141688977017251208e-02 1.158283042213746443e-02 8.698074328544481634e-03
-1.534089171984911673e+03 1.320318049707409045e+03 -2.943891446071379292e+01 0.000000000000000000e+00 0.000000000000000000e+00 2.058187442575132309e-03 1.141688977017251208e-02 1.158283042213746443e-02 8.698110585381215940e-03
-1.352975220013998296e+03 1.574463844928827484e+03 -2.988974282944252892e+01 0.000000000000000000e+00 0.000000000000000000e+00 -1.797840277912499118e-02 1.141688977017251208e-02 1.158283042213746443e-02 8.698098277340459220e-03
-1.159704833243035409e+03 1.325247832101641279e+03 -2.165176361815445460e+01 0.000000000000000000e+00 0.000000000000000000e+00 5.327656937360814027e-03 1.141688977017251208e-02 1.158283042213746443e-02 8.697888967929433626e-03
-1.535074465945068823e+03 1.738605237711239852e+03 -3.728719259809254538e+01 0.000000000000000000e+00 0.000000000000000000e+00 -3.710370580620292458e-02 1.141688977017251208e-02 1.158283042213746443e-02 8.698287137180165524e-03
1.809239932556077974e+02 9.961671953334330283e+02 -6.557023279835236806e+00 0.000000000000000000e+00 0.000000000000000000e+00 2.572351390072746824e-02 1.000741216920233989e-02 1.017427523063735642e-02 7.701631189391266140e-03
-8.880064140852374166e+00 8.254562416202055601e+02 -4.334076588981812250e+00 0.000000000000000000e+00 0.000000000000000000e+00 1.729203792733891021e-03 1.000741216920233989e-02 1.017427523063735642e-02 7.701582978608715116e-03
-1.947402415722254432e+02 9.896895468688931032e+02 -6.517019982004409684e+00 0.000000000000000000e+00 0.000000000000000000e+00 1.767285311387478686e-02 1.000741216920233989e-02 1.017427523063735642e-02 7.701630508635209579e-03
1.823058023214078958e+02 5.770480223637696326e+02 -2.388683274758849340e+00 0.000000000000000000e+00 0.000000000000000000e+00 -9.611719313973310364e-05 1.015722370765243139e-02 1.050492075912433376e-02 8.443630822900451485e-03
-1.935015972214720250e+02 5.731946921807307262e+02 -2.394038712037198202e+00 0.000000000000000000e+00 0.000000000000000000e+00 1.221253024539015186e-02 1.015722370765243139e-02 1.050492075912433376e-02 8.443631045698434673e-03
-2.010245249257660589e+02 2.069916409715292048e+03 -2.709393457477582601e+01 0.000000000000000000e+00 0.000000000000000000e+00 2.205689972686997180e-03 1.141688977017251208e-02 1.158283042213746443e-02 8.697971563632873535e-03
1.731901683974718935e+02 2.072293451291375732e+03 -2.707372116425966979e+01 0.000000000000000000e+00 0.000000000000000000e+00 2.111489959965950902e-02 1.016125236846276633e-02 1.157179264272241957e-02 8.626051342775048827e-03
-1.598823384776333434e+01 2.321476110653433352e+03 -3.355398140639589855e+01 0.000000000000000000e+00 0.000000000000000000e+00 -3.326188696760823404e-03 1.142095190599288351e-02 1.268287777701762598e-02 8.898163578002136337e-03
1.727265788431955116e+02 2.492903175260437820e+03 -3.881174548141819969e+01 0.000000000000000000e+00 0.000000000000000000e+00 8.077613188660848209e-03 1.142095190599288351e-02 1.268287777701762598e-02 8.898307925196911536e-03
-2.014908956911706923e+02 2.487201344207015154e+03 -3.872170761466506406e+01 0.000000000000000000e+00 0.000000000000000000e+00 -6.561637338997172719e-03 1.142095190599288351e-02 1.268287777701762598e-02 8.898305302638704478e-03
-4.966370082115120113e+02 2.069913705068346644e+03 -2.869198082654385118e+01 0.000000000000000000e+00 0.000000000000000000e+00 -2.143389153097530198e-04 1.141688977017251208e-02 1.158283042213746443e-02 8.698015335884322005e-03
-8.701633503712575930e+02 2.067647286816422820e+03 -3.258392285332278249e+01 0.000000000000000000e+00 0.000000000000000000e+00 4.318284274198447292e-03 1.141688977017251208e-02 1.158283042213746443e-02 8.698122057232481746e-03
-6.874126965673849554e+02 2.320114031190457808e+03 -3.715221815591872456e+01 0.000000000000000000e+00 0.000000000000000000e+00 4.522118312166867327e-04 1.142095190599288351e-02 1.268287777701762598e-02 8.898256977321276212e-03
-8.689953243457207464e+02 2.484538598617235039e+03 -4.411763292677412096e+01 0.000000000000000000e+00 0.000000000000000000e+00 -1.595465083381242266e-02 1.142095190599288351e-02 1.268287777701762598e-02 8.898443424097294413e-03
-4.961009749647031413e+02 2.488819099111760352e+03 -4.034749193329240313e+01 0.000000000000000000e+00 0.000000000000000000e+00 2.149419253015594222e-03 1.142095190599288351e-02 1.268287777701762598e-02 8.898347062179503761e-03
-4.861566444706546690e+02 9.936891545272656003e+02 -8.137277522234475313e+00 0.000000000000000000e+00 0.000000000000000000e+00 1.149088665013842103e-02 1.000741216920233989e-02 1.017427523063735642e-02 7.701671122241205217e-03
-8.610485813954106789e+02 9.867103592018069094e+02 -1.204038472012571326e+01 0.000000000000000000e+00 0.000000000000000000e+00 2.144707734663242604e-02 1.000741216920233989e-02 1.017427523063735642e-02 7.701769692083560402e-03
-8.612851306301928389e+02 5.719545846588979430e+02 -7.986425026981663677e+00 0.000000000000000000e+00 0.000000000000000000e+00 3.314770167096803277e-03 1.000741216920233989e-02 1.017427523063735642e-02 7.701686056602136295e-03
-6.765768755071082978e+02 8.224687963975325147e+02 -7.932776428165266402e+00 0.000000000000000000e+00 0.000000000000000000e+00 -1.756583167520808786e-03 1.000741216920233989e-02 1.017427523063735642e-02 7.701674384361128362e-03
-4.857762233363673658e+02 5.726711228716286541e+02 -3.971156974945550644e+00 0.000000000000000000e+00 0.000000000000000000e+00 -1.521554874270192315e-02 1.015722370765243139e-02 1.050492075912433376e-02 8.443669006947093075e-03
-1.158195897463166375e+03 9.890819547788158843e+02 -1.679632875221306065e+01 0.000000000000000000e+00 0.000000000000000000e+00 5.695946173606358798e-03 1.000741216920233989e-02 1.017427523063735642e-02 7.701888943097797390e-03
-1.348105166792046930e+03 8.173997216467635099e+02 -1.861359541624016956e+01 0.000000000000000000e+00 0.000000000000000000e+00 -3.112612202508913128e-02 1.000741216920233989e-02 1.017427523063735642e-02 7.701944509711625836e-03
-1.533233139966047020e+03 9.821393421710733946e+02 -2.463034071020675597e+01 0.000000000000000000e+00 0.000000000000000000e+00 -4.183244792148599345e-03 1.141688977017251208e-02 1.158283042213746443e-02 8.698002658706528376e-03
-1.532449749075500449e+03 5.675530759097914597e+02 -2.065317968207556731e+01 0.000000000000000000e+00 0.000000000000000000e+00 -5.891391553767277856e-03 1.141330433204933853e-02 1.051707829091852800e-02 8.517639173794864377e-03
-1.156975851809625738e+03 5.679855626872986250e+02 -1.268763479270654138e+01 0.000000000000000000e+00 0.000000000000000000e+00 -5.169043991756439027e-03 1.015722370765243139e-02 1.050492075912433376e-02 8.443878264567442754e-03
4.731297665908940075e+02 1.326527033436801048e+03 -1.288059586607707097e+01 0.000000000000000000e+00 0.000000000000000000e+00 4.612673217448204355e-02 1.015722370765243139e-02 1.050492075912433376e-02 8.443850749141092182e-03
8.478170037528019520e+02 1.327223013029178219e+03 -1.677986831563844561e+01 0.000000000000000000e+00 0.000000000000000000e+00 5.164516106777838900e-02 1.016125236846276633e-02 1.157179264272241957e-02 8.625796017767795726e-03
8.479542322378415520e+02 1.748512491056113731e+03 -2.480764927234989159e+01 0.000000000000000000e+00 0.000000000000000000e+00 -4.042469686194039014e-03 1.141688977017251208e-02 1.158283042213746443e-02 8.697939043598740955e-03
6.576972015558069415e+02 1.577627576298149506e+03 -1.905767348310763154e+01 0.000000000000000000e+00 0.000000000000000000e+00 8.333624501855041444e-03 1.016125236846276633e-02 1.157179264272241957e-02 8.625853688334706240e-03
4.723924347075079027e+02 1.743970658751799192e+03 -2.084628099586550576e+01 0.000000000000000000e+00 0.000000000000000000e+00 3.058738716110909195e-02 1.016125236846276633e-02 1.157179264272241957e-02 8.625899385029322033e-03
4.772134533113604107e+02 9.951987727802904828e+02 -8.088021391571743379e+00 0.000000000000000000e+00 0.000000000000000000e+00 1.213615331461070923e-02 1.000741216920233989e-02 1.017427523063735642e-02 7.701669803353483092e-03
8.525091394773168076e+02 1.000446640557155206e+03 -1.209580185636754024e+01 0.000000000000000000e+00 0.000000000000000000e+00 3.111891618395645764e-03 1.015722370765243139e-02 1.050492075912433376e-02 8.443847581706992456e-03
6.624330428607530621e+02 8.293378777220824531e+02 -7.854183355075132766e+00 0.000000000000000000e+00 0.000000000000000000e+00 -4.446706857534898916e-03 1.141330433204933853e-02 1.051707829091852800e-02 8.517232313314906586e-03
4.773053323602374007e+02 5.795513998527476360e+02 -3.956462343937974691e+00 0.000000000000000000e+00 0.000000000000000000e+00 8.525410265157518097e-03 1.141330433204933853e-02 1.051707829091852800e-02 8.517137016285229387e-03
8.517549766849604111e+02 5.801308208436553286e+02 -7.916101646741050324e+00 0.000000000000000000e+00 0.000000000000000000e+00 6.354950066651099405e-03 1.141330433204933853e-02 1.051707829091852800e-02 8.517256282135591758e-03
-1.158336899799759067e+03 2.072800596635279817e+03 -3.722421409925598113e+01 0.000000000000000000e+00 0.000000000000000000e+00 -1.330577684254308224e-02 1.141688977017251208e-02 1.158283042213746443e-02 8.698248257066654859e-03
-1.538283233835783449e+03 2.483777407498643697e+03 -5.637501192254127602e+01 0.000000000000000000e+00 0.000000000000000000e+00 -4.581049282748494988e-03 1.142095190599288351e-02 1.268287777701762598e-02 8.898756623114973535e-03
-1.534640439842939941e+03 2.067903291057709794e+03 -4.488916774665045040e+01 0.000000000000000000e+00 0.000000000000000000e+00 -3.391219264378264597e-02 1.141688977017251208e-02 1.158283042213746443e-02 8.698457651388276368e-03
-1.351544680305572001e+03 2.318878788726532548e+03 -4.750008422398845909e+01 0.000000000000000000e+00 0.000000000000000000e+00 -1.260131615882187361e-02 1.142095190599288351e-02 1.268287777701762598e-02 8.898525120236849134e-03
-1.162271273076962416e+03 2.492680626582905461e+03 -4.891357755635456783e+01 0.000000000000000000e+00 0.000000000000000000e+00 -1.098713150651065007e-02 1.142095190599288351e-02 1.268287777701762598e-02 8.898566417649255572e-03
-2.205965729117637238e+03 1.317589530816340584e+03 -4.882230817918211585e+01 0.000000000000000000e+00 0.000000000000000000e+00 -6.240722115443020357e-03 1.141688977017251208e-02 1.158283042213746443e-02 8.698657644579350229e-03
-1.831209159521352603e+03 1.319928824734596446e+03 -3.719324822259316221e+01 0.000000000000000000e+00 0.000000000000000000e+00 -4.112121272666513505e-02 1.141688977017251208e-02 1.158283042213746443e-02 8.698330018998261942e-03
-1.834587175419591631e+03 1.740019637055325347e+03 -4.508881275692513668e+01 0.000000000000000000e+00 0.000000000000000000e+00 -1.188416362957411820e-02 1.141688977017251208e-02 1.158283042213746443e-02 8.698502989070499430e-03
-2.206311290437994558e+03 1.733198093916123071e+03 -5.644023829554404870e+01 0.000000000000000000e+00 0.000000000000000000e+00 -1.205908856298520959e-02 1.141688977017251208e-02 1.158283042213746443e-02 8.698816781757571712e-03
-2.024621521809990099e+03 1.569497486198129081e+03 -4.731136887147197712e+01 0.000000000000000000e+00 0.000000000000000000e+00 -2.010616295291356437e-02 1.141688977017251208e-02 1.158283042213746443e-02 8.698585390164634973e-03
-1.821800681617463397e+03 2.355542921555215798e+02 -2.666867162037215877e+01 0.000000000000000000e+00 0.000000000000000000e+00 1.181341482730857706e-03 1.141330433204933853e-02 1.051707829091852800e-02 8.517840838747302995e-03
-2.011530772427553529e+03 6.519645973529804905e+01 -3.208994940992335643e+01 0.000000000000000000e+00 0.000000000000000000e+00 8.159666758871253478e-04 1.141330433204933853e-02 1.051707829091852800e-02 8.518009384562263975e-03
-1.821307900737389446e+03 -1.831938759663341614e+02 -2.660214569282383223e+01 0.000000000000000000e+00 0.000000000000000000e+00 1.726968264137695996e-02 1.141330433204933853e-02 1.051707829091852800e-02 8.517846382432888233e-03
-2.196499321754864013e+03 2.301096922923554473e+02 -3.843030873356014609e+01 0.000000000000000000e+00 0.000000000000000000e+00 2.039670228668910568e-03 1.141688977017251208e-02 1.158283042213746443e-02 8.698449338080695842e-03
-2.195102912917768663e+03 -1.857063116239513647e+02 -3.838284048407080462e+01 0.000000000000000000e+00 0.000000000000000000e+00 9.841168707019676276e-03 1.156380848049215655e-02 1.190814234547984095e-02 9.436859511835607450e-03
1.147539762308871332e+03 9.979834671731919116e+02 -1.671313385866095302e+01 0.000000000000000000e+00 0.000000000000000000e+00 2.227527440421539495e-03 1.015722370765243139e-02 1.050492075912433376e-02 8.443956483737460536e-03
1.332362400423673080e+03 8.337654641573886920e+02 -1.844923831711041373e+01 0.000000000000000000e+00 0.000000000000000000e+00 2.909642562837433388e-03 1.141688977017251208e-02 1.158283042213746443e-02 8.697834637335002256e-03
1.522778564441886601e+03 1.005632671635520751e+03 -2.466805189384884045e+01 0.000000000000000000e+00 0.000000000000000000e+00 1.720433978805147035e-02 1.141688977017251208e-02 1.158283042213746443e-02 8.698001898346073221e-03
1.524326949439621558e+03 5.838239805034733081e+02 -2.057304076334358101e+01 0.000000000000000000e+00 0.000000000000000000e+00 8.706304375749596147e-05 1.141330433204933853e-02 1.051707829091852800e-02 8.517635406663339251e-03
1.149211088775599592e+03 5.832040276854506828e+02 -1.265524041641683972e+01 0.000000000000000000e+00 0.000000000000000000e+00 2.822641252347324325e-03 1.156026860956131316e-02 1.087431971709158958e-02 9.270215733927224602e-03
1.326599759638557771e+03 1.581642201631475245e+03 -2.947992109272535544e+01 0.000000000000000000e+00 0.000000000000000000e+00 -2.293860746062392764e-02 1.141688977017251208e-02 1.158283042213746443e-02 8.698086062615710198e-03
1.142518239086746917e+03 1.328945563560148457e+03 -2.140305022656651346e+01 0.000000000000000000e+00 0.000000000000000000e+00 1.069691718542742365e-02 1.141688977017251208e-02 1.158283042213746443e-02 8.697881571675092002e-03
1.141107916803683793e+03 1.746552076248908634e+03 -2.929636949572723026e+01 0.000000000000000000e+00 0.000000000000000000e+00 2.170577138823048813e-02 1.141688977017251208e-02 1.158283042213746443e-02 8.698064269174757279e-03
1.515918588158460352e+03 1.753516400490049818e+03 -3.715332806960142165e+01 0.000000000000000000e+00 0.000000000000000000e+00 -9.992667494316265220e-03 1.142095190599288351e-02 1.268287777701762598e-02 8.898249046706184495e-03
1.517698236596287188e+03 1.331104185040485390e+03 -2.922520254968338449e+01 0.000000000000000000e+00 0.000000000000000000e+00 -4.489154928563721114e-03 1.141688977017251208e-02 1.158283042213746443e-02 8.698103499528132831e-03
4.692107231208142935e+02 2.075912583858575545e+03 -2.863951609114007013e+01 0.000000000000000000e+00 0.000000000000000000e+00 -4.532987328499160640e-02 1.141688977017251208e-02 1.158283042213746443e-02 8.698013319024196915e-03
4.684802227259420988e+02 2.491109724326936885e+03 -4.021244664459901230e+01 0.000000000000000000e+00 0.000000000000000000e+00 -7.573570627514669695e-02 1.142095190599288351e-02 1.268287777701762598e-02 8.898343721703481229e-03
8.444040476012014551e+02 2.077321902247921571e+03 -3.248804284465624193e+01 0.000000000000000000e+00 0.000000000000000000e+00 -8.049495008422979936e-02 1.142095190599288351e-02 1.268287777701762598e-02 8.898127200149404462e-03
8.436939132377781334e+02 2.497581361113035200e+03 -4.417948843749454824e+01 0.000000000000000000e+00 0.000000000000000000e+00 -8.934741508160470858e-02 1.142549023106555206e-02 1.380902676272420006e-02 9.116844113031456406e-03
1.817233246280435651e+03 1.000514709397391243e+03 -3.227959878004838856e+01 0.000000000000000000e+00 0.000000000000000000e+00 -1.992387883728952147e-02 1.141688977017251208e-02 1.158283042213746443e-02 8.698220754435905672e-03
1.817531872541628218e+03 5.858454852979783709e+02 -2.827742959891125452e+01 0.000000000000000000e+00 0.000000000000000000e+00 1.687517916312941679e-03 1.141688977017251208e-02 1.158283042213746443e-02 8.698135764124965627e-03
2.191751543391234009e+03 5.866834948441193092e+02 -3.997787197759713962e+01 0.000000000000000000e+00 0.000000000000000000e+00 -6.323699654615211330e-03 1.156781902470102250e-02 1.298065030108216771e-02 9.621433660724945658e-03
2.001830044816402278e+03 8.359697368894262581e+02 -3.592526617197008676e+01 0.000000000000000000e+00 0.000000000000000000e+00 1.177498384565467404e-02 1.141688977017251208e-02 1.158283042213746443e-02 8.698339130522701398e-03
2.191491260378619245e+03 1.008351445183423380e+03 -4.400504844411834426e+01 0.000000000000000000e+00 0.000000000000000000e+00 -1.623157675331299288e-02 1.283062820786952385e-02 1.409328797822764420e-02 9.895545637862664112e-03
2.486215011389893789e+03 5.883669694588118091e+02 -5.064008886674336196e+01 0.000000000000000000e+00 0.000000000000000000e+00 3.478192934745294451e-02 1.282658706076582333e-02 1.299180259280405605e-02 9.695116528352205887e-03
2.861126681025051312e+03 5.889140062609661754e+02 -6.599504795354904729e+01 0.000000000000000000e+00 0.000000000000000000e+00 -8.813423884745930081e-03 1.552368445749936765e-02 1.777899093131145997e-02 1.141725766042067831e-02
2.859749126574491584e+03 1.009727908928764009e+03 -6.984054459766359457e+01 0.000000000000000000e+00 0.000000000000000000e+00 -2.972931183070670613e-02 1.552842942421853341e-02 1.893377836552665242e-02 1.165948030936532140e-02
2.671005435758429485e+03 8.399992957162493212e+02 -6.006015344478827700e+01 0.000000000000000000e+00 0.000000000000000000e+00 -1.087074813861477196e-02 1.411327767812633853e-02 1.637172464758196791e-02 1.042217363525241997e-02
2.486454014961766461e+03 1.005059392847247864e+03 -5.457810914619142295e+01 0.000000000000000000e+00 0.000000000000000000e+00 -1.112185453165182025e-02 1.424486927968686596e-02 1.662767786896163572e-02 1.110938797485200302e-02
-1.825821491065885994e+03 9.867050208688634712e+02 -3.235567406501603216e+01 0.000000000000000000e+00 0.000000000000000000e+00 -4.589904600749150632e-03 1.141688977017251208e-02 1.158283042213746443e-02 8.698224121397406944e-03
-1.826263238758181387e+03 5.656400197257956961e+02 -2.838518760992677770e+01 0.000000000000000000e+00 0.000000000000000000e+00 1.819760429181016548e-02 1.141330433204933853e-02 1.051707829091852800e-02 8.517869720200769643e-03
-2.016749454758806678e+03 8.180148350989220489e+02 -3.621144800844139411e+01 0.000000000000000000e+00 0.000000000000000000e+00 -8.793890742659016269e-03 1.141688977017251208e-02 1.158283042213746443e-02 8.698348802790661916e-03
-2.199012363039786578e+03 5.645114072549837374e+02 -4.007331733419705699e+01 0.000000000000000000e+00 0.000000000000000000e+00 4.626070334481369173e-04 1.141688977017251208e-02 1.158283042213746443e-02 8.698478816320215357e-03
-2.199642764021331914e+03 9.839449925471276401e+02 -4.398887552849323868e+01 0.000000000000000000e+00 0.000000000000000000e+00 2.448750164162305509e-02 1.141688977017251208e-02 1.158283042213746443e-02 8.698556571429864881e-03
1.848439550186282645e+02 2.493268428362179066e+02 -6.711897731217557617e-01 0.000000000000000000e+00 0.000000000000000000e+00 9.591436921927987136e-03 1.141019604100305430e-02 9.497174015185653670e-03 8.357665996921809226e-03
-1.910056368425303503e+02 2.419226210657939191e+02 -6.664828465901153631e-01 0.000000000000000000e+00 0.000000000000000000e+00 -5.575791253562112360e-03 1.141019604100305430e-02 9.497174015185653670e-03 8.357666173514591290e-03
-4.234959355860944186e+00 7.725828799473083563e+01 -3.841055501256177701e-02 0.000000000000000000e+00 0.000000000000000000e+00 -1.684442259459226904e-02 1.141019604100305430e-02 9.497174015185653670e-03 8.357651301217359011e-03
1.872689035569341627e+02 -1.720759010756748921e+02 -4.718285921415358852e-01 0.000000000000000000e+00 0.000000000000000000e+00 -3.753340869430243920e-03 1.015373090865826118e-02 9.483709118951780606e-03 8.282789850551263572e-03
-1.880825053067320027e+02 -1.734946739879109714e+02 -4.774355003425799215e-01 0.000000000000000000e+00 0.000000000000000000e+00 -1.111598823329212893e-02 1.141019604100305430e-02 9.497174015185653670e-03 8.357662882529403800e-03
4.791288382908989547e+02 2.430844891687373206e+02 -2.213692471188047683e+00 0.000000000000000000e+00 0.000000000000000000e+00 9.078764038915387857e-03 1.141330433204933853e-02 1.051707829091852800e-02 8.517101691170392633e-03
6.649131808321297967e+02 7.761598557789335473e+01 -3.577219748428456469e+00 0.000000000000000000e+00 0.000000000000000000e+00 -3.408316154882573557e-03 1.141019604100305430e-02 9.497174015185653670e-03 8.357761520399898530e-03
4.810068977990521830e+02 -1.735103247138469840e+02 -2.050138189482776596e+00 0.000000000000000000e+00 0.000000000000000000e+00 5.515909795544615690e-03 1.015373090865826118e-02 9.483709118951780606e-03 8.282829311002442782e-03
8.560601113131393731e+02 -1.725209798169590556e+02 -6.063780667782809886e+00 0.000000000000000000e+00 0.000000000000000000e+00 -6.352149111484628463e-03 1.015373090865826118e-02 9.483709118951780606e-03 8.282929532624078162e-03
8.549603480614007367e+02 2.505935695207603828e+02 -6.237781261280697542e+00 0.000000000000000000e+00 0.000000000000000000e+00 5.906264889659063044e-03 1.141330433204933853e-02 1.051707829091852800e-02 8.517223828936583419e-03
1.149819465148106246e+03 -1.701468197044760586e+02 -1.076244214235365426e+01 0.000000000000000000e+00 0.000000000000000000e+00 -1.128582364311903063e-02 1.015722370765243139e-02 1.050492075912433376e-02 8.443843125130006538e-03
1.334281451598971216e+03 8.227674801805139282e+01 -1.423917996026260724e+01 0.000000000000000000e+00 0.000000000000000000e+00 -5.317785422906950998e-03 1.156026860956131316e-02 1.087431971709158958e-02 9.270282678034655680e-03
1.148955404682252720e+03 2.476152010703487178e+02 -1.091525714019675952e+01 0.000000000000000000e+00 0.000000000000000000e+00 -2.953191924440545790e-03 1.156026860956131316e-02 1.087431971709158958e-02 9.270183547018903680e-03
1.525126362698742014e+03 -1.673834218640527070e+02 -1.873374349587039234e+01 0.000000000000000000e+00 0.000000000000000000e+00 1.091530361146553219e-02 1.141330433204933853e-02 1.051707829091852800e-02 8.517608500982244701e-03
1.523805731922562472e+03 2.530609006418212346e+02 -1.886691645002918705e+01 0.000000000000000000e+00 0.000000000000000000e+00 -6.134199134606888038e-03 1.141330433204933853e-02 1.051707829091852800e-02 8.517605687852050633e-03
1.154548941747983463e+03 -5.022580815845686288e+02 -1.230570122588708060e+01 0.000000000000000000e+00 0.000000000000000000e+00 -7.505273145152813186e-03 1.015373090865826118e-02 9.483709118951780606e-03 8.283075315633459459e-03
1.530495358177787921e+03 -9.166035904896164084e+02 -2.414040285326736424e+01 0.000000000000000000e+00 0.000000000000000000e+00 -1.355548971648090628e-02 1.015373090865826118e-02 9.483709118951780606e-03 8.283341899507518438e-03
1.339987705503755251e+03 -6.678993506543808962e+02 -1.724897816384089566e+01 0.000000000000000000e+00 0.000000000000000000e+00 -4.694665888917981533e-02 1.015373090865826118e-02 9.483709118951780606e-03 8.283189466300995910e-03
1.529453545886436586e+03 -4.970381188690396357e+02 -2.027855442162028510e+01 0.000000000000000000e+00 0.000000000000000000e+00 1.145689994566367886e-02 1.015722370765243139e-02 1.050492075912433376e-02 8.444071884230920297e-03
6.706507951200774187e+02 -6.703995893451520942e+02 -6.512442515078386229e+00 0.000000000000000000e+00 0.000000000000000000e+00 -1.774056487333108834e-02 1.015373090865826118e-02 9.483709118951780606e-03 8.282921051774276219e-03
8.591914798157683890e+02 -4.988983335224653501e+02 -7.528517563961785619e+00 0.000000000000000000e+00 0.000000000000000000e+00 7.120598061431948622e-03 1.015373090865826118e-02 9.483709118951780606e-03 8.282956144148834535e-03
8.612623794656112750e+02 -9.200129533596162901e+02 -1.142018171345930178e+01 0.000000000000000000e+00 0.000000000000000000e+00 -1.553213424287491762e-02 1.015373090865826118e-02 9.483709118951780606e-03 8.283024804240412056e-03
4.848993867877992443e+02 -9.220672160862027340e+02 -7.378849450677063437e+00 0.000000000000000000e+00 0.000000000000000000e+00 -2.473153210929712742e-02 1.015373090865826118e-02 9.483709118951780606e-03 8.282923214394071268e-03
4.839762465198884911e+02 -5.062633354196929076e+02 -3.533736400009580336e+00 0.000000000000000000e+00 0.000000000000000000e+00 -7.206603614082318643e-03 1.015373090865826118e-02 9.483709118951780606e-03 8.282855655642065371e-03
-2.025613296194704844e+03 2.312546118828178805e+03 -6.462689747020367292e+01 0.000000000000000000e+00 0.000000000000000000e+00 -1.709637883693915228e-02 1.156781902470102250e-02 1.298065030108216771e-02 9.622026080473673401e-03
-1.835753059240493940e+03 2.478063145982360766e+03 -6.380794578561543062e+01 0.000000000000000000e+00 0.000000000000000000e+00 -1.571214095442030612e-02 1.142095190599288351e-02 1.268287777701762598e-02 8.898945900078414697e-03
-2.209635183499095092e+03 2.061625060918114286e+03 -6.399005285464243542e+01 0.000000000000000000e+00 0.000000000000000000e+00 -2.456011454723494580e-02 1.142095190599288351e-02 1.268287777701762598e-02 8.898955117846912843e-03
-1.835220682750811420e+03 2.060178824512493065e+03 -5.244374114288955724e+01 0.000000000000000000e+00 0.000000000000000000e+00 -2.753638465640051436e-02 1.142095190599288351e-02 1.268287777701762598e-02 8.898652716663022280e-03
-2.206711082705619901e+03 2.474269492421737596e+03 -7.498673032813333350e+01 0.000000000000000000e+00 0.000000000000000000e+00 -2.062217704050794964e-03 1.423643877989525484e-02 1.440106935390396588e-02 1.069221168919566589e-02
-8.754342028116889196e+02 2.818126002636046906e+03 -5.486331298923012412e+01 0.000000000000000000e+00 0.000000000000000000e+00 -2.578573191058808334e-04 1.269837492198685157e-02 1.381951057400509705e-02 9.194324892163862131e-03
-8.733240572580075423e+02 3.237076641497453693e+03 -6.996335945194363148e+01 0.000000000000000000e+00 0.000000000000000000e+00 -1.297200051348568195e-02 1.551524537806179584e-02 1.551524537806181665e-02 1.097330592972345711e-02
-5.024510294310331346e+02 2.818871993623149137e+03 -5.098528661034223575e+01 0.000000000000000000e+00 0.000000000000000000e+00 -2.906672703609558539e-03 1.269837492198685157e-02 1.381951057400509705e-02 9.194208870379057610e-03
-5.025205703267925514e+02 3.239321382074268513e+03 -6.621941258325576030e+01 0.000000000000000000e+00 0.000000000000000000e+00 2.027393752867112653e-02 1.410476852551072538e-02 1.410476852551074446e-02 9.975607004713905532e-03
-6.938760435856602271e+02 3.070357920197103795e+03 -6.159402591001779825e+01 0.000000000000000000e+00 0.000000000000000000e+00 -1.705348840977904956e-02 1.410883035215353999e-02 1.522887815609525082e-02 1.019120910912570295e-02
-1.168985184836299595e+03 2.818887637352464026e+03 -5.943518634723547933e+01 0.000000000000000000e+00 0.000000000000000000e+00 -1.154740992433289648e-03 1.282658706076582333e-02 1.299180259280405605e-02 9.695082709984832042e-03
-1.545319109868220721e+03 2.816673310754105387e+03 -6.706913026430540015e+01 0.000000000000000000e+00 0.000000000000000000e+00 1.125138713433671001e-04 1.410476852551072538e-02 1.410476852551074446e-02 9.975710865906095570e-03
-1.543717687491754077e+03 3.234470474343488604e+03 -8.196933856308415045e+01 0.000000000000000000e+00 0.000000000000000000e+00 1.082455248858593677e-02 1.809171279469226276e-02 1.444182974544302132e-02 1.095741299339810307e-02
-1.361574279876984974e+03 3.069140390771619877e+03 -7.187054048304750609e+01 0.000000000000000000e+00 0.000000000000000000e+00 -1.680158282135835179e-02 1.679740658448496821e-02 1.442707479105340661e-02 1.086176085234832021e-02
-1.170410542123126788e+03 3.236809156299766983e+03 -7.449986455446079958e+01 0.000000000000000000e+00 0.000000000000000000e+00 -8.983361058852779024e-03 1.809487967888272208e-02 1.554157910674843282e-02 1.115380861165261514e-02
2.482161200994488809e+03 1.335136409101460004e+03 -5.900991954181948529e+01 0.000000000000000000e+00 0.000000000000000000e+00 -3.352828668921148392e-02 1.438761252595680343e-02 1.690356129746529643e-02 1.181661976893888175e-02
2.480664900651349399e+03 1.752339689836882371e+03 -6.660543104071153664e+01 0.000000000000000000e+00 0.000000000000000000e+00 -2.154590690831525990e-02 1.565947680430729641e-02 1.917651366693370885e-02 1.233500627908937566e-02
2.665344350183967435e+03 1.587404852740272645e+03 -7.053395860761725089e+01 0.000000000000000000e+00 0.000000000000000000e+00 -7.538031353681162727e-02 1.848428897896652393e-02 2.314087137981396189e-02 1.456224336361334332e-02
2.858010818120242675e+03 1.337470995838505132e+03 -7.426794130714027631e+01 0.000000000000000000e+00 0.000000000000000000e+00 1.013807598202731697e-02 1.861832825449441162e-02 2.225639720155284454e-02 1.502243981561668211e-02
2.856682152860310907e+03 1.759494100214872105e+03 -8.186274133108031492e+01 0.000000000000000000e+00 0.000000000000000000e+00 7.896096508943628578e-04 1.975952224244216862e-02 2.315080915079177973e-02 1.463993588452034041e-02
1.812350214360073096e+03 1.334150430712325715e+03 -3.689105114003070440e+01 0.000000000000000000e+00 0.000000000000000000e+00 -7.138863880896906267e-03 1.142095190599288351e-02 1.268287777701762598e-02 8.898249079096453781e-03
2.186796512624072875e+03 1.335272447130567343e+03 -4.845759875294206154e+01 0.000000000000000000e+00 0.000000000000000000e+00 -1.170728420127886693e-02 1.283062820786952385e-02 1.409328797822764420e-02 9.895666791912931942e-03
1.996886124420123451e+03 1.586301558938419475e+03 -4.677493573890910739e+01 0.000000000000000000e+00 0.000000000000000000e+00 -3.681546230035337430e-02 1.283062820786952385e-02 1.409328797822764420e-02 9.895601999718763031e-03
1.810948397948186766e+03 1.751565684436511447e+03 -4.467075008195166674e+01 0.000000000000000000e+00 0.000000000000000000e+00 -1.793815934256315359e-02 1.283062820786952385e-02 1.409328797822764420e-02 9.895530915278713535e-03
2.186152695891257736e+03 1.757028627468305331e+03 -5.626307944074604706e+01 0.000000000000000000e+00 0.000000000000000000e+00 -1.674298220297032458e-02 1.283062820786952385e-02 1.409328797822764420e-02 9.895882747373914434e-03
-2.874721315546953065e+03 1.725046049747621510e+03 -8.193522342544041237e+01 0.000000000000000000e+00 0.000000000000000000e+00 -1.031465655215413335e-02 1.578773021593376374e-02 1.612540465952359489e-02 1.242029181631045323e-02
-2.691682707450655926e+03 1.563233612241288256e+03 -7.115058185603476204e+01 0.000000000000000000e+00 0.000000000000000000e+00 -1.356274235115506599e-02 1.423643877989525484e-02 1.440106935390396588e-02 1.069226434071718530e-02
-2.502175453154202842e+03 1.732374232893817634e+03 -6.700426762927978075e+01 0.000000000000000000e+00 0.000000000000000000e+00 -2.218006853604492790e-02 1.283062820786952385e-02 1.409328797822764420e-02 9.896208984658257796e-03
-2.500882177891922311e+03 1.315073782434131317e+03 -5.940497612456149312e+01 0.000000000000000000e+00 0.000000000000000000e+00 -5.592416042269121590e-03 1.282658706076582333e-02 1.299180259280405605e-02 9.695311914143297377e-03
-2.873869886913913888e+03 1.314296051106992081e+03 -7.459357080203253076e+01 0.000000000000000000e+00 0.000000000000000000e+00 -2.753352482017135117e-02 1.579602372009003899e-02 1.831388420918872093e-02 1.281374449583105868e-02
-2.501787554636916866e+03 2.475027693104239916e+03 -8.539410344230569194e+01 0.000000000000000000e+00 0.000000000000000000e+00 1.050437131362969012e-02 1.578410043757631775e-02 1.506832574304220983e-02 1.224395341615395517e-02
-2.502749218066664525e+03 2.055739415271719736e+03 -7.426827259996690600e+01 0.000000000000000000e+00 0.000000000000000000e+00 -8.714282409698625997e-04 1.297123855315569785e-02 1.331289743024048622e-02 1.043106436320672195e-02
-2.875973733890026324e+03 2.055367129043128443e+03 -8.927400081443440172e+01 0.000000000000000000e+00 0.000000000000000000e+00 -1.097152619402663731e-02 1.594289279081216593e-02 1.752149669379406485e-02 1.334392208183417250e-02
-2.692303014970149889e+03 2.306581318570468738e+03 -8.805296242453410116e+01 0.000000000000000000e+00 0.000000000000000000e+00 -2.331229442584970002e-02 1.593895597664038433e-02 1.645868185328304076e-02 1.316422028740650736e-02
-2.875612176617032674e+03 2.471323441182224087e+03 -1.001837518908307487e+02 0.000000000000000000e+00 0.000000000000000000e+00 -4.307057556289350941e-03 1.750019794125119016e-02 1.718756487500836677e-02 1.474848715869349694e-02
-1.526929867324933866e+03 -1.834542163866277065e+02 -1.881549158458625470e+01 0.000000000000000000e+00 0.000000000000000000e+00 3.080600892259965917e-02 1.015722370765243139e-02 1.050492075912433376e-02 8.444039014989055542e-03
-1.151954838256661105e+03 -1.809219193754061905e+02 -1.082669149510223505e+01 0.000000000000000000e+00 0.000000000000000000e+00 1.778667700837566201e-02 1.141019604100305430e-02 9.497174015185653670e-03 8.357985552132267057e-03
-1.527067597100216972e+03 2.331513734209178494e+02 -1.888735360098844751e+01 0.000000000000000000e+00 0.000000000000000000e+00 1.955153963315581223e-03 1.015722370765243139e-02 1.050492075912433376e-02 8.444036146000062984e-03
-1.342294824813962350e+03 6.910756285953613087e+01 -1.439823025491837605e+01 0.000000000000000000e+00 0.000000000000000000e+00 5.020030062647506952e-03 1.141330433204933853e-02 1.051707829091852800e-02 8.517476295468789579e-03
-1.152565137658393496e+03 2.397433839159405977e+02 -1.095757852701866319e+01 0.000000000000000000e+00 0.000000000000000000e+00 -4.660919556233267258e-03 1.141330433204933853e-02 1.051707829091852800e-02 8.517367364455026568e-03
-8.572530425053804493e+02 -1.799186721965651543e+02 -6.097184124389795734e+00 0.000000000000000000e+00 0.000000000000000000e+00 2.096143476322165355e-02 1.141019604100305430e-02 9.497174015185653670e-03 8.357838318245861334e-03
-8.560981098294344065e+02 2.375230030249299489e+02 -6.213311569212624619e+00 0.000000000000000000e+00 0.000000000000000000e+00 1.508304961192852289e-02 1.141019604100305430e-02 9.497174015185653670e-03 8.357838405207653268e-03
-6.727951185506119600e+02 7.215284769007377008e+01 -3.656442377574407043e+00 0.000000000000000000e+00 0.000000000000000000e+00 -1.222529938777894287e-02 1.141019604100305430e-02 9.497174015185653670e-03 8.357764069318726272e-03
-4.814785062134430405e+02 2.438866645711910905e+02 -2.234209121290155142e+00 0.000000000000000000e+00 0.000000000000000000e+00 -9.255111366446300281e-04 1.141019604100305430e-02 9.497174015185653670e-03 8.357714771667851608e-03
-4.807143179145832050e+02 -1.782701137091956696e+02 -2.058708767944041007e+00 0.000000000000000000e+00 0.000000000000000000e+00 8.270771742191485032e-03 1.015373090865826118e-02 9.483709118951780606e-03 8.282829447692327887e-03
-2.869079478843391371e+03 5.609836711585397779e+02 -6.615811799743875099e+01 0.000000000000000000e+00 0.000000000000000000e+00 2.095181464980555575e-02 1.454117901083012629e-02 1.719841584582351354e-02 1.254029032030364033e-02
-2.865673679626109333e+03 9.795144079108364394e+02 -6.974665541865202556e+01 0.000000000000000000e+00 0.000000000000000000e+00 -4.583298618783260281e-03 1.438325002504715379e-02 1.579923246534839856e-02 1.161386076086345573e-02
-2.686005133157980708e+03 8.158047545065513759e+02 -6.043877948649591758e+01 0.000000000000000000e+00 0.000000000000000000e+00 -2.299829417868437531e-02 1.297123855315569785e-02 1.331289743024048622e-02 1.043082215785762386e-02
-2.495019820988175979e+03 5.627953879327741333e+02 -5.080548030685355343e+01 0.000000000000000000e+00 0.000000000000000000e+00 3.790930706415451823e-03 1.282658706076582333e-02 1.299180259280405605e-02 9.695124085291894483e-03
-2.493270844969598784e+03 9.814668571415559200e+02 -5.455980076260559741e+01 0.000000000000000000e+00 0.000000000000000000e+00 1.031781375003504309e-02 1.282658706076582333e-02 1.299180259280405605e-02 9.695202044519048157e-03
-2.185874653798426607e+03 -1.688369611903434588e+03 -5.606656001924179122e+01 0.000000000000000000e+00 0.000000000000000000e+00 -1.194821265467282956e-02 1.172405051801508023e-02 1.225765709660389148e-02 1.019133540345813771e-02
-1.817799943829397080e+03 -1.263409423372337187e+03 -3.659635461126652700e+01 0.000000000000000000e+00 0.000000000000000000e+00 3.094151524678068199e-03 1.156026860956131316e-02 1.087431971709158958e-02 9.270841379458154285e-03
-2.190168464675738960e+03 -1.267577779391036984e+03 -4.834564426190869568e+01 0.000000000000000000e+00 0.000000000000000000e+00 1.269152446408838841e-02 1.156026860956131316e-02 1.087431971709158958e-02 9.271171647702153990e-03
-1.814364409510798851e+03 -1.682570547228731357e+03 -4.436869268922714582e+01 0.000000000000000000e+00 0.000000000000000000e+00 8.722712876668481385e-03 1.156026860956131316e-02 1.087431971709158958e-02 9.270992286017114975e-03
-2.007626682922176542e+03 -1.432119804690146793e+03 -4.519069483850584135e+01 0.000000000000000000e+00 0.000000000000000000e+00 -9.575154558959297901e-03 1.156026860956131316e-02 1.087431971709158958e-02 9.271058551997743077e-03
-6.689398371052759558e+02 -6.788629856340463675e+02 -6.567852045239427561e+00 0.000000000000000000e+00 0.000000000000000000e+00 5.242588424422933713e-03 1.015373090865826118e-02 9.483709118951780606e-03 8.282921887618029805e-03
-4.782206565308281938e+02 -5.077303814666027506e+02 -3.498851898213334977e+00 0.000000000000000000e+00 0.000000000000000000e+00 3.246887273307130783e-03 1.015373090865826118e-02 9.483709118951780606e-03 8.282854707493307947e-03
-8.523963431270883575e+02 -9.294968684586166319e+02 -1.141179075183587521e+01 0.000000000000000000e+00 0.000000000000000000e+00 8.743671218944371049e-03 1.015373090865826118e-02 9.483709118951780606e-03 8.283023739465669721e-03
-4.784427872798935368e+02 -9.278779724855683071e+02 -7.398353513221110234e+00 0.000000000000000000e+00 0.000000000000000000e+00 1.892919040007878806e-02 1.015373090865826118e-02 9.483709118951780606e-03 8.282923176800670653e-03
-8.536060616681218107e+02 -5.126339231498659501e+02 -7.541797812178013594e+00 0.000000000000000000e+00 0.000000000000000000e+00 8.114669144955399815e-03 1.015373090865826118e-02 9.483709118951780606e-03 8.282955819584367219e-03
-1.148835007522680826e+03 -9.305698961525664572e+02 -1.616947302546565268e+01 0.000000000000000000e+00 0.000000000000000000e+00 -3.080700410303549575e-02 1.015373090865826118e-02 9.483709118951780606e-03 8.283142565434631691e-03
-1.523818136913299895e+03 -5.144322198306964538e+02 -2.025648587921411803e+01 0.000000000000000000e+00 0.000000000000000000e+00 1.777347771127679721e-02 1.141330433204933853e-02 1.051707829091852800e-02 8.517642476620684508e-03
-1.149109999634729547e+03 -5.096407582563119263e+02 -1.225414330516783323e+01 0.000000000000000000e+00 0.000000000000000000e+00 7.258443711133821807e-03 1.141330433204933853e-02 1.051707829091852800e-02 8.517398400233083464e-03
-1.337555235537951148e+03 -6.808053840798858118e+02 -1.730977599842135106e+01 0.000000000000000000e+00 0.000000000000000000e+00 -1.316909624804551981e-02 1.141330433204933853e-02 1.051707829091852800e-02 8.517540748378849003e-03
-1.522583912585714188e+03 -9.318026404492185293e+02 -2.412991149553995385e+01 0.000000000000000000e+00 0.000000000000000000e+00 2.119931977894395914e-03 1.156026860956131316e-02 1.087431971709158958e-02 9.270525386917973301e-03
-8.509727533571032154e+02 -1.260793745532230105e+03 -1.607901459330020089e+01 0.000000000000000000e+00 0.000000000000000000e+00 2.655648207777971948e-03 1.015373090865826118e-02 9.483709118951780606e-03 8.283105082767161856e-03
-8.508337546301202110e+02 -1.678651556929534536e+03 -2.399332609342364719e+01 0.000000000000000000e+00 0.000000000000000000e+00 -1.153804569693406279e-02 1.032208738562743686e-02 1.086256202227165249e-02 9.202938543609743074e-03
-4.751806174792193360e+02 -1.255860082805747197e+03 -1.200397704891775597e+01 0.000000000000000000e+00 0.000000000000000000e+00 -7.797276499852401344e-03 1.015373090865826118e-02 9.483709118951780606e-03 8.283003722174300115e-03
-6.656867539356633188e+02 -1.426341576891871455e+03 -1.670064347858365750e+01 0.000000000000000000e+00 0.000000000000000000e+00 -1.108827559882996638e-02 1.031865039211400832e-02 9.878392186236898895e-03 9.055425688512452539e-03
-4.753374575575613221e+02 -1.676858378263239956e+03 -1.997759076047930549e+01 0.000000000000000000e+00 0.000000000000000000e+00 -1.801694966871281167e-02 1.015373090865826118e-02 9.483709118951780606e-03 8.283143173265374026e-03
-1.841560358529812333e+02 -5.092845278688459416e+02 -1.943308593525007399e+00 0.000000000000000000e+00 0.000000000000000000e+00 -5.597935787231334004e-03 1.015373090865826118e-02 9.483709118951780606e-03 8.282815549749602407e-03
6.178418878239212431e-01 -6.743813079096229330e+02 -2.931996518641784011e+00 0.000000000000000000e+00 0.000000000000000000e+00 -1.173894367216510304e-02 1.015373090865826118e-02 9.483709118951780606e-03 8.282830797344150481e-03
1.912825613593848857e+02 -9.233424870663083084e+02 -5.797324193842911200e+00 0.000000000000000000e+00 0.000000000000000000e+00 2.836874251607390818e-03 1.015373090865826118e-02 9.483709118951780606e-03 8.282883316837009319e-03
-1.840065418850568335e+02 -9.253193685657230390e+02 -5.798980760822013636e+00 0.000000000000000000e+00 0.000000000000000000e+00 -1.140544152991562754e-02 1.015373090865826118e-02 9.483709118951780606e-03 8.282883178474821292e-03
1.907840908314262833e+02 -5.027520856145288803e+02 -1.920642234275747651e+00 0.000000000000000000e+00 0.000000000000000000e+00 2.093976340715508755e-03 1.015373090865826118e-02 9.483709118951780606e-03 8.282815304779062027e-03
1.159171911898897633e+03 -1.252219461215575393e+03 -2.088818886781085737e+01 0.000000000000000000e+00 0.000000000000000000e+00 -3.227579395606028356e-04 1.015373090865826118e-02 9.483709118951780606e-03 8.283225950647610941e-03
1.534465475902675962e+03 -1.245608266426879027e+03 -2.881334928192171674e+01 0.000000000000000000e+00 0.000000000000000000e+00 -7.023577134674496847e-03 1.015722370765243139e-02 1.050492075912433376e-02 8.444251119194704294e-03
1.534372590748959510e+03 -1.666553372961859850e+03 -3.666014264204135742e+01 0.000000000000000000e+00 0.000000000000000000e+00 3.380134602096518393e-03 1.015722370765243139e-02 1.050492075912433376e-02 8.444411675959190289e-03
1.159454113799725519e+03 -1.667446757562679750e+03 -2.868854116931625242e+01 0.000000000000000000e+00 0.000000000000000000e+00 8.560233068834577352e-03 1.015722370765243139e-02 1.050492075912433376e-02 8.444220007864901983e-03
1.342477765748618822e+03 -1.417593266075585689e+03 -2.737584316023767528e+01 0.000000000000000000e+00 0.000000000000000000e+00 4.924985377908086548e-03 1.015722370765243139e-02 1.050492075912433376e-02 8.444205743460060642e-03
1.828488721842735458e+03 -1.662778049722117885e+03 -4.435099382877265839e+01 0.000000000000000000e+00 0.000000000000000000e+00 -4.381387240009360085e-03 1.015722370765243139e-02 1.050492075912433376e-02 8.444595110142106426e-03
1.827893914199004712e+03 -1.247123324956914757e+03 -3.662430376559353107e+01 0.000000000000000000e+00 0.000000000000000000e+00 -2.946807505765036694e-03 1.015722370765243139e-02 1.050492075912433376e-02 8.444439378201960833e-03
2.012656232549616334e+03 -1.411858230128313835e+03 -4.498236820783673551e+01 0.000000000000000000e+00 0.000000000000000000e+00 -1.594510239807078733e-02 1.156026860956131316e-02 1.087431971709158958e-02 9.271055911482363812e-03
2.203490069079204204e+03 -1.661206245162172308e+03 -5.609248274894768826e+01 0.000000000000000000e+00 0.000000000000000000e+00 1.748769101975966578e-02 1.156380848049215655e-02 1.190814234547984095e-02 9.437275122386842158e-03
2.203275722766813033e+03 -1.241165543417951994e+03 -4.837294596752538212e+01 0.000000000000000000e+00 0.000000000000000000e+00 -1.090556174909096399e-02 1.141330433204933853e-02 1.051707829091852800e-02 8.518410234133560327e-03
1.829878277746594677e+03 -1.996184398728123597e+03 -5.211238023722197710e+01 0.000000000000000000e+00 0.000000000000000000e+00 2.034146633782540903e-03 1.141688977017251208e-02 1.158283042213746443e-02 8.698726351991255962e-03
2.205706959261237898e+03 -1.989404866469727722e+03 -6.368219357427383187e+01 0.000000000000000000e+00 0.000000000000000000e+00 -2.391983451971668728e-03 1.282297021803733422e-02 1.192029808736407882e-02 9.512199618682659619e-03
2.015563824300652414e+03 -2.161184092679124660e+03 -6.195230201632821121e+01 0.000000000000000000e+00 0.000000000000000000e+00 -1.866801415146568388e-02 1.282297021803733422e-02 1.192029808736407882e-02 9.512093482468113315e-03
1.831351860911975336e+03 -2.411410565641120229e+03 -6.363103841467944477e+01 0.000000000000000000e+00 0.000000000000000000e+00 -3.543477429133190526e-04 1.156380848049215655e-02 1.190814234547984095e-02 9.437389010097291947e-03
2.206363074234075157e+03 -2.409239140325079916e+03 -7.516198811567402061e+01 0.000000000000000000e+00 0.000000000000000000e+00 7.238481579761923967e-03 1.296766205559582961e-02 1.226946656824694226e-02 1.026100494200765829e-02
8.651445375244602474e+02 -1.666386168233452736e+03 -2.392514495855786549e+01 0.000000000000000000e+00 0.000000000000000000e+00 4.284123338852197094e-03 1.015722370765243139e-02 1.050492075912433376e-02 8.444104743030743723e-03
6.738445575497469235e+02 -1.419199439941482751e+03 -1.665697241051411126e+01 0.000000000000000000e+00 0.000000000000000000e+00 -5.053978674371961688e-03 1.015373090865826118e-02 9.483709118951780606e-03 8.283098859616880305e-03
8.628291045368147252e+02 -1.245597050924046016e+03 -1.599577160673674570e+01 0.000000000000000000e+00 0.000000000000000000e+00 5.958217203492210956e-04 1.015373090865826118e-02 9.483709118951780606e-03 8.283104861114193307e-03
4.878993645434818518e+02 -1.254402184336902337e+03 -1.207866675881867380e+01 0.000000000000000000e+00 0.000000000000000000e+00 -1.405846922137143906e-02 1.015373090865826118e-02 9.483709118951780606e-03 8.283005773371739447e-03
4.893321620589598524e+02 -1.670625046297792778e+03 -1.995104939800641830e+01 0.000000000000000000e+00 0.000000000000000000e+00 1.101672524720953561e-02 1.015373090865826118e-02 9.483709118951780606e-03 8.283143509361585652e-03
1.935340971976852416e+02 -1.250082803997550400e+03 -1.039722361860472510e+01 0.000000000000000000e+00 0.000000000000000000e+00 -1.087973567591227209e-02 1.015373090865826118e-02 9.483709118951780606e-03 8.282964115576208625e-03
-1.811143744021535440e+02 -1.257297549667176099e+03 -1.047681338894359371e+01 0.000000000000000000e+00 0.000000000000000000e+00 1.182999603845225067e-02 1.015373090865826118e-02 9.483709118951780606e-03 8.282965229859580794e-03
3.548530983068202804e+00 -1.422126848415170116e+03 -1.306913457201964945e+01 0.000000000000000000e+00 0.000000000000000000e+00 -6.545659705219364355e-03 1.015373090865826118e-02 9.483709118951780606e-03 8.283008744087950667e-03
1.936041047959895423e+02 -1.671420643879934460e+03 -1.835140256791519064e+01 0.000000000000000000e+00 0.000000000000000000e+00 -7.275356519286901857e-03 1.015373090865826118e-02 9.483709118951780606e-03 8.283103588569607975e-03
-1.818680882012208144e+02 -1.674031914955166258e+03 -1.837247955281675615e+01 0.000000000000000000e+00 0.000000000000000000e+00 4.589399391221604674e-03 1.015373090865826118e-02 9.483709118951780606e-03 8.283103696904039678e-03
8.674599330249247942e+02 -1.996491713728452169e+03 -3.171935885759337737e+01 0.000000000000000000e+00 0.000000000000000000e+00 1.513938143071058562e-02 1.015722370765243139e-02 1.050492075912433376e-02 8.444266922557584765e-03
6.776947143545181689e+02 -2.168654609251462261e+03 -3.398371836666112955e+01 0.000000000000000000e+00 0.000000000000000000e+00 -4.197812504628473107e-03 1.015722370765243139e-02 1.050492075912433376e-02 8.444306599386707315e-03
8.679969604794788438e+02 -2.416102941833236855e+03 -4.353436973334942905e+01 0.000000000000000000e+00 0.000000000000000000e+00 -2.810246477523037356e-03 1.015722370765243139e-02 1.050492075912433376e-02 8.444510509482160143e-03
4.926804673059800166e+02 -2.003632818532805913e+03 -2.785139138456344199e+01 0.000000000000000000e+00 0.000000000000000000e+00 3.326677479730477671e-03 1.015722370765243139e-02 1.050492075912433376e-02 8.444173465514574067e-03
4.937389142004529958e+02 -2.420037980715488175e+03 -3.964125305705155000e+01 0.000000000000000000e+00 0.000000000000000000e+00 9.280007990021488240e-03 1.032208738562743686e-02 1.086256202227165249e-02 9.203249312336748630e-03
1.160825714718233712e+03 -2.000822305656204890e+03 -3.654022257626645853e+01 0.000000000000000000e+00 0.000000000000000000e+00 1.253698832467620150e-02 1.015722370765243139e-02 1.050492075912433376e-02 8.444381675174500446e-03
1.347512209567244781e+03 -2.164789355836709092e+03 -4.457277671428455790e+01 0.000000000000000000e+00 0.000000000000000000e+00 -1.018712698927259908e-02 1.156026860956131316e-02 1.087431971709158958e-02 9.270898364624224550e-03
1.537191100916928008e+03 -1.993671624482834204e+03 -4.434979033690895989e+01 0.000000000000000000e+00 0.000000000000000000e+00 -3.668028962593439246e-03 1.032208738562743686e-02 1.086256202227165249e-02 9.203381169739012838e-03
1.537393915071369065e+03 -2.412464757337233550e+03 -5.600366973891841837e+01 0.000000000000000000e+00 0.000000000000000000e+00 -3.202209290989799229e-03 1.156380848049215655e-02 1.190814234547984095e-02 9.437187290666809725e-03
1.162213378055849489e+03 -2.416152547679104828e+03 -4.822086939549262041e+01 0.000000000000000000e+00 0.000000000000000000e+00 1.073605100661012557e-02 1.032208738562743686e-02 1.086256202227165249e-02 9.203439049052115559e-03
2.489200733610311545e+03 2.556240320021608454e+02 -4.913656509852863508e+01 0.000000000000000000e+00 0.000000000000000000e+00 -2.001484808215536759e-02 1.283062820786952385e-02 1.409328797822764420e-02 9.895746912710508270e-03
2.489928915126844458e+03 -1.611883733889834502e+02 -4.906101513673610270e+01 0.000000000000000000e+00 0.000000000000000000e+00 6.706593774886471238e-03 1.437565991369565283e-02 1.366776061878084703e-02 1.125127437920629692e-02
2.674861700192794615e+03 9.090953328754054041e+01 -5.623155332153439190e+01 0.000000000000000000e+00 0.000000000000000000e+00 -1.947840108724818720e-02 1.423643877989525484e-02 1.440106935390396588e-02 1.069191867979242712e-02
2.865456900239461902e+03 -1.593437334418923115e+02 -6.452884101137472328e+01 0.000000000000000000e+00 0.000000000000000000e+00 -1.814159339133425419e-03 1.437926571614169501e-02 1.471874694935551044e-02 1.142516968469967087e-02
2.865124157486604872e+03 2.622811023346590105e+02 -6.460949593844830474e+01 0.000000000000000000e+00 0.000000000000000000e+00 -2.609188026360698132e-02 1.565041358741744298e-02 1.691414172838002355e-02 1.189080783906495097e-02
1.820257170420055445e+03 2.498342333870949403e+02 -2.666513503900243265e+01 0.000000000000000000e+00 0.000000000000000000e+00 5.783990978117259374e-02 1.141330433204933853e-02 1.051707829091852800e-02 8.517840060778113925e-03
1.820463829239227152e+03 -1.669400136151193124e+02 -2.653876463858619417e+01 0.000000000000000000e+00 0.000000000000000000e+00 5.183850191205507940e-02 1.141330433204933853e-02 1.051707829091852800e-02 8.517844626435837341e-03
2.195863919118659396e+03 -1.644162233720154234e+02 -3.835649651672401461e+01 0.000000000000000000e+00 0.000000000000000000e+00 4.313666635599844312e-02 1.156380848049215655e-02 1.190814234547984095e-02 9.436858613633664072e-03
2.194783472444667495e+03 2.567464394550860334e+02 -3.844496662018347166e+01 0.000000000000000000e+00 0.000000000000000000e+00 2.392129019939659429e-02 1.156380848049215655e-02 1.190814234547984095e-02 9.436850916615056525e-03
2.004705016688949172e+03 8.544732047903195848e+01 -3.188949461416618547e+01 0.000000000000000000e+00 0.000000000000000000e+00 6.264322807211186728e-02 1.156380848049215655e-02 1.190814234547984095e-02 9.436675231784177192e-03
1.819829129846534443e+03 -4.984323362276918488e+02 -2.797997083912098049e+01 0.000000000000000000e+00 0.000000000000000000e+00 -9.756733147270324480e-05 1.015722370765243139e-02 1.050492075912433376e-02 8.444258660170740616e-03
2.197319154591211827e+03 -4.913457406665651206e+02 -3.983701285937169700e+01 0.000000000000000000e+00 0.000000000000000000e+00 -5.151503319375194678e-03 1.156026860956131316e-02 1.087431971709158958e-02 9.271003845179219896e-03
2.007015663447461066e+03 -6.628697433461435367e+02 -3.485705212133857600e+01 0.000000000000000000e+00 0.000000000000000000e+00 -2.017182697490227383e-02 1.141330433204933853e-02 1.051707829091852800e-02 8.518074349696765080e-03
1.822478461970191802e+03 -9.165361582949889225e+02 -3.188086751295711707e+01 0.000000000000000000e+00 0.000000000000000000e+00 -8.286831553405704653e-05 1.015373090865826118e-02 9.483709118951780606e-03 8.283532881463637892e-03
2.197644390880598621e+03 -9.138124110920201701e+02 -4.367934236102902901e+01 0.000000000000000000e+00 0.000000000000000000e+00 -3.840317669883575036e-03 1.141330433204933853e-02 1.051707829091852800e-02 8.518315097102265726e-03
2.494623399324535058e+03 -4.956364082035234446e+02 -5.071473703267707123e+01 0.000000000000000000e+00 0.000000000000000000e+00 -1.638309766885726049e-02 1.297123855315569785e-02 1.331289743024048622e-02 1.043057943606543088e-02
2.491991680949703095e+03 -9.118546071356864786e+02 -5.438221991687095169e+01 0.000000000000000000e+00 0.000000000000000000e+00 -1.844796896154576871e-02 1.296766205559582961e-02 1.226946656824694226e-02 1.026067093566304309e-02
2.677787322667882563e+03 -6.599845545011191916e+02 -5.925885239942834204e+01 0.000000000000000000e+00 0.000000000000000000e+00 -7.693252836382669102e-03 1.452935273101226346e-02 1.403078056991139896e-02 1.200913237088468630e-02
2.867592061747359821e+03 -9.093839719363789982e+02 -6.981878705194868928e+01 0.000000000000000000e+00 0.000000000000000000e+00 2.315305553442215114e-02 1.578081563298694423e-02 1.404352552856878017e-02 1.208226466476174446e-02
2.866851945319082006e+03 -4.892268866974175126e+02 -6.602950866468185609e+01 0.000000000000000000e+00 0.000000000000000000e+00 -1.385997245489534180e-02 1.593536064473187117e-02 1.542446023731889986e-02 1.299769359909677853e-02
2.679950786771891217e+03 -1.409327739390477063e+03 -6.914494610607421521e+01 0.000000000000000000e+00 0.000000000000000000e+00 -8.466008839278060805e-03 1.437243290259179740e-02 1.265362605001120119e-02 1.109441769073927359e-02
2.497709005183517093e+03 -1.662405834761173992e+03 -6.677655379292988869e+01 0.000000000000000000e+00 0.000000000000000000e+00 7.192161770632310436e-03 1.296766205559582961e-02 1.226946656824694226e-02 1.026093868357388743e-02
2.493332065856412555e+03 -1.245294593755349752e+03 -5.899546068589816628e+01 0.000000000000000000e+00 0.000000000000000000e+00 1.217390277824392797e-02 1.296766205559582961e-02 1.226946656824694226e-02 1.026077274822741366e-02
2.872538834057946133e+03 -1.658089297624448818e+03 -8.200651335386412200e+01 0.000000000000000000e+00 0.000000000000000000e+00 4.509424927832128560e-03 1.578081563298694423e-02 1.404352552856878017e-02 1.208254041472971510e-02
2.868093512534447200e+03 -1.235496860055362049e+03 -7.423243707362449584e+01 0.000000000000000000e+00 0.000000000000000000e+00 4.889755239659621111e-03 1.437565991369565283e-02 1.366776061878084703e-02 1.125207093081013153e-02
2.500852675298460781e+03 -1.993655912825239511e+03 -7.442169641404416325e+01 0.000000000000000000e+00 0.000000000000000000e+00 3.178259392498716807e-02 1.296766205559582961e-02 1.226946656824694226e-02 1.026109593339604061e-02
2.685972938220474134e+03 -2.158540624591070809e+03 -8.589650278405662220e+01 0.000000000000000000e+00 0.000000000000000000e+00 2.917889555757824382e-02 1.563942611525076520e-02 1.368084376794268843e-02 1.132984629927663751e-02
2.501692302099847893e+03 -2.410254899828788894e+03 -8.571572098752965019e+01 0.000000000000000000e+00 0.000000000000000000e+00 7.511470476131876239e-03 1.423279679305980948e-02 1.332505036047092889e-02 1.050711540897792014e-02
2.875840550570014784e+03 -2.407141827266263590e+03 -1.006410242852055319e+02 0.000000000000000000e+00 0.000000000000000000e+00 2.679052906634638020e-02 1.986643453036014695e-02 1.684725583637971397e-02 1.414263602809954709e-02
2.875044053622403226e+03 -1.986202100361479097e+03 -8.943812755132790926e+01 0.000000000000000000e+00 0.000000000000000000e+00 3.457534415849750076e-02 1.845636882838669682e-02 1.545094869587245595e-02 1.315157990030018167e-02
1.978081699917815399e+02 -2.000717133693514143e+03 -2.615417273665628173e+01 0.000000000000000000e+00 0.000000000000000000e+00 6.525196600222216148e-03 1.015722370765243139e-02 1.050492075912433376e-02 8.444132807368316326e-03
1.966815245312264437e+02 -2.421437388038602421e+03 -3.806472164911576783e+01 0.000000000000000000e+00 0.000000000000000000e+00 5.277617301643999781e-03 1.015722370765243139e-02 1.050492075912433376e-02 8.444381843079686728e-03
-1.771664174857219223e+02 -2.005757982722297129e+03 -2.622229021287106221e+01 0.000000000000000000e+00 0.000000000000000000e+00 5.853044955113517744e-03 1.015722370765243139e-02 1.050492075912433376e-02 8.444134044544105225e-03
6.145610124136868357e+00 -2.172433670763998180e+03 -3.044377010152151541e+01 0.000000000000000000e+00 0.000000000000000000e+00 -6.472118167891949270e-03 1.032208738562743686e-02 1.086256202227165249e-02 9.203057393615087303e-03
-1.788313970719513009e+02 -2.422118053570369739e+03 -3.803276675758682757e+01 0.000000000000000000e+00 0.000000000000000000e+00 8.508770360165840430e-03 1.032208738562743686e-02 1.086256202227165249e-02 9.203213398472692361e-03
1.694979231619087727e+02 2.823101709799604578e+03 -4.942694316562256773e+01 0.000000000000000000e+00 0.000000000000000000e+00 1.924029113639136312e-02 1.410476852551072538e-02 1.410476852551074446e-02 9.975100045342194174e-03
-2.066411543597425293e+02 2.821055666024895800e+03 -4.946370302183269985e+01 0.000000000000000000e+00 0.000000000000000000e+00 -3.463065414571531164e-03 1.410476852551072538e-02 1.410476852551074446e-02 9.975101643404879828e-03
-2.154721915167288770e+01 3.072167041372597396e+03 -5.802760384518335002e+01 0.000000000000000000e+00 0.000000000000000000e+00 -3.880104061266820281e-03 1.410476852551072538e-02 1.410476852551074446e-02 9.975356317840087042e-03
1.695849343645087401e+02 3.243527575825211443e+03 -6.469888419496365373e+01 0.000000000000000000e+00 0.000000000000000000e+00 2.439131851471643131e-02 1.668939102354075055e-02 1.525347233858218715e-02 1.036907870441331099e-02
-2.059122300692615113e+02 3.236939350311284670e+03 -6.454740084777115783e+01 0.000000000000000000e+00 0.000000000000000000e+00 1.287144503724846345e-02 1.539079421012409972e-02 1.411744668942646781e-02 1.006260325093936633e-02
4.648357298865677194e+02 2.823397481172154130e+03 -5.086226675884910975e+01 0.000000000000000000e+00 0.000000000000000000e+00 -4.031515998264012524e-03 1.283062820786952385e-02 1.409328797822764420e-02 9.895717434246310840e-03
8.413252030126687941e+02 2.825130044048098625e+03 -5.465623148111889407e+01 0.000000000000000000e+00 0.000000000000000000e+00 1.223401494807774270e-02 1.283062820786952385e-02 1.409328797822764420e-02 9.895824954040123925e-03
8.413362748032096761e+02 3.246237327660464871e+03 -6.990414407667519470e+01 0.000000000000000000e+00 0.000000000000000000e+00 9.900984903836729245e-03 1.551524537806179584e-02 1.551524537806181665e-02 1.097330211942249521e-02
4.644471442126676948e+02 3.240273350470517926e+03 -6.597933999926890181e+01 0.000000000000000000e+00 0.000000000000000000e+00 1.088836788447622439e-02 1.551524537806179584e-02 1.551524537806181665e-02 1.097315870191856342e-02
6.498039399036676969e+02 3.075414138827134138e+03 -6.133265317413626150e+01 0.000000000000000000e+00 0.000000000000000000e+00 5.392412161882020882e-03 1.551524537806179584e-02 1.551524537806181665e-02 1.097301484671745278e-02
2.180198317121147284e+03 2.087913385242456116e+03 -6.366096900027763184e+01 0.000000000000000000e+00 0.000000000000000000e+00 2.278479865381655145e-02 1.424486927968686596e-02 1.662767786896163572e-02 1.110970544553491722e-02
1.806153888431612131e+03 2.086669363995526510e+03 -5.229673722535396507e+01 0.000000000000000000e+00 0.000000000000000000e+00 9.551376213963180817e-03 1.283509325856996112e-02 1.521824565356376391e-02 1.011302484575625493e-02
1.991114594082672284e+03 2.336488727946982635e+03 -6.424204061847255787e+01 0.000000000000000000e+00 0.000000000000000000e+00 -3.732867989693033905e-02 1.283509325856996112e-02 1.521824565356376391e-02 1.011339365177218660e-02
1.805870483929426882e+03 2.501958311758262425e+03 -6.369460249377132754e+01 0.000000000000000000e+00 0.000000000000000000e+00 1.838321852059721095e-02 1.283509325856996112e-02 1.521824565356376391e-02 1.011340024593258662e-02
2.181579988793324446e+03 2.508099842084316151e+03 -7.515450900677394941e+01 0.000000000000000000e+00 0.000000000000000000e+00 -8.764975794989027236e-03 1.424486927968686596e-02 1.662767786896163572e-02 1.111010430118315045e-02
2.211291396870075914e+03 -2.738119521682668164e+03 -8.569001078784725678e+01 0.000000000000000000e+00 0.000000000000000000e+00 3.272335209288712576e-02 1.437565991369565283e-02 1.366776061878084703e-02 1.125204468946984331e-02
2.020429011102310824e+03 -2.908618677532057063e+03 -8.546384575929232597e+01 0.000000000000000000e+00 0.000000000000000000e+00 1.017489344863520273e-02 1.437565991369565283e-02 1.366776061878084703e-02 1.125197918679959365e-02
1.836957242452502669e+03 -2.744374745041349343e+03 -7.442526098013058800e+01 0.000000000000000000e+00 0.000000000000000000e+00 1.644786642160056545e-02 1.297123855315569785e-02 1.331289743024048622e-02 1.043105736976456151e-02
2.210086253395836593e+03 -3.158637044833293203e+03 -1.005693276832121796e+02 0.000000000000000000e+00 0.000000000000000000e+00 8.553461707464293795e-03 1.578773021593376374e-02 1.612540465952359489e-02 1.242075216727561715e-02
1.836690490717473949e+03 -3.161743951376799941e+03 -8.944991829848521547e+01 0.000000000000000000e+00 0.000000000000000000e+00 1.240958810817005542e-02 1.437926571614169501e-02 1.471874694935551044e-02 1.142562098442373615e-02
1.541178519980590636e+03 -3.163320324062141935e+03 -8.200348182472853864e+01 0.000000000000000000e+00 0.000000000000000000e+00 -6.216164394970746798e-03 1.297123855315569785e-02 1.331289743024048622e-02 1.043121326038864982e-02
1.167513737446334062e+03 -3.165952752195798439e+03 -7.442615472899083784e+01 0.000000000000000000e+00 0.000000000000000000e+00 -2.030402279345366878e-02 1.172800626550406060e-02 1.330201434432763848e-02 1.036303342954554216e-02
1.541618664340776377e+03 -2.741204560766398572e+03 -6.668252824860118722e+01 0.000000000000000000e+00 0.000000000000000000e+00 1.108792171663708359e-02 1.156380848049215655e-02 1.190814234547984095e-02 9.437427914046607469e-03
1.351556935745009923e+03 -2.913604841262057107e+03 -6.850545484211784242e+01 0.000000000000000000e+00 0.000000000000000000e+00 -1.358380658811597641e-02 1.172405051801508023e-02 1.225765709660389148e-02 1.019153461770943431e-02
1.165092172302129256e+03 -2.749556722818731487e+03 -5.910532867839570770e+01 0.000000000000000000e+00 0.000000000000000000e+00 -9.968962397266523112e-04 1.156380848049215655e-02 1.190814234547984095e-02 9.437230225497581990e-03
8.716533421097353767e+02 -3.166517473038467415e+03 -6.983855411226474530e+01 0.000000000000000000e+00 0.000000000000000000e+00 -3.187736098536220197e-02 1.172800626550406060e-02 1.330201434432763848e-02 1.036292795938188564e-02
8.723411826378198839e+02 -2.747178941725973800e+03 -5.439151738259694469e+01 0.000000000000000000e+00 0.000000000000000000e+00 -2.883217939290716458e-02 1.032605172584481236e-02 1.189740637695383199e-02 9.370828614457807001e-03
6.814227732727281364e+02 -2.917310364385265530e+03 -5.813075517414688420e+01 0.000000000000000000e+00 0.000000000000000000e+00 -4.670217791499453597e-03 1.032605172584481236e-02 1.189740637695383199e-02 9.370922683890708232e-03
4.967034488954575977e+02 -2.752404406960443794e+03 -5.056105525029560965e+01 0.000000000000000000e+00 0.000000000000000000e+00 -1.361475815987489568e-02 1.032605172584481236e-02 1.189740637695383199e-02 9.370748765330297325e-03
4.969007408671303665e+02 -3.168022373111442903e+03 -6.596006377712295432e+01 0.000000000000000000e+00 0.000000000000000000e+00 -7.590859120440995866e-03 1.156781902470102250e-02 1.298065030108216771e-02 9.622187394575791239e-03
-1.817420419736952454e+03 -5.077534776598285475e+02 -2.797201921746633957e+01 0.000000000000000000e+00 0.000000000000000000e+00 2.230850013344110039e-02 1.156026860956131316e-02 1.087431971709158958e-02 9.270666580560414302e-03
-2.192492914136384570e+03 -9.303083432512587478e+02 -4.369768827813178547e+01 0.000000000000000000e+00 0.000000000000000000e+00 1.189598760174703784e-02 1.156026860956131316e-02 1.087431971709158958e-02 9.271081622390564894e-03
-1.819670693908995872e+03 -9.281946183704812938e+02 -3.193861314516547623e+01 0.000000000000000000e+00 0.000000000000000000e+00 -1.456277319629606382e-02 1.156026860956131316e-02 1.087431971709158958e-02 9.270748897809400271e-03
-2.008978012156946079e+03 -6.753004771744240315e+02 -3.502655132971392504e+01 0.000000000000000000e+00 0.000000000000000000e+00 8.350422469355578414e-03 1.156026860956131316e-02 1.087431971709158958e-02 9.270857645520675511e-03
-2.190289002942814932e+03 -5.095300593361241113e+02 -3.971488861166601936e+01 0.000000000000000000e+00 0.000000000000000000e+00 2.401149192522211706e-03 1.282297021803733422e-02 1.192029808736407882e-02 9.511657251148405642e-03
-1.338233321234522009e+03 -1.422831144047746193e+03 -2.738108600590209107e+01 0.000000000000000000e+00 0.000000000000000000e+00 -2.256877804208201610e-02 1.156026860956131316e-02 1.087431971709158958e-02 9.270555641092333501e-03
-1.520926138114387868e+03 -1.675444567639716297e+03 -3.652593770813291485e+01 0.000000000000000000e+00 0.000000000000000000e+00 1.843305389624561030e-02 1.156026860956131316e-02 1.087431971709158958e-02 9.270772971619012717e-03
-1.147534733355123990e+03 -1.673286974461032059e+03 -2.859539019753168176e+01 0.000000000000000000e+00 0.000000000000000000e+00 1.129190433969995411e-02 1.032208738562743686e-02 1.086256202227165249e-02 9.203044411976078754e-03
-1.519310413129247763e+03 -1.255819033072318916e+03 -2.861085190194639694e+01 0.000000000000000000e+00 0.000000000000000000e+00 -4.691479321937919167e-03 1.156026860956131316e-02 1.087431971709158958e-02 9.270615229367501833e-03
-1.145378400333969466e+03 -1.253198522254032014e+03 -2.065058629201623575e+01 0.000000000000000000e+00 0.000000000000000000e+00 -1.960548034684705954e-03 1.015722370765243139e-02 1.050492075912433376e-02 8.444052207539076704e-03
-1.137977896457807446e+03 -2.003374749089493662e+03 -3.619054454369039320e+01 0.000000000000000000e+00 0.000000000000000000e+00 -1.916133866620839399e-02 1.032208738562743686e-02 1.086256202227165249e-02 9.203197499665015727e-03
-1.137856012293266076e+03 -2.424180473184242601e+03 -4.802810758138753755e+01 0.000000000000000000e+00 0.000000000000000000e+00 -1.678272276039649569e-02 1.032208738562743686e-02 1.086256202227165249e-02 9.203434306380722796e-03
-1.329721147115687927e+03 -2.174068845532898649e+03 -4.445447081538252831e+01 0.000000000000000000e+00 0.000000000000000000e+00 -1.982750357566231969e-02 1.032208738562743686e-02 1.086256202227165249e-02 9.203371634359334280e-03
-1.511682085234422175e+03 -2.009683472169938341e+03 -4.414667373432082798e+01 0.000000000000000000e+00 0.000000000000000000e+00 -2.060413632036528497e-02 1.172055904386288920e-02 1.125598208452912100e-02 1.003748532337300770e-02
-1.509844863454757842e+03 -2.426608180435236136e+03 -5.578150571468933805e+01 0.000000000000000000e+00 0.000000000000000000e+00 -1.007306972194044192e-02 1.172405051801508023e-02 1.225765709660389148e-02 1.019126146970202040e-02
-8.450590681852484067e+02 -2.000435892484556689e+03 -3.151596444941034747e+01 0.000000000000000000e+00 0.000000000000000000e+00 4.313423948062222735e-03 1.015722370765243139e-02 1.050492075912433376e-02 8.444261724727468790e-03
-4.725258338364167798e+02 -1.999574283154573322e+03 -2.759216108884855245e+01 0.000000000000000000e+00 0.000000000000000000e+00 -1.199084542470529868e-02 1.015722370765243139e-02 1.050492075912433376e-02 8.444167553971924575e-03
-6.649853073030446922e+02 -2.168174907905011878e+03 -3.383518272039351160e+01 0.000000000000000000e+00 0.000000000000000000e+00 -1.173783984320664331e-03 1.015722370765243139e-02 1.050492075912433376e-02 8.444303103394284679e-03
-8.457327647181800785e+02 -2.421117799613755324e+03 -4.338838406229630351e+01 0.000000000000000000e+00 0.000000000000000000e+00 -1.179139181878952058e-02 1.032208738562743686e-02 1.086256202227165249e-02 9.203332304963228114e-03
-4.732219874570386651e+02 -2.419461481825516785e+03 -3.946691546012822727e+01 0.000000000000000000e+00 0.000000000000000000e+00 5.834081972864169074e-04 1.032208738562743686e-02 1.086256202227165249e-02 9.203245470294779337e-03
2.031951476018873564e+02 -2.749061855474300501e+03 -4.883800367670712461e+01 0.000000000000000000e+00 0.000000000000000000e+00 9.634500051092231843e-04 1.016125236846276633e-02 1.157179264272241957e-02 8.626611100046513783e-03
2.035645123481295968e+02 -3.169613916035335933e+03 -6.444040816098438995e+01 0.000000000000000000e+00 0.000000000000000000e+00 1.295002905706610363e-02 1.156781902470102250e-02 1.298065030108216771e-02 9.622150309168273769e-03
-1.719462165374640676e+02 -3.171526564196865365e+03 -6.442428121197185931e+01 0.000000000000000000e+00 0.000000000000000000e+00 1.312923213340866369e-02 1.032605172584481236e-02 1.189740637695383199e-02 9.371080980402637928e-03
1.228986911636522095e+01 -2.920954075461611865e+03 -5.465661094481803417e+01 0.000000000000000000e+00 0.000000000000000000e+00 2.330401101104939698e-03 1.032605172584481236e-02 1.189740637695383199e-02 9.370851396149862400e-03
-1.718904700156078889e+02 -2.754825730785005362e+03 -4.894647396740219847e+01 0.000000000000000000e+00 0.000000000000000000e+00 8.926477701606927440e-03 1.032605172584481236e-02 1.189740637695383199e-02 9.370714974732300556e-03
-1.809171081519859399e+03 -2.009806656648582930e+03 -5.186995998256536922e+01 0.000000000000000000e+00 0.000000000000000000e+00 2.009921749176157846e-02 1.172405051801508023e-02 1.225765709660389148e-02 1.019119951699332463e-02
-1.809282187100990996e+03 -2.430804181673102448e+03 -6.359738048676901201e+01 0.000000000000000000e+00 0.000000000000000000e+00 3.053796449531631652e-02 1.172405051801508023e-02 1.225765709660389148e-02 1.019145740527666391e-02
-1.999466859334134824e+03 -2.178423275087919137e+03 -6.192133108770403993e+01 0.000000000000000000e+00 0.000000000000000000e+00 4.154500909445602019e-02 1.172405051801508023e-02 1.225765709660389148e-02 1.019144001887872797e-02
-2.181164873213570900e+03 -2.013603975757516537e+03 -6.345845812021180166e+01 0.000000000000000000e+00 0.000000000000000000e+00 2.716554200429754928e-02 1.312430388972468318e-02 1.264082762688185403e-02 1.102243877682352810e-02
-2.182276954857024975e+03 -2.431456138586363522e+03 -7.502006596690898732e+01 0.000000000000000000e+00 0.000000000000000000e+00 2.304688941717358830e-02 1.329596238835356430e-02 1.401923943300850510e-02 1.194323300539419826e-02
-2.483242248586301685e+03 -1.259186791655346042e+03 -5.882777013948710021e+01 0.000000000000000000e+00 0.000000000000000000e+00 8.191921928855094848e-03 1.312430388972468318e-02 1.264082762688185403e-02 1.102243649212817853e-02
-2.482696953625911192e+03 -1.678789087381054514e+03 -6.654503841682763721e+01 0.000000000000000000e+00 0.000000000000000000e+00 3.691419932749795407e-05 1.312430388972468318e-02 1.264082762688185403e-02 1.102259778977625511e-02
-2.854417094454320704e+03 -1.682241586086360940e+03 -8.171941183537994391e+01 0.000000000000000000e+00 0.000000000000000000e+00 7.142721915855076986e-03 1.469353541651381885e-02 1.441257563085815777e-02 1.277749097940416266e-02
-2.673449343995035179e+03 -1.428416572446351893e+03 -6.921739289621672242e+01 0.000000000000000000e+00 0.000000000000000000e+00 6.756429029053379054e-03 1.329596238835356430e-02 1.401923943300850510e-02 1.194317121788214184e-02
-2.855560819328398793e+03 -1.265778920196590207e+03 -7.415965409192470759e+01 0.000000000000000000e+00 0.000000000000000000e+00 1.342403003484093915e-02 1.487134692278830987e-02 1.578670676555980409e-02 1.369788134021402044e-02
-2.487299901393403616e+03 -9.337574205913241485e+02 -5.445921867137742112e+01 0.000000000000000000e+00 0.000000000000000000e+00 4.573109346829085098e-03 1.296766205559582961e-02 1.226946656824694226e-02 1.026067099466184893e-02
-2.486429362867206237e+03 -5.136822829217844628e+02 -5.051753511513917516e+01 0.000000000000000000e+00 0.000000000000000000e+00 1.775296059804531978e-03 1.296766205559582961e-02 1.226946656824694226e-02 1.026057921823777391e-02
-2.677911288214479555e+03 -6.820508690736899098e+02 -5.945436998770176729e+01 0.000000000000000000e+00 0.000000000000000000e+00 3.761875813665938040e-03 1.312430388972468318e-02 1.264082762688185403e-02 1.102251335576684942e-02
-2.860186418308661359e+03 -9.345514277318480936e+02 -6.978834192344289988e+01 0.000000000000000000e+00 0.000000000000000000e+00 5.719753355649004334e-03 1.469706323105122656e-02 1.541285722188043966e-02 1.293015646755983107e-02
-2.859995319455710614e+03 -5.157141573457387267e+02 -6.590255834367977172e+01 0.000000000000000000e+00 0.000000000000000000e+00 -1.376181321907665733e-02 1.469353541651381885e-02 1.441257563085815777e-02 1.277712414715950935e-02
-1.509149778514080253e+03 -2.756116486529780104e+03 -6.643022244961137801e+01 0.000000000000000000e+00 0.000000000000000000e+00 -2.394949686818392820e-02 1.172405051801508023e-02 1.225765709660389148e-02 1.019149717298031138e-02
-1.136776070493202496e+03 -2.752681315876699955e+03 -5.870787657639339585e+01 0.000000000000000000e+00 0.000000000000000000e+00 -8.285998150135043261e-02 1.050519101303208636e-02 1.224722751793626795e-02 1.012994303878179958e-02
-1.327370039269392237e+03 -2.921692037034682016e+03 -6.830065304545040306e+01 0.000000000000000000e+00 0.000000000000000000e+00 -4.612386284911451639e-02 1.172800626550406060e-02 1.330201434432763848e-02 1.036286888387758648e-02
-1.512105542120198606e+03 -3.175260080860487051e+03 -8.179398186088738498e+01 0.000000000000000000e+00 0.000000000000000000e+00 -2.241365917399207319e-02 1.190097577366683486e-02 1.364530317874646306e-02 1.111790388253270333e-02
-1.137967163033034467e+03 -3.174226962189431561e+03 -7.422946864459254357e+01 0.000000000000000000e+00 0.000000000000000000e+00 -2.987484053477373891e-02 1.172800626550406060e-02 1.330201434432763848e-02 1.036302981340675618e-02
-1.804608538174370324e+03 -2.758114292943203964e+03 -7.399303705987705371e+01 0.000000000000000000e+00 0.000000000000000000e+00 -1.273124174761619543e-02 1.190097577366683486e-02 1.364530317874646306e-02 1.111769472229504237e-02
-2.176683562103586610e+03 -2.758483626734777772e+03 -8.522779251306411652e+01 0.000000000000000000e+00 0.000000000000000000e+00 2.718865097449452151e-03 1.347518118938239445e-02 1.440134046518670025e-02 1.271524742426882043e-02
-1.994752679772744159e+03 -2.924164376706403800e+03 -8.523888746204607969e+01 0.000000000000000000e+00 0.000000000000000000e+00 -2.565135842019117263e-02 1.329596238835356430e-02 1.401923943300850510e-02 1.194345164378597147e-02
-2.178227745762390896e+03 -3.177205903568654776e+03 -1.002367741508529093e+02 0.000000000000000000e+00 0.000000000000000000e+00 -1.960121390305857858e-02 1.505922471949266116e-02 1.716574198343679553e-02 1.462358283196690985e-02
-1.806973287525266869e+03 -3.178301420004306692e+03 -8.927290687969312444e+01 0.000000000000000000e+00 0.000000000000000000e+00 -9.370955105424627618e-03 1.329986091708046728e-02 1.504569392573457121e-02 1.210722397474982455e-02
-2.474361409556078343e+03 -2.007996850647677775e+03 -7.377275902724140622e+01 0.000000000000000000e+00 0.000000000000000000e+00 9.372020951346371476e-03 1.329596238835356430e-02 1.401923943300850510e-02 1.194324414449324419e-02
-2.475853114784972604e+03 -2.428820619100509248e+03 -8.529509924071230387e+01 0.000000000000000000e+00 0.000000000000000000e+00 1.235198185939623272e-02 1.487134692278830987e-02 1.578670676555980409e-02 1.369809443944200976e-02
-2.849548294672785232e+03 -2.011789248079776826e+03 -8.896684937538758220e+01 0.000000000000000000e+00 0.000000000000000000e+00 1.386028783032600131e-02 1.487134692278830987e-02 1.578670676555980409e-02 1.369825099628834385e-02
-2.851365081120313334e+03 -2.433543892515178868e+03 -1.003688451288975898e+02 0.000000000000000000e+00 0.000000000000000000e+00 4.333121808934947694e-02 1.505541930351220192e-02 1.617678778704128087e-02 1.447411829572597432e-02
-2.667228926978382788e+03 -2.177674221145693082e+03 -8.564783472955549826e+01 0.000000000000000000e+00 0.000000000000000000e+00 6.504141066116631009e-03 1.347518118938239445e-02 1.440134046518670025e-02 1.271531067574486508e-02
-2.865790541699300775e+03 -1.921497112669330818e+02 -6.462704687745149101e+01 0.000000000000000000e+00 0.000000000000000000e+00 2.054310818674309758e-02 1.469706323105122656e-02 1.541285722188043966e-02 1.293000385721530809e-02
-2.491321266603729327e+03 -1.897906071182815992e+02 -4.918640024547501355e+01 0.000000000000000000e+00 0.000000000000000000e+00 -7.740365581895503055e-03 1.297123855315569785e-02 1.331289743024048622e-02 1.043053269401944018e-02
-2.682665772501284209e+03 6.077668189223993522e+01 -5.653602850333933105e+01 0.000000000000000000e+00 0.000000000000000000e+00 3.914366320531570409e-02 1.453292040036500803e-02 1.505644828064935450e-02 1.217161662997953871e-02
-2.869146994952149271e+03 2.242109840002131023e+02 -6.468799406700868815e+01 0.000000000000000000e+00 0.000000000000000000e+00 5.118451571495086228e-02 1.453686259517356603e-02 1.611430636306836542e-02 1.234906641457581000e-02
-2.492458525886145253e+03 2.317122253352344785e+02 -4.919801260108032182e+01 0.000000000000000000e+00 0.000000000000000000e+00 6.420025609138235723e-03 1.297123855315569785e-02 1.331289743024048622e-02 1.043052032447794666e-02
-4.719286389279524201e+02 -3.172296020249668800e+03 -6.594204683905105924e+01 0.000000000000000000e+00 0.000000000000000000e+00 1.927239624238552551e-02 1.033054280565911913e-02 1.297080208071791675e-02 9.557215634456453501e-03
-6.625775449421728354e+02 -2.919164829729960275e+03 -5.800201993097384445e+01 0.000000000000000000e+00 0.000000000000000000e+00 -1.555131527410935632e-02 1.032605172584481236e-02 1.189740637695383199e-02 9.370920233132962185e-03
-4.672783854635641774e+02 -2.751543787758542294e+03 -5.030945148507552034e+01 0.000000000000000000e+00 0.000000000000000000e+00 -1.124684085439753289e-02 1.032605172584481236e-02 1.189740637695383199e-02 9.370743389692522129e-03
-8.406538518339642678e+02 -2.752249320386811632e+03 -5.414415744774385075e+01 0.000000000000000000e+00 0.000000000000000000e+00 -2.906263011145426844e-02 1.050519101303208636e-02 1.224722751793626795e-02 1.012985217160507559e-02
-8.456286817553697119e+02 -3.170943117785335289e+03 -6.966946324343533092e+01 0.000000000000000000e+00 0.000000000000000000e+00 -3.203637616292098755e-02 1.172800626550406060e-02 1.330201434432763848e-02 1.036292455532770301e-02
-2.219139784474331464e+03 2.808637669524780449e+03 -8.578245564728376849e+01 0.000000000000000000e+00 0.000000000000000000e+00 8.415046887535027054e-03 1.564274061012198291e-02 1.473089670148161785e-02 1.150176876366739744e-02
-2.211867730779229987e+03 3.218762552694078749e+03 -9.994417801391176681e+01 0.000000000000000000e+00 0.000000000000000000e+00 2.103407635735266012e-02 1.705277258810865629e-02 1.613755117895903854e-02 1.249749215973218822e-02
-1.844305194314760229e+03 2.806979442649437260e+03 -7.435767714203846879e+01 0.000000000000000000e+00 0.000000000000000000e+00 -1.992984645298179203e-03 1.410476852551072538e-02 1.410476852551074446e-02 9.975963700879924428e-03
-1.838833987271574188e+03 3.220553070594145993e+03 -8.885592319360381452e+01 0.000000000000000000e+00 0.000000000000000000e+00 7.067885604035950564e-02 1.820746451307664326e-02 1.583639461350119099e-02 1.185899314443077460e-02
-2.031873195226332655e+03 3.056895608925828128e+03 -8.838988635322519372e+01 0.000000000000000000e+00 0.000000000000000000e+00 4.875681824773892004e-02 1.564274061012198291e-02 1.473089670148161785e-02 1.150176945637062902e-02
1.510071169556174482e+03 2.833740819952604852e+03 -6.683149586395788333e+01 0.000000000000000000e+00 0.000000000000000000e+00 1.713826232017368056e-02 1.283509325856996112e-02 1.521824565356376391e-02 1.011354472023167500e-02
1.319456146236568429e+03 3.082613878718774686e+03 -7.151478732477926314e+01 0.000000000000000000e+00 0.000000000000000000e+00 -1.979962616388775132e-02 1.565041358741744298e-02 1.691414172838002355e-02 1.189082579939720018e-02
1.136379019395730438e+03 2.832512776032861439e+03 -5.932691376769629699e+01 0.000000000000000000e+00 0.000000000000000000e+00 3.655523842107299970e-02 1.424046305010186371e-02 1.550371030659785689e-02 1.089314886598762196e-02
1.509131910012100889e+03 3.253376326888807853e+03 -8.190420310870044318e+01 0.000000000000000000e+00 0.000000000000000000e+00 -1.706916865688867802e-02 1.962105952819687832e-02 1.834873927376794514e-02 1.305526296256142443e-02
1.134686424450910863e+03 3.247370145536632208e+03 -7.428867956999306443e+01 0.000000000000000000e+00 0.000000000000000000e+00 -3.904122965272449619e-02 1.692572223061287323e-02 1.692572223061289058e-02 1.197105055662359835e-02
1.986630962417221554e+03 3.086112313557544894e+03 -8.809076709480071088e+01 0.000000000000000000e+00 0.000000000000000000e+00 -4.688275133204911072e-03 1.834021641269128339e-02 1.945794545877474815e-02 1.318315358867402053e-02
2.175838944211644048e+03 2.834991323384372663e+03 -8.523811260232278642e+01 0.000000000000000000e+00 0.000000000000000000e+00 -1.924560937979435948e-02 1.692975192105164450e-02 1.804813326577023661e-02 1.218593616074603071e-02
1.801151569058387850e+03 2.835408647085237135e+03 -7.412675997711340870e+01 0.000000000000000000e+00 0.000000000000000000e+00 -3.016940575406579228e-03 1.551928967625509914e-02 1.663843373591745653e-02 1.118849794305150011e-02
2.177452441037816243e+03 3.256876163171619282e+03 -1.002635443609016050e+02 0.000000000000000000e+00 0.000000000000000000e+00 4.852416791926827955e-02 1.962481384003359267e-02 1.946976316229718021e-02 1.326867274466692233e-02
1.801528803199220647e+03 3.251679977742703613e+03 -8.902718297085863242e+01 0.000000000000000000e+00 0.000000000000000000e+00 2.626853691270980562e-02 2.091687535838199913e-02 1.948244826670438024e-02 1.335877526832916773e-02
