# x y z x_res y_res z_res x_res_err y_res_err z_res_err
1.150168951716862239e+03 2.449913368890214258e+02 -1.092944180879719696e+01 0.000000000000000000e+00 0.000000000000000000e+00 1.493001673709493105e-02 2.626206361748636975e-02 2.361152500215317473e-02 1.385708968075156922e-02
1.525636654105866228e+03 -1.710919952767752932e+02 -1.875458671260556898e+01 0.000000000000000000e+00 0.000000000000000000e+00 3.807292956319940913e-02 2.754969758106329963e-02 2.477082394110625280e-02 1.334736796407540518e-02
1.150113808196063474e+03 -1.730113004819741604e+02 -1.077435873946631162e+01 0.000000000000000000e+00 0.000000000000000000e+00 2.757247335120815990e-02 2.620168533369030689e-02 2.348598142245078221e-02 1.310202784816002705e-02
1.335223812930882787e+03 7.915175208685784014e+01 -1.425629928285995263e+01 0.000000000000000000e+00 0.000000000000000000e+00 7.358695135158299649e-03 2.626206361748636975e-02 2.361152500215317473e-02 1.385743401986904745e-02
1.525246376424312302e+03 2.496001982723959145e+02 -1.889113963093031145e+01 0.000000000000000000e+00 0.000000000000000000e+00 5.835124436259775393e-03 2.756334001013816329e-02 2.372929027504997596e-02 1.389514064454150204e-02
4.799509885998297705e+02 2.420598467716561970e+02 -2.216835001154580986e+00 0.000000000000000000e+00 0.000000000000000000e+00 3.542251731146617288e-02 2.233482381670747960e-02 2.211993089483916750e-02 1.356836292849771496e-02
8.560374390083641174e+02 2.487174451852067989e+02 -6.246593139406400041e+00 0.000000000000000000e+00 0.000000000000000000e+00 1.322479350068306303e-02 2.362436097910720900e-02 2.222630735210836747e-02 1.360076040775091456e-02
8.561817204360962705e+02 -1.746461075523874626e+02 -6.070274326478061866e+00 0.000000000000000000e+00 0.000000000000000000e+00 2.298402074765792946e-02 2.365663344453479075e-02 2.444843788348863636e-02 1.323555636024091771e-02
6.654715157712075779e+02 7.607351740991464339e+01 -3.581688698626513734e+00 0.000000000000000000e+00 0.000000000000000000e+00 1.222770255125249506e-02 2.367251954557266988e-02 2.339255465269027279e-02 1.378757904815998241e-02
4.809141421486613126e+02 -1.747735453960179939e+02 -2.052267705679128085e+00 0.000000000000000000e+00 0.000000000000000000e+00 2.310516213486168979e-02 2.231489264514933610e-02 2.316422733245323065e-02 1.299487915500110134e-02
1.837349390970271941e+02 5.768809047449843774e+02 -2.391625480595959807e+00 0.000000000000000000e+00 0.000000000000000000e+00 7.517280589842467720e-03 1.972176835969773057e-02 2.075417552317682449e-02 1.333058079126579060e-02
-1.925693773806983984e+02 9.906456446921217776e+02 -6.522299770253929374e+00 0.000000000000000000e+00 0.000000000000000000e+00 2.557024263735740988e-02 1.729104573546184215e-02 2.072892043310969185e-02 1.408267616467870700e-02
-6.970067669601987426e+00 8.258799360311038527e+02 -4.338263682158622458e+00 0.000000000000000000e+00 0.000000000000000000e+00 3.458605663747782444e-03 1.854396952156119743e-02 2.081494479831703243e-02 1.410597892469274070e-02
-1.922927291536304324e+02 5.739284604981145321e+02 -2.395671889329009208e+00 0.000000000000000000e+00 0.000000000000000000e+00 2.596247534715745431e-02 1.845149643805499978e-02 2.066098047628078804e-02 1.330382673338808240e-02
1.833207365705419534e+02 9.962334263574820170e+02 -6.564767105068463948e+00 0.000000000000000000e+00 0.000000000000000000e+00 4.406806289667830612e-02 1.980831219580832248e-02 2.090745355997620028e-02 1.413132374170578652e-02
-1.905614788973450402e+02 2.424483699193872042e+02 -6.667536838215206707e-01 0.000000000000000000e+00 0.000000000000000000e+00 -2.712032246944495739e-02 1.850938749163590427e-02 2.183700007472137369e-02 1.348337290104051171e-02
1.855324095610498887e+02 2.490121856100514321e+02 -6.722277925229197537e-01 0.000000000000000000e+00 0.000000000000000000e+00 -2.749969470121738091e-03 1.977594123538866516e-02 2.192519691288900494e-02 1.350977125206099562e-02
1.869757620158844986e+02 -1.726568910850778309e+02 -4.722366843552379678e-01 0.000000000000000000e+00 0.000000000000000000e+00 -2.604635873058813722e-02 2.110563696217626628e-02 2.319617909298924904e-02 1.372593392512003359e-02
-4.072195368275552063e+00 7.727003633740832811e+01 -3.841135449677648278e-02 0.000000000000000000e+00 0.000000000000000000e+00 -4.979849039334149213e-02 1.983344654138313040e-02 2.310664697306106033e-02 1.369800021076501145e-02
-1.886085397085052477e+02 -1.731767247898850428e+02 -4.783170597279338687e-01 0.000000000000000000e+00 0.000000000000000000e+00 -2.066959402623586017e-02 1.857081514850342577e-02 2.302297650027240739e-02 1.367199193411640021e-02
8.536361265194033194e+02 5.784759684630353149e+02 -7.929502723823787846e+00 0.000000000000000000e+00 0.000000000000000000e+00 3.750212849065803766e-02 2.369665623002953705e-02 2.236950046885526761e-02 1.438636192236980409e-02
6.647230403688403158e+02 8.281893168161506082e+02 -7.866272656815188391e+00 0.000000000000000000e+00 0.000000000000000000e+00 1.648927164544922164e-02 2.236349112335608152e-02 2.111157733297217010e-02 1.418737286761933940e-02
4.789289930430527420e+02 5.787100054963715365e+02 -3.962643335517648246e+00 0.000000000000000000e+00 0.000000000000000000e+00 8.015550195021869939e-03 2.105160710289892198e-02 2.201953337029004948e-02 1.353826627485235981e-02
4.798068994454775975e+02 9.945981307143709955e+02 -8.100133555652147876e+00 0.000000000000000000e+00 0.000000000000000000e+00 2.891599081021389850e-02 2.108201939843256864e-02 2.100636104942789004e-02 1.415847396189390262e-02
8.553136941704342462e+02 9.989564311558723375e+02 -1.211493737907712109e+01 0.000000000000000000e+00 0.000000000000000000e+00 3.020626307066542893e-02 2.365146532399686752e-02 2.122300858040609972e-02 1.421833260777970002e-02
1.897358506457363205e+02 -5.035292174207725111e+02 -1.922479546760132330e+00 0.000000000000000000e+00 0.000000000000000000e+00 7.317245871372390909e-03 2.108781723822413315e-02 2.426061059160986369e-02 1.317122194099027907e-02
-1.854644665186287398e+02 -5.091815503293473171e+02 -1.946521731796085231e+00 0.000000000000000000e+00 0.000000000000000000e+00 -4.206034840449923706e-02 1.855056062693109797e-02 2.409506067009994229e-02 1.311499867124716993e-02
-9.635820321862218485e-01 -6.748001738834370826e+02 -2.935650930594114971e+00 0.000000000000000000e+00 0.000000000000000000e+00 -1.022423904485636470e-02 1.980538586948676211e-02 2.527139841155988734e-02 1.263859831891126287e-02
1.892286607757863237e+02 -9.243575372179005853e+02 -5.803162156285528894e+00 0.000000000000000000e+00 0.000000000000000000e+00 6.431296604022307406e-03 2.114302498768936417e-02 2.656436132227973923e-02 1.290581556087446076e-02
-1.862822484767341678e+02 -9.254560603794781173e+02 -5.807397998775672754e+00 0.000000000000000000e+00 0.000000000000000000e+00 -4.206354610742035760e-02 1.861329549893731700e-02 2.641325453022962469e-02 1.284842573994769699e-02
-4.813011973934142134e+02 -1.772096100577088293e+02 -2.060799091956348139e+00 0.000000000000000000e+00 0.000000000000000000e+00 1.776653785115378525e-03 1.731983349484419316e-02 2.294523179872677912e-02 1.364791188614533808e-02
-6.730049064050364223e+02 7.374143159535064740e+01 -3.660132066119641703e+00 0.000000000000000000e+00 0.000000000000000000e+00 -1.453500603052848561e-02 1.731983349484419316e-02 2.294523179872677912e-02 1.364797840284593528e-02
-8.560956209906496497e+02 2.395441008780232437e+02 -6.219318214349453200e+00 0.000000000000000000e+00 0.000000000000000000e+00 2.706042117943940895e-02 1.601225227047317276e-02 2.167931977172206023e-02 1.343652490514181744e-02
-4.812456528183823252e+02 2.451862830993379418e+02 -2.236455699295641253e+00 0.000000000000000000e+00 0.000000000000000000e+00 1.088131087465393776e-02 1.725395265800767908e-02 2.175501752765528207e-02 1.345895317284467527e-02
-8.580851843776894157e+02 -1.781239649226410506e+02 -6.104395692469778645e+00 0.000000000000000000e+00 0.000000000000000000e+00 3.570129825017431813e-02 1.608322022287918263e-02 2.287347329185694320e-02 1.362580080930163133e-02
1.786254362447270694e+02 2.493875925134976114e+03 -3.885714868812801370e+01 0.000000000000000000e+00 0.000000000000000000e+00 -1.315044689565780800e-02 2.016397900062642801e-02 2.050953572100604194e-02 1.730478376022602863e-02
1.781206868344989402e+02 2.073018422591273975e+03 -2.710562712794777340e+01 0.000000000000000000e+00 0.000000000000000000e+00 4.981782918811461514e-04 2.005371061836815072e-02 2.030672672094105055e-02 1.646031044095670401e-02
-1.958006437788257301e+02 2.489002239885409381e+03 -3.875884780776249272e+01 0.000000000000000000e+00 0.000000000000000000e+00 -5.176035663922817776e-02 1.892341466828028132e-02 2.041522392935346888e-02 1.728416624436466403e-02
-1.059620612232245840e+01 2.322774098608239456e+03 -3.358970624924422310e+01 0.000000000000000000e+00 0.000000000000000000e+00 -6.633519659433773086e-02 1.880587363392707823e-02 2.021146859368227675e-02 1.643888838843537981e-02
-1.962893945674073564e+02 2.071505805305657759e+03 -2.711981987895473267e+01 0.000000000000000000e+00 0.000000000000000000e+00 -1.119831343534372081e-02 1.757163453252076277e-02 2.012286455946598468e-02 1.641855307182710569e-02
6.603057209843261717e+02 2.326684354968162552e+03 -3.705718358150588898e+01 0.000000000000000000e+00 0.000000000000000000e+00 -4.329103225736474769e-02 2.267912150669687890e-02 2.071758042375425671e-02 1.735048778624018878e-02
4.742607685853611770e+02 2.075916911794314274e+03 -2.867652774245670955e+01 0.000000000000000000e+00 0.000000000000000000e+00 -1.045246752974193782e-02 2.131275719925815326e-02 2.040854576630438816e-02 1.648363117453445492e-02
8.499650345512070544e+02 2.496887337376746473e+03 -4.423975866577458760e+01 0.000000000000000000e+00 0.000000000000000000e+00 -9.624447387238888041e-03 2.267912150669687890e-02 2.071758042375425671e-02 1.735079070042405344e-02
4.745204324386003236e+02 2.491363976113566423e+03 -4.026382350502136376e+01 0.000000000000000000e+00 0.000000000000000000e+00 1.875405092174986521e-02 2.141654404909863058e-02 2.061035287586271414e-02 1.732696475270448927e-02
8.496793815217871497e+02 2.076469623175744800e+03 -3.253543071485642457e+01 0.000000000000000000e+00 0.000000000000000000e+00 -4.383574296745962329e-03 2.258113842885406050e-02 2.051682805022462391e-02 1.650866939018514820e-02
1.820113235134105594e+02 1.745388032250037213e+03 -1.939389184180016912e+01 0.000000000000000000e+00 0.000000000000000000e+00 -1.628772985637993997e-02 1.990242121138665471e-02 1.900075375299411021e-02 1.548768898638199637e-02
-9.036397313544814125e+00 1.574662255060856978e+03 -1.561423111072497250e+01 0.000000000000000000e+00 0.000000000000000000e+00 -2.263592128706370943e-02 1.858901947548318237e-02 1.983347477022889133e-02 1.476831695739314054e-02
-1.927299708970534198e+02 1.741258779781285511e+03 -1.933600521603105449e+01 0.000000000000000000e+00 0.000000000000000000e+00 4.963701516317087226e-03 1.745224954731849562e-02 1.992799026170221852e-02 1.557848584538543309e-02
-1.937816614116403855e+02 1.324693783385785991e+03 -1.138428858416270195e+01 0.000000000000000000e+00 0.000000000000000000e+00 1.494755810019121611e-02 1.733935125860064375e-02 1.974317443640999717e-02 1.474578288351985345e-02
1.807145377563954014e+02 1.325089043412310048e+03 -1.135232081088092571e+01 0.000000000000000000e+00 0.000000000000000000e+00 3.108442159760649304e-02 1.985049297851091549e-02 1.993053960300328331e-02 1.479225015716468389e-02
4.717383270900861021e+02 2.823822750867728246e+03 -5.092587966399479882e+01 0.000000000000000000e+00 0.000000000000000000e+00 -6.064321703509278905e-02 2.282613337027130512e-02 2.201642815096562997e-02 1.832191675273721690e-02
8.484772155683111805e+02 2.824735654673184854e+03 -5.473454768019804817e+01 0.000000000000000000e+00 0.000000000000000000e+00 -7.626342982760547784e-03 2.408938441274939557e-02 2.212330229067438134e-02 1.834590789469031646e-02
4.722608211927384332e+02 3.240872756790831318e+03 -6.605745897977224956e+01 0.000000000000000000e+00 0.000000000000000000e+00 1.097543991811278374e-02 3.079337141579559581e-02 2.442100339895856079e-02 2.113569296700792965e-02
6.573915970927819217e+02 3.075585599962412743e+03 -6.141378443464884640e+01 0.000000000000000000e+00 0.000000000000000000e+00 -3.569650744666574838e-02 2.814114824185970018e-02 2.396262699726988549e-02 2.023555140999794277e-02
8.493956118167242266e+02 3.246014310170525732e+03 -6.999774148973830279e+01 0.000000000000000000e+00 0.000000000000000000e+00 1.518095904248184524e-02 2.951281466087291028e-02 2.429482449905951205e-02 2.110906888021275504e-02
-8.604552115521714768e+02 5.742434925270812300e+02 -7.991586469723336528e+00 0.000000000000000000e+00 0.000000000000000000e+00 -1.667762611625089875e-02 1.601225227047317276e-02 2.167931977172206023e-02 1.343661954067706596e-02
-8.592307666594049351e+02 9.892291251143818727e+02 -1.204686619206195886e+01 0.000000000000000000e+00 0.000000000000000000e+00 1.164114703182583810e-02 1.483100896642234982e-02 2.057664407441011853e-02 1.404154701569441770e-02
-6.750541870743239770e+02 8.244499959464335461e+02 -7.937013513328304626e+00 0.000000000000000000e+00 0.000000000000000000e+00 -1.410995599079534202e-02 1.594529768493840524e-02 2.049425401771076335e-02 1.325636440038836100e-02
-4.841172730894219853e+02 9.953273806639111854e+02 -8.142126706708447514e+00 0.000000000000000000e+00 0.000000000000000000e+00 -1.271737944923501118e-02 1.729104573546184215e-02 2.072892043310969185e-02 1.408274265181662377e-02
-4.847128882727590735e+02 5.740712389200899679e+02 -3.973117399803382632e+00 0.000000000000000000e+00 0.000000000000000000e+00 -2.956265759458887032e-02 1.725395265800767908e-02 2.175501752765528207e-02 1.345904908959601014e-02
-4.884697837668722968e+02 1.325951365888188320e+03 -1.298706259828580123e+01 0.000000000000000000e+00 0.000000000000000000e+00 1.545987070140064645e-02 1.610423678780335127e-02 1.965973181308696902e-02 1.472523577945454229e-02
-4.892142293149133820e+02 1.744222061261536510e+03 -2.097788960885949550e+01 0.000000000000000000e+00 0.000000000000000000e+00 -1.175850371978981457e-03 1.622573125348691220e-02 1.984532473925507134e-02 1.555903671194576107e-02
-6.802059486366790679e+02 1.576803434291123494e+03 -1.927700069992639342e+01 0.000000000000000000e+00 0.000000000000000000e+00 2.627605767618135246e-02 1.610423678780335127e-02 1.965973181308696902e-02 1.472547768099359902e-02
-8.623241323989741431e+02 1.741309455473272237e+03 -2.484387682266927300e+01 0.000000000000000000e+00 0.000000000000000000e+00 3.739951409763264678e-02 1.622573125348691220e-02 1.984532473925507134e-02 1.555915552188998942e-02
-8.632517250539232236e+02 1.322599400916863033e+03 -1.691082143649029845e+01 0.000000000000000000e+00 0.000000000000000000e+00 1.454462655390997838e-02 1.476337251113423593e-02 1.940732439027648137e-02 1.388050258496214238e-02
-1.152695804790406783e+03 2.425512104309601114e+02 -1.096832081758160449e+01 0.000000000000000000e+00 0.000000000000000000e+00 -5.172958370575742038e-03 1.478774650381311888e-02 2.160997285216603378e-02 1.341600731308735354e-02
-1.342917948685724014e+03 7.224403518687263670e+01 -1.441395219995482080e+01 0.000000000000000000e+00 0.000000000000000000e+00 -1.355452249772426399e-02 1.475762601173420153e-02 2.267776469999779887e-02 1.283583449474550234e-02
-1.153057121440336914e+03 -1.783700037391636215e+02 -1.084086706750923668e+01 0.000000000000000000e+00 0.000000000000000000e+00 -8.924514801211813619e-04 1.598443935877796526e-02 2.274385611284269332e-02 1.285735431871209977e-02
-1.528264567812599353e+03 -1.800193115437440667e+02 -1.883937425108379671e+01 0.000000000000000000e+00 0.000000000000000000e+00 1.892569959983347871e-02 1.494560109336976784e-02 2.401293594409833684e-02 1.380404192462601244e-02
-1.527413696739423585e+03 2.368349242089193751e+02 -1.890608726924250860e+01 0.000000000000000000e+00 0.000000000000000000e+00 1.426005537014063407e-02 1.486456177037836016e-02 2.280775748161285865e-02 1.360582793151879875e-02
-1.156556837799049163e+03 9.923182733920662031e+02 -1.680638440681930490e+01 0.000000000000000000e+00 0.000000000000000000e+00 -1.087905416304124628e-02 1.483100896642234982e-02 2.057664407441011853e-02 1.404168906043546175e-02
-1.156310541198619831e+03 5.709734012988645873e+02 -1.269668299828915359e+01 0.000000000000000000e+00 0.000000000000000000e+00 -1.493950981200420358e-02 1.478774650381311888e-02 2.160997285216603378e-02 1.341609674456233602e-02
-1.531836020582130914e+03 9.862339945934107845e+02 -2.464648126646212845e+01 0.000000000000000000e+00 0.000000000000000000e+00 -2.108648001649271464e-02 1.483100896642234982e-02 2.057664407441011853e-02 1.404192021554653315e-02
-1.531998214199377571e+03 5.714122576743604895e+02 -2.066932473195666731e+01 0.000000000000000000e+00 0.000000000000000000e+00 -4.970257069456351928e-02 1.478774650381311888e-02 2.160997285216603378e-02 1.341634826516235196e-02
-1.346971301219432007e+03 8.209604148710449181e+02 -1.862572716498219449e+01 0.000000000000000000e+00 0.000000000000000000e+00 -2.859673981823007693e-02 1.483100896642234982e-02 2.057664407441011853e-02 1.404171250295776878e-02
1.154051236383717651e+03 -5.052666206137938616e+02 -1.231618931959615360e+01 0.000000000000000000e+00 0.000000000000000000e+00 -1.028914682864723318e-02 2.619217158444747326e-02 2.454748150632835718e-02 1.258458684043911417e-02
1.529209528739536609e+03 -9.207461972241115973e+02 -2.415826643582898114e+01 0.000000000000000000e+00 0.000000000000000000e+00 -4.146677430973966239e-03 2.759197902589372378e-02 2.703112622337777021e-02 1.308568274889962933e-02
1.529178688599447696e+03 -5.009681234068683580e+02 -2.029740439069196611e+01 0.000000000000000000e+00 0.000000000000000000e+00 7.391183240353527140e-02 2.754969758106329963e-02 2.477082394110625280e-02 1.334749412528936710e-02
1.339199943691770159e+03 -6.714377743047305103e+02 -1.726284844988833100e+01 0.000000000000000000e+00 0.000000000000000000e+00 -6.325934702470803472e-02 2.624087828519207008e-02 2.573384068236656691e-02 1.281125655585880693e-02
8.585346413566954880e+02 -5.012427359628994168e+02 -7.534654362616326928e+00 0.000000000000000000e+00 0.000000000000000000e+00 2.890589680300426068e-02 2.371054927238525761e-02 2.563938031436591158e-02 1.345088728330240749e-02
6.694688268675519112e+02 -6.723815499227010832e+02 -6.516929479175520790e+00 0.000000000000000000e+00 0.000000000000000000e+00 -9.652928675406791115e-03 2.371054927238525761e-02 2.563938031436591158e-02 1.345079500399140419e-02
4.830955187170409317e+02 -5.077194980896288143e+02 -3.536428833907907521e+00 0.000000000000000000e+00 0.000000000000000000e+00 -1.835039592628895377e-02 2.236895681924577078e-02 2.435177035093908510e-02 1.320236719137454773e-02
8.595802879880014871e+02 -9.225810433790306888e+02 -1.142756698431520768e+01 0.000000000000000000e+00 0.000000000000000000e+00 -2.512150534045964889e-02 2.370585952220244028e-02 2.673600907251680661e-02 1.297158639205459908e-02
4.830213744287346458e+02 -9.237612363341485207e+02 -7.384454603772034886e+00 0.000000000000000000e+00 0.000000000000000000e+00 -6.510705176029052410e-02 2.242101021226733382e-02 2.664764127287394882e-02 1.293760031004855329e-02
1.761411255072320898e+02 2.824276872516299591e+03 -4.948440262017687985e+01 0.000000000000000000e+00 0.000000000000000000e+00 -5.478803173211588273e-03 2.152571746235855399e-02 2.082156512378337612e-02 1.817588308625990925e-02
-2.001512117827724353e+02 2.823051395980521647e+03 -4.951147118694144211e+01 0.000000000000000000e+00 0.000000000000000000e+00 -1.613391235223105014e-02 1.909935692712133246e-02 2.173214987058466607e-02 1.825902914222088738e-02
-1.441211190010355381e+01 3.073911905084509272e+03 -5.808982146562291859e+01 0.000000000000000000e+00 0.000000000000000000e+00 -4.137655476312573910e-02 2.309347563151896779e-02 2.352918385991917619e-02 2.014111884040351366e-02
1.772313308124237494e+02 3.244874408205469081e+03 -6.477084279638138753e+01 0.000000000000000000e+00 0.000000000000000000e+00 3.476962315716036755e-04 2.434285713492481337e-02 2.362921684761912916e-02 2.016302435490847228e-02
-1.984915355030632327e+02 3.239179634987780901e+03 -6.461117643713602376e+01 0.000000000000000000e+00 0.000000000000000000e+00 -8.487435886607386237e-03 2.309347563151896779e-02 2.352918385991917619e-02 2.014138702997878699e-02
-1.355167678348662548e+03 3.073999308880410808e+03 -7.191678435622689847e+01 0.000000000000000000e+00 0.000000000000000000e+00 2.070741901472672453e-02 1.683810557751327930e-02 2.178643208970318379e-02 1.907630190656861222e-02
-1.163029761659549195e+03 2.823199660564979240e+03 -5.947556979365966612e+01 0.000000000000000000e+00 0.000000000000000000e+00 4.309717500827048298e-02 1.669072294681459706e-02 2.157370324025874656e-02 1.822452623875261274e-02
-1.163569361120738222e+03 3.241369023751882196e+03 -7.455499080342814011e+01 0.000000000000000000e+00 0.000000000000000000e+00 2.148785497699634561e-02 3.284778515447590863e-02 2.822911653125996165e-02 2.737171434286099492e-02
-1.539586515780688160e+03 2.821828889397440889e+03 -6.710874613859081705e+01 0.000000000000000000e+00 0.000000000000000000e+00 2.220331633620276079e-02 1.669072294681459706e-02 2.157370324025874656e-02 1.822471515018620272e-02
-1.537090699090306316e+03 3.239857482222729232e+03 -8.202230092257174476e+01 0.000000000000000000e+00 0.000000000000000000e+00 3.322231379711126920e-02 2.076055172430665147e-02 2.356300931585633002e-02 2.095538979214246408e-02
-1.157101412393048122e+03 2.496741137287711354e+03 -4.894428441437158739e+01 0.000000000000000000e+00 0.000000000000000000e+00 6.399403892416444251e-04 1.536806113707193944e-02 2.129957191750939810e-02 1.736189188619075702e-02
-1.346895984740314134e+03 2.323286061912474452e+03 -4.752775628571949085e+01 0.000000000000000000e+00 0.000000000000000000e+00 9.396037889501940299e-03 1.522309310029762615e-02 2.110435638670162331e-02 1.652066388456346901e-02
-1.154151587661229314e+03 2.076604964538232707e+03 -3.724584373188583442e+01 0.000000000000000000e+00 0.000000000000000000e+00 -7.749181829211693184e-03 1.515720635475888318e-02 1.996596647100703018e-02 1.638338620859825651e-02
-1.530694895945613553e+03 2.072616058527440600e+03 -4.491454770060079937e+01 0.000000000000000000e+00 0.000000000000000000e+00 -3.731662072006969311e-02 1.522309310029762615e-02 2.110435638670162331e-02 1.652049430603902413e-02
-1.533346308017357842e+03 2.488740151684610282e+03 -5.640778466851281792e+01 0.000000000000000000e+00 0.000000000000000000e+00 -5.916356691123780820e-03 1.530279856932040966e-02 2.017220172647543261e-02 1.723177576954966136e-02
-8.636735332215723702e+02 2.487930984427696330e+03 -4.414920668574433904e+01 0.000000000000000000e+00 0.000000000000000000e+00 -1.298863713134323916e-02 1.654968516996674702e-02 2.136992613376052438e-02 1.737776583347430334e-02
-6.823731858882532606e+02 2.322957963708868647e+03 -3.717955170369771878e+01 0.000000000000000000e+00 0.000000000000000000e+00 -1.040531022908197656e-02 1.635407229386550559e-02 2.004100287447219478e-02 1.640039622812929435e-02
-8.658321927546955976e+02 2.070790631583081449e+03 -3.260542212251902328e+01 0.000000000000000000e+00 0.000000000000000000e+00 2.838725863227864465e-04 1.622573125348691220e-02 1.984532473925507134e-02 1.555945403585646224e-02
-4.920811886485325317e+02 2.072212044526965201e+03 -2.871554355640182621e+01 0.000000000000000000e+00 0.000000000000000000e+00 -1.044678191937009615e-02 1.757163453252076277e-02 2.012286455946598468e-02 1.641860708597118676e-02
-4.905766669881530788e+02 2.491355227528762043e+03 -4.038239301191666186e+01 0.000000000000000000e+00 0.000000000000000000e+00 -1.511576590055341285e-02 1.897622938750666288e-02 2.152987249059276631e-02 1.741411536580003694e-02
-4.961892143428990494e+02 2.821589024759798576e+03 -5.102995647945177637e+01 0.000000000000000000e+00 0.000000000000000000e+00 -5.788791816272009783e-03 2.032918742743043336e-02 2.182077050434125601e-02 1.827860611284110384e-02
-8.693316613843840059e+02 2.821724239867414326e+03 -5.490429031154673112e+01 0.000000000000000000e+00 0.000000000000000000e+00 2.249302077872528116e-02 1.788538207695938853e-02 2.164977028429540193e-02 1.824109470704596281e-02
-8.662870055040575608e+02 3.240900280806268711e+03 -7.001839662641799578e+01 0.000000000000000000e+00 0.000000000000000000e+00 5.711183964973542970e-02 2.718433227743349487e-02 2.450635534220985470e-02 2.276818025260702802e-02
-6.870940198411211668e+02 3.073638013069085446e+03 -6.164361055851190230e+01 0.000000000000000000e+00 0.000000000000000000e+00 7.828292194531627501e-04 1.922828650664791181e-02 2.194334271933177233e-02 1.910929506157623900e-02
-4.952779043277637356e+02 3.242295016459149338e+03 -6.627967217737271710e+01 0.000000000000000000e+00 0.000000000000000000e+00 1.129366117480401499e-02 2.062891450284630099e-02 2.334620761473645695e-02 2.010205584463173323e-02
-1.158753177231253176e+03 1.749302765609408652e+03 -2.967025079535122600e+01 0.000000000000000000e+00 0.000000000000000000e+00 -1.918020298137079749e-02 1.508513300099577174e-02 2.091862749534012522e-02 1.568567225985153038e-02
-1.531891591971997968e+03 1.743094693258505913e+03 -3.730708180568397836e+01 0.000000000000000000e+00 0.000000000000000000e+00 -3.165909014794010545e-02 1.508513300099577174e-02 2.091862749534012522e-02 1.568586771510842304e-02
-1.531892217284302205e+03 1.324581732857333691e+03 -2.945571070629118182e+01 0.000000000000000000e+00 0.000000000000000000e+00 -3.077527686886938341e-02 1.376627882879077544e-02 2.067706557813201590e-02 1.484219400862011110e-02
-1.157262410840177608e+03 1.328641100704616065e+03 -2.166324454763771001e+01 0.000000000000000000e+00 0.000000000000000000e+00 -3.406154406462746920e-03 1.495437479351740401e-02 2.074264007412784591e-02 1.485894520490871687e-02
-1.350064330859825304e+03 1.578409509650154178e+03 -2.990498855381372678e+01 0.000000000000000000e+00 0.000000000000000000e+00 -3.577908980759403335e-02 1.488729882837725241e-02 1.958323456095232770e-02 1.470691864122517303e-02
-1.829189284106467994e+03 1.324882055978324615e+03 -3.721574457632247857e+01 0.000000000000000000e+00 0.000000000000000000e+00 -3.907430771379694079e-02 1.502574557141708213e-02 2.191427788604816476e-02 1.502047624618091728e-02
-2.204156384552291456e+03 1.323410298335491234e+03 -4.885343701509228964e+01 0.000000000000000000e+00 0.000000000000000000e+00 -1.096438700356117124e-02 1.495437479351740401e-02 2.074264007412784591e-02 1.485969710961834722e-02
-1.831586762103417641e+03 1.745224784388339231e+03 -4.511405848510651140e+01 0.000000000000000000e+00 0.000000000000000000e+00 -4.039101520708499038e-02 1.508513300099577174e-02 2.091862749534012522e-02 1.568607000097949414e-02
-2.022135134467294847e+03 1.575037549702896058e+03 -4.733920746214420205e+01 0.000000000000000000e+00 0.000000000000000000e+00 -4.027575612269629346e-02 1.495437479351740401e-02 2.074264007412784591e-02 1.485971776585003415e-02
-2.203570190142829688e+03 1.739239545868888627e+03 -5.647364007547074749e+01 0.000000000000000000e+00 0.000000000000000000e+00 -9.406407283492512761e-03 1.508513300099577174e-02 2.091862749534012522e-02 1.568636074667583910e-02
-1.824534357609299150e+03 9.914615912793179859e+02 -3.237651047359974399e+01 0.000000000000000000e+00 0.000000000000000000e+00 -4.196986392308588165e-03 1.490297055871987568e-02 2.175722269470721157e-02 1.421249094724367536e-02
-1.825998508129592665e+03 5.701732713782964765e+02 -2.840886760128901400e+01 0.000000000000000000e+00 0.000000000000000000e+00 4.526459028113549721e-03 1.490297055871987568e-02 2.175722269470721157e-02 1.421229837560859799e-02
-2.198962727212690879e+03 5.698928298112394941e+02 -4.010795696897319829e+01 0.000000000000000000e+00 0.000000000000000000e+00 -7.983927343104824104e-03 1.497919495294817299e-02 2.294732259013666786e-02 1.439174326124378032e-02
-2.198604895490136641e+03 9.895749526175126221e+02 -4.402046072696835211e+01 0.000000000000000000e+00 0.000000000000000000e+00 5.888222852597380097e-03 1.490297055871987568e-02 2.175722269470721157e-02 1.421283086923033623e-02
-2.016023765354028683e+03 8.231518922746585076e+02 -3.623972380381336933e+01 0.000000000000000000e+00 0.000000000000000000e+00 -3.155405120017462650e-02 1.497919495294817299e-02 2.294732259013666786e-02 1.439167549788940986e-02
-2.196818838006504393e+03 -1.807142636188585527e+02 -3.842887376076885175e+01 0.000000000000000000e+00 0.000000000000000000e+00 1.073907987039532941e-01 1.494560109336976784e-02 2.401293594409833684e-02 1.380466834122308362e-02
-1.822274253858997781e+03 2.398996793473714888e+02 -2.669431533334525497e+01 0.000000000000000000e+00 0.000000000000000000e+00 -1.013980881555553992e-02 1.486456177037836016e-02 2.280775748161285865e-02 1.360607553591757640e-02
-1.822797963387819436e+03 -1.790944918980449927e+02 -2.663472693986804174e+01 0.000000000000000000e+00 0.000000000000000000e+00 4.851151767797645675e-02 1.483924933812205173e-02 2.388950194340118405e-02 1.304616746981277810e-02
-2.012529339690869165e+03 6.987639039214698755e+01 -3.212425952399560458e+01 0.000000000000000000e+00 0.000000000000000000e+00 3.003702019572074278e-02 1.366866138114548879e-02 2.274813673727201987e-02 1.358764746445095990e-02
-2.197218468898654464e+03 2.353223303611858341e+02 -3.846857061554576518e+01 0.000000000000000000e+00 0.000000000000000000e+00 2.686377985965293647e-02 1.497919495294817299e-02 2.294732259013666786e-02 1.439166545661423220e-02
-2.493325271486890870e+03 2.376241326813596402e+02 -4.924653607900795294e+01 0.000000000000000000e+00 0.000000000000000000e+00 6.507873125307384043e-02 1.497919495294817299e-02 2.294732259013666786e-02 1.439198974725532966e-02
-2.493196881302550537e+03 -1.840916480370308363e+02 -4.924368074954251995e+01 0.000000000000000000e+00 0.000000000000000000e+00 8.560555145589887616e-02 1.494560109336976784e-02 2.401293594409833684e-02 1.380501019807959563e-02
-2.684068022073876818e+03 6.703739114756018580e+01 -5.659647619806020913e+01 0.000000000000000000e+00 0.000000000000000000e+00 5.170931312493109999e-02 1.494560109336976784e-02 2.401293594409833684e-02 1.380522014428052328e-02
-2.870279738108206402e+03 2.310132702653014860e+02 -6.475374544246666630e+01 0.000000000000000000e+00 0.000000000000000000e+00 4.719277387791009915e-02 1.889286624315315508e-02 2.567841690612714806e-02 1.561362799157428941e-02
-2.867880205025066516e+03 -1.856371422732311487e+02 -6.470100716315921829e+01 0.000000000000000000e+00 0.000000000000000000e+00 4.537540595235611818e-02 1.756039160690985035e-02 2.547446710512756354e-02 1.481558564825911049e-02
4.764931701214010786e+02 1.326089189368907455e+03 -1.289845726752621324e+01 0.000000000000000000e+00 0.000000000000000000e+00 4.847579404037993811e-02 2.112165669068574378e-02 2.003427061420609556e-02 1.481819086036150791e-02
6.617219414932168320e+02 1.576901034990112748e+03 -1.908497627909651584e+01 0.000000000000000000e+00 0.000000000000000000e+00 1.554908185657666309e-02 2.240086102514206659e-02 2.014456482504362739e-02 1.484608470004437214e-02
4.767098306675893014e+02 1.743787162188838693e+03 -2.087428416507376738e+01 0.000000000000000000e+00 0.000000000000000000e+00 3.162398686008316417e-02 2.121443597062935491e-02 2.021642545276556083e-02 1.564704979874300544e-02
8.513680382912535833e+02 1.325936241910294711e+03 -1.680596130463718652e+01 0.000000000000000000e+00 0.000000000000000000e+00 6.906251273076335906e-02 2.244549473117746219e-02 2.127339966638904650e-02 1.499693129250211955e-02
8.524967508285883468e+02 1.747476105211666663e+03 -2.484541126950757572e+01 0.000000000000000000e+00 0.000000000000000000e+00 -1.690502593394427322e-03 2.248836336553801038e-02 2.032573125460361563e-02 1.567342908141991162e-02
1.335071877027811752e+03 8.310401245835893178e+02 -1.847794800633424472e+01 0.000000000000000000e+00 0.000000000000000000e+00 2.550646165738967852e-02 2.624308700945084810e-02 2.146412339118917295e-02 1.428578813840459226e-02
1.150547770161195103e+03 9.958108754506259856e+02 -1.674054973007444858e+01 0.000000000000000000e+00 0.000000000000000000e+00 3.599559447039268889e-02 2.494493479965996172e-02 2.134055743631596905e-02 1.425122280306765493e-02
1.526571809214798805e+03 5.805186250321422676e+02 -2.060325234874868983e+01 0.000000000000000000e+00 0.000000000000000000e+00 1.364594340308045162e-02 2.758407234915034173e-02 2.272140301576018942e-02 1.448927673439244154e-02
1.151238883714440135e+03 5.807914582529053860e+02 -1.267462766857921608e+01 0.000000000000000000e+00 0.000000000000000000e+00 4.850442984002967250e-02 2.498778655005796587e-02 2.248105535144704833e-02 1.441888141138323275e-02
1.525994608340256036e+03 1.002577830930105051e+03 -2.470696561062543140e+01 0.000000000000000000e+00 0.000000000000000000e+00 4.371137230184984901e-02 2.761187862775870555e-02 2.175183975810616663e-02 1.512431878405577114e-02
-4.796814773087468211e+02 -5.069326333349054607e+02 -3.504866762549051717e+00 0.000000000000000000e+00 0.000000000000000000e+00 -2.909414768372808879e-03 1.729811424932466146e-02 2.402078608332800652e-02 1.308989214093461174e-02
-4.808980246721085905e+02 -9.273243168591301355e+02 -7.410645010139448097e+00 0.000000000000000000e+00 0.000000000000000000e+00 -1.251472915186280233e-02 1.736537435070153318e-02 2.634551632145218369e-02 1.282279982900596908e-02
-8.550810755311914590e+02 -9.280679765871896052e+02 -1.143137069266575701e+01 0.000000000000000000e+00 0.000000000000000000e+00 -2.153194771103983385e-03 1.613225237803159184e-02 2.628304298173812434e-02 1.279926361002146386e-02
-6.709271292352109413e+02 -6.777153500025631274e+02 -6.579162449521313683e+00 0.000000000000000000e+00 0.000000000000000000e+00 -6.077367844989467471e-03 1.737177588652973406e-02 2.523192168707916530e-02 1.330765255186484690e-02
-8.553087051246720875e+02 -5.109450401402596071e+02 -7.553918898750410449e+00 0.000000000000000000e+00 0.000000000000000000e+00 1.259363247720113321e-02 1.605982867378080020e-02 2.395225004455729320e-02 1.306683809742466632e-02
2.495320981775738801e+03 -1.669206365346156645e+03 -6.682659692199833046e+01 0.000000000000000000e+00 0.000000000000000000e+00 4.867839459483036535e-02 3.431067447011716676e-02 3.124516741369396874e-02 1.470149322586716996e-02
2.678297756045315964e+03 -1.416439599500687564e+03 -6.920283591609600649e+01 0.000000000000000000e+00 0.000000000000000000e+00 1.408595549258961910e-02 3.562130063234646149e-02 3.028059481529540853e-02 1.519497528595760601e-02
2.491976065333797123e+03 -1.251833651580864853e+03 -5.904640248638293087e+01 0.000000000000000000e+00 0.000000000000000000e+00 5.210451034550089844e-02 3.422204527332343288e-02 2.888574309689572600e-02 1.422838072176843029e-02
2.866971098492784222e+03 -1.242956211328155405e+03 -7.429890577307267563e+01 0.000000000000000000e+00 0.000000000000000000e+00 3.445338799281216779e-02 3.693320958000282511e-02 3.040544105573632361e-02 1.524274154693754969e-02
2.870375459931576643e+03 -1.665820102149860077e+03 -8.207093544815124631e+01 0.000000000000000000e+00 0.000000000000000000e+00 3.053176266270440919e-02 3.701907698322762924e-02 3.275383964571082496e-02 1.570510603604518760e-02
2.202311648133292238e+03 -1.995700118776835325e+03 -6.372367955673831119e+01 0.000000000000000000e+00 0.000000000000000000e+00 2.496810987951647576e-02 3.300834817179122693e-02 3.224267193693679256e-02 1.426094390548764308e-02
2.202004560943419165e+03 -2.415776602375118273e+03 -7.521011500047552545e+01 0.000000000000000000e+00 0.000000000000000000e+00 1.518510372650894169e-02 3.311273654727822646e-02 3.465271599690807058e-02 1.479696385172157673e-02
1.826761238112568208e+03 -2.417085000082031002e+03 -6.367245501078753023e+01 0.000000000000000000e+00 0.000000000000000000e+00 -2.092883401113709851e-02 3.047237830724732269e-02 3.439029594642920018e-02 1.411941746112522177e-02
2.011651014812927315e+03 -2.167131214380204710e+03 -6.199163308255754856e+01 0.000000000000000000e+00 0.000000000000000000e+00 -6.662264634989867318e-03 3.171534420509315721e-02 3.327014642494980495e-02 1.387895241466813659e-02
1.826233173327775830e+03 -2.001617934751459416e+03 -5.214564589481449985e+01 0.000000000000000000e+00 0.000000000000000000e+00 4.584061140384676492e-03 3.035891248185175820e-02 3.196046969231755575e-02 1.355658732142146251e-02
2.019930389040348018e+03 -2.158117452232578671e+03 -6.200543022418213468e+01 0.000000000000000000e+00 0.000000000000000000e+00 2.081283364207067166e-01 1.795835980292376788e-01 1.744265402566128886e-01 1.190093383775344127e-01
2.201598211530656044e+03 -1.247023915549452340e+03 -4.840806165296443453e+01 0.000000000000000000e+00 0.000000000000000000e+00 1.396558222850075026e-02 3.155667473248036786e-02 2.855211121571891303e-02 1.345775041705086009e-02
1.825627346555446366e+03 -1.668017878213853237e+03 -4.437998812411790794e+01 0.000000000000000000e+00 0.000000000000000000e+00 5.664637803157290818e-03 3.030543678863053744e-02 3.075220043767134051e-02 1.328370881755430548e-02
2.010485749497055394e+03 -1.417390877895755693e+03 -4.501364980492484591e+01 0.000000000000000000e+00 0.000000000000000000e+00 1.330454369080769084e-02 3.160366588542929539e-02 2.974135189893760065e-02 1.370297600884661134e-02
1.825994096979447932e+03 -1.252142777538623477e+03 -3.664994776289732670e+01 0.000000000000000000e+00 0.000000000000000000e+00 5.083445053667645652e-02 3.024907176738157732e-02 2.843923772769155200e-02 1.341152243558636770e-02
2.200872615100017356e+03 -1.667342135439799677e+03 -5.613181744485770253e+01 0.000000000000000000e+00 0.000000000000000000e+00 -2.832175171455730833e-03 3.295917142312802806e-02 3.104538778044327318e-02 1.400183387501192575e-02
1.531349074476144324e+03 -1.671098987329335841e+03 -3.668392688608239638e+01 0.000000000000000000e+00 0.000000000000000000e+00 2.068384814590729093e-02 2.900334472100724384e-02 3.065209490698588696e-02 1.323965668074212308e-02
1.156204647985998690e+03 -1.671135843432742149e+03 -2.870781969931963218e+01 0.000000000000000000e+00 0.000000000000000000e+00 -2.419920006703435433e-02 2.641057870314761705e-02 3.046497679886746648e-02 1.315842755014982011e-02
1.532407135485274466e+03 -1.249935695449583136e+03 -2.883270630405752044e+01 0.000000000000000000e+00 0.000000000000000000e+00 2.235667137187391518e-02 2.764321324193800070e-02 2.822733296220616278e-02 1.332712961504124022e-02
1.339910859434758322e+03 -1.421553567927230915e+03 -2.739340570543992470e+01 0.000000000000000000e+00 0.000000000000000000e+00 2.147520035182637343e-02 2.764876799826835457e-02 2.934519621398983674e-02 1.293000208954634550e-02
1.156875251310940030e+03 -1.255657612386858091e+03 -2.090134161231699750e+01 0.000000000000000000e+00 0.000000000000000000e+00 3.494300841192909957e-02 2.629533547095765436e-02 2.803998000900908422e-02 1.262762137813607487e-02
1.821386401935515323e+03 -9.213616503677704941e+02 -3.190655760386180972e+01 0.000000000000000000e+00 0.000000000000000000e+00 2.587260221759279943e-02 3.025046559059264492e-02 2.735195546326730717e-02 1.386430222768623814e-02
2.197403128354406817e+03 -4.968030881166177437e+02 -3.987513708204853913e+01 0.000000000000000000e+00 0.000000000000000000e+00 3.524424293263450636e-02 3.151533213389128008e-02 2.629992690861907012e-02 1.368932459500631256e-02
2.006591182573508377e+03 -6.679741326630195317e+02 -3.488763434275161046e+01 0.000000000000000000e+00 0.000000000000000000e+00 2.831224809703769552e-03 3.020593951735514246e-02 2.617734407949129719e-02 1.364471473321782029e-02
1.819673247700339743e+03 -5.029988840841090223e+02 -2.800531325179360209e+01 0.000000000000000000e+00 0.000000000000000000e+00 1.091193183637173547e-02 3.025832865921871534e-02 2.629003865740176665e-02 1.437049659657928073e-02
2.196756583239768588e+03 -9.195146436191181465e+02 -4.371586898275015898e+01 0.000000000000000000e+00 0.000000000000000000e+00 -4.490294869256672428e-03 3.151180395340240359e-02 2.737010255040547499e-02 1.321867931610499168e-02
8.604001981087258173e+02 -1.248359395283108825e+03 -1.600674434672683688e+01 0.000000000000000000e+00 0.000000000000000000e+00 3.794952044454902307e-03 2.499989647786331204e-02 2.794550549992136715e-02 1.258829377548411482e-02
4.852296247741246589e+02 -1.256292510913010346e+03 -1.208848626216413003e+01 0.000000000000000000e+00 0.000000000000000000e+00 -1.031914449975523951e-02 2.242478064483624869e-02 2.777103857329608211e-02 1.251637222551044322e-02
4.856980746398108977e+02 -1.672752828676833587e+03 -1.996857364019041370e+01 0.000000000000000000e+00 0.000000000000000000e+00 -2.308275516275770656e-02 2.249085956995208746e-02 2.899233590694541909e-02 1.278114634978357901e-02
8.617413243283018573e+02 -1.669400377204492543e+03 -2.394298078395874896e+01 0.000000000000000000e+00 0.000000000000000000e+00 -1.270132508455645848e-03 2.512108325309308013e-02 3.037804486954417960e-02 1.312069993163651055e-02
6.709107534758503562e+02 -1.421602843935515011e+03 -1.666944878657821150e+01 0.000000000000000000e+00 0.000000000000000000e+00 -8.480733064970991109e-03 2.377193389152648315e-02 2.907357798859788386e-02 1.281481577493740788e-02
1.907023040194145267e+02 -1.251264155883084868e+03 -1.040758741312606261e+01 0.000000000000000000e+00 0.000000000000000000e+00 -1.217448503610540911e-02 2.114702328131511447e-02 2.769113739975944191e-02 1.248350300383745115e-02
-1.859000615250141095e+02 -1.674601682251000739e+03 -1.839667112706695562e+01 0.000000000000000000e+00 0.000000000000000000e+00 -1.613522828294833289e-02 1.869737507211826841e-02 2.877705285139667626e-02 1.269085509003707243e-02
2.153836953147979516e-01 -1.422977068697082814e+03 -1.308467191172117516e+01 0.000000000000000000e+00 0.000000000000000000e+00 -2.289112354281286343e-02 1.987748182721354659e-02 2.761618185622328678e-02 1.245308078229818462e-02
-1.841731744284775800e+02 -1.257626254715096593e+03 -1.049114203128933553e+01 0.000000000000000000e+00 0.000000000000000000e+00 8.948358378873422225e-03 1.868915998927339617e-02 2.763621819521920597e-02 1.309422872007481517e-02
1.897951308624257365e+02 -1.672856487604678705e+03 -1.837069278160852903e+01 0.000000000000000000e+00 0.000000000000000000e+00 -3.930814136944249526e-02 2.121708205401407268e-02 2.891580966174064557e-02 1.274896433711245232e-02
1.819941926151259167e+03 5.818627545662312741e+02 -2.831779496874073843e+01 0.000000000000000000e+00 0.000000000000000000e+00 3.017536026643341529e-02 2.888796735438481714e-02 2.285001448151961767e-02 1.452761567451233207e-02
1.820595727235509912e+03 9.967432135125087598e+02 -3.232883917329257883e+01 0.000000000000000000e+00 0.000000000000000000e+00 3.524250077327195640e-02 2.891451974110793161e-02 2.188614949376405105e-02 1.516104024942921402e-02
2.194367793871114827e+03 5.818439191229280141e+02 -4.003324023743233084e+01 0.000000000000000000e+00 0.000000000000000000e+00 2.795146895717692814e-02 3.150488103763397774e-02 2.312364339199441884e-02 1.460942776457248467e-02
2.004917660665731319e+03 8.317133382725522779e+02 -3.597843229169850332e+01 0.000000000000000000e+00 0.000000000000000000e+00 3.161498612093538441e-02 3.019503521793119594e-02 2.298412650890826678e-02 1.456765571805738319e-02
2.195057697410926266e+03 1.003749237627800767e+03 -4.407010616114971668e+01 0.000000000000000000e+00 0.000000000000000000e+00 1.368332574790542822e-02 3.159920533277243981e-02 2.438779601088828658e-02 1.556203546633930755e-02
2.006034846944475476e+03 8.073318215620605542e+01 -3.192748863058067244e+01 0.000000000000000000e+00 0.000000000000000000e+00 5.691096483885971224e-02 3.017609678144984528e-02 2.398097440327404822e-02 1.397677549950584498e-02
1.821872385301779786e+03 2.456608434089050945e+02 -2.669920464776686586e+01 0.000000000000000000e+00 0.000000000000000000e+00 5.149153806287998236e-02 2.886817145264530468e-02 2.385246787564425722e-02 1.393513191706017423e-02
1.821071639823398073e+03 -1.713448605515424106e+02 -2.656648452768835966e+01 0.000000000000000000e+00 0.000000000000000000e+00 5.727323587302635133e-02 2.890998302379416823e-02 2.500734922125781926e-02 1.412874261442256980e-02
2.196610994146562916e+03 2.517218438108753560e+02 -3.849294810931643696e+01 0.000000000000000000e+00 0.000000000000000000e+00 4.767349018221977985e-02 3.148673044866346499e-02 2.411472466509024387e-02 1.402042186583144640e-02
2.196710906091136167e+03 -1.696928323936453751e+02 -3.839800758365564803e+01 0.000000000000000000e+00 0.000000000000000000e+00 5.550138670140825070e-02 3.152506922694274516e-02 2.525761740521886151e-02 1.421289394349378558e-02
1.520859293640969099e+03 1.750918046207455973e+03 -3.721366298867812361e+01 0.000000000000000000e+00 0.000000000000000000e+00 6.063268189954840182e-03 2.634958002362947083e-02 2.069167094510494798e-02 1.576276047503864103e-02
1.521687685557021268e+03 1.328253582841081197e+03 -2.927302557480966883e+01 0.000000000000000000e+00 0.000000000000000000e+00 1.028355778494471906e-03 2.765059756797399668e-02 2.287183838007897027e-02 1.528281856382628957e-02
1.331048859159095855e+03 1.579380798702407446e+03 -2.952787419491209775e+01 0.000000000000000000e+00 0.000000000000000000e+00 -2.654568082989783306e-02 2.638753543780167354e-02 2.179218410063656075e-02 1.590449761993418393e-02
1.146265215197379803e+03 1.326936564112800625e+03 -2.143709671913629933e+01 0.000000000000000000e+00 0.000000000000000000e+00 5.342692207872801191e-02 2.501847858408211625e-02 2.150065644515436816e-02 1.505711039033700779e-02
1.145824285026482585e+03 1.744802727126265836e+03 -2.934255974597018124e+01 0.000000000000000000e+00 0.000000000000000000e+00 2.168234227158194471e-02 2.505694561983427479e-02 2.056346384345319675e-02 1.573101504265264280e-02
1.520244459055144034e+03 2.077148622698844974e+03 -4.478395519716463014e+01 0.000000000000000000e+00 0.000000000000000000e+00 -3.558863321105576460e-02 2.642880423523264258e-02 2.087941878282567956e-02 1.659349741799588662e-02
1.143406885326957763e+03 2.077417316469537127e+03 -3.707622286802741485e+01 0.000000000000000000e+00 0.000000000000000000e+00 -1.261136968592779795e-02 2.518002201622380684e-02 2.184982766121181669e-02 1.669880278348860256e-02
1.329736275003938545e+03 2.328514408630558137e+03 -4.732360064421266088e+01 0.000000000000000000e+00 0.000000000000000000e+00 -5.236086658848648767e-02 2.651257122341592679e-02 2.107671782040209871e-02 1.743102902162440085e-02
1.145297118688290311e+03 2.493958203893394511e+03 -4.865319477150767113e+01 0.000000000000000000e+00 0.000000000000000000e+00 -5.111115616543315809e-02 2.522828946342540665e-02 2.095086711382996777e-02 1.740282845903161346e-02
1.521692151252646909e+03 2.498044695003918150e+03 -5.641557846006612209e+01 0.000000000000000000e+00 0.000000000000000000e+00 -3.520698506056874066e-02 2.655029363182804039e-02 2.215811534080441847e-02 1.756031389682212451e-02
2.491245292095803507e+03 -9.181946904384612935e+02 -5.442743367291124912e+01 0.000000000000000000e+00 0.000000000000000000e+00 1.586684648606961900e-02 3.418067364630927168e-02 2.771796552788082652e-02 1.400248667966620154e-02
2.494883523696411430e+03 -5.017558098641151219e+02 -5.076465542023704813e+01 0.000000000000000000e+00 0.000000000000000000e+00 2.780808350890850988e-02 3.422697944661025338e-02 2.782442097432382203e-02 1.471113017077598471e-02
2.867069764562882483e+03 -9.166143717729970604e+02 -6.987937927022042572e+01 0.000000000000000000e+00 0.000000000000000000e+00 1.373733669785792699e-02 3.693934321921768515e-02 2.935220094997864973e-02 1.573653191521462436e-02
2.677758618514053978e+03 -6.666257262042494176e+02 -5.931434636036062358e+01 0.000000000000000000e+00 0.000000000000000000e+00 2.274717329227371465e-02 3.558792259394837065e-02 2.806910643264401428e-02 1.548563046657067122e-02
2.867342148453904429e+03 -4.962035530088884343e+02 -6.609580443992754795e+01 0.000000000000000000e+00 0.000000000000000000e+00 8.672075415091740069e-03 3.690101822027769263e-02 2.820374371165746546e-02 1.553265549281745810e-02
2.486152520478008682e+03 1.747455641502955814e+03 -6.671039715178240215e+01 0.000000000000000000e+00 0.000000000000000000e+00 -5.425545641644191619e-02 3.296378045801710843e-02 2.265918617125002588e-02 1.690153628855118814e-02
2.862345444039261565e+03 1.753694507237728658e+03 -8.198612842159967329e+01 0.000000000000000000e+00 0.000000000000000000e+00 -7.742328752952687410e-02 3.570794292725584795e-02 2.528226838212151509e-02 1.807887163008144865e-02
2.670505393581525368e+03 1.581976377447230107e+03 -7.064049891200909315e+01 0.000000000000000000e+00 0.000000000000000000e+00 -9.766937003499265302e-02 3.430381423192188639e-02 2.388350463917906022e-02 1.708255819466839368e-02
2.486627638430769821e+03 1.330052867312230319e+03 -5.909854339052616723e+01 0.000000000000000000e+00 0.000000000000000000e+00 -1.365777990144323439e-02 3.296736190049305570e-02 2.467418019764981707e-02 1.639271352416644956e-02
2.862698215707699546e+03 1.331459823579933982e+03 -7.437619432289845633e+01 0.000000000000000000e+00 0.000000000000000000e+00 -4.652097213882200322e-02 3.579265152101736985e-02 2.959680479906780584e-02 1.794269034206214322e-02
2.191527980750601273e+03 1.752848937993880099e+03 -5.635463950861984728e+01 0.000000000000000000e+00 0.000000000000000000e+00 -3.297054162416657164e-03 3.035431079564091666e-02 2.236710062764798307e-02 1.682758030283271547e-02
1.816089100052392496e+03 1.748283781084057409e+03 -4.474448502188929666e+01 0.000000000000000000e+00 0.000000000000000000e+00 2.452764897682158107e-02 2.898236298253928020e-02 2.205301337022616201e-02 1.597230528255131829e-02
2.191126385576197208e+03 1.330815146964352380e+03 -4.853173540998864155e+01 0.000000000000000000e+00 0.000000000000000000e+00 5.889992834404722544e-03 3.032066230325018361e-02 2.329078715503928379e-02 1.615862592721678537e-02
2.001719171533500003e+03 1.582485307291715344e+03 -4.685035197455439260e+01 0.000000000000000000e+00 0.000000000000000000e+00 3.355641606184178727e-03 3.032066230325018361e-02 2.329078715503928379e-02 1.615815911009661418e-02
1.816474297767166945e+03 1.330642664451733253e+03 -3.695000607087165889e+01 0.000000000000000000e+00 0.000000000000000000e+00 1.508728434119177564e-02 2.891451974110793161e-02 2.188614949376405105e-02 1.516122476885207668e-02
1.812714920847289477e+03 2.499071279323456110e+03 -6.379572440971415404e+01 0.000000000000000000e+00 0.000000000000000000e+00 -4.886196025198330517e-02 2.921098394044641805e-02 2.260904940116011466e-02 1.845636212057649370e-02
2.186285631083686894e+03 2.083944066190490048e+03 -6.376364261620398821e+01 0.000000000000000000e+00 0.000000000000000000e+00 -2.022351127723709396e-02 3.039436237842848762e-02 2.148978954024529514e-02 1.752627328362710984e-02
1.812015247251291839e+03 2.083520014186030494e+03 -5.237955827870053582e+01 0.000000000000000000e+00 0.000000000000000000e+00 -7.587852779963100147e-03 2.901994195160759876e-02 2.115150679124186764e-02 1.665801807611676580e-02
1.997659572009826434e+03 2.333091490522429012e+03 -6.434494247584137838e+01 0.000000000000000000e+00 0.000000000000000000e+00 -7.358950910938233392e-02 2.909625010971562259e-02 2.134629112778593796e-02 1.749323555693783894e-02
2.188619544927450079e+03 2.504323070091553745e+03 -7.527347735563336073e+01 0.000000000000000000e+00 0.000000000000000000e+00 -5.998949246213669539e-02 3.050421408122361636e-02 2.274458230867171943e-02 1.848833437518264747e-02
2.490149408012644471e+03 9.998132153514902711e+02 -5.465652653396046645e+01 0.000000000000000000e+00 0.000000000000000000e+00 1.014314812530159315e-02 3.294442037587063526e-02 2.564976804373505365e-02 1.577680992125688603e-02
2.863637372298591799e+03 1.003589717701207633e+03 -6.993698075889005850e+01 0.000000000000000000e+00 0.000000000000000000e+00 6.181817686837121073e-03 3.565684729371035311e-02 2.718803608653004578e-02 1.681191364663403923e-02
2.674414765713424913e+03 8.342018041623141471e+02 -6.014236361841087586e+01 0.000000000000000000e+00 0.000000000000000000e+00 3.009498856272330158e-04 3.429124989021385683e-02 2.691778086216427279e-02 1.599974647745507073e-02
2.488961555653213964e+03 5.828165891521249478e+02 -5.070722342356533119e+01 0.000000000000000000e+00 0.000000000000000000e+00 6.125555041115404720e-02 3.290773523786372917e-02 2.452515666376281142e-02 1.560348712786637296e-02
2.864069245323936684e+03 5.825043526796931701e+02 -6.608026574495026750e+01 0.000000000000000000e+00 0.000000000000000000e+00 2.887977935799312945e-03 3.708214483264254263e-02 3.074194778203600056e-02 1.741129630945697018e-02
-1.831472958778466136e+03 2.065557995661510176e+03 -5.247232878974459425e+01 0.000000000000000000e+00 0.000000000000000000e+00 -4.005710522837802046e-02 1.522309310029762615e-02 2.110435638670162331e-02 1.652067460223173578e-02
-2.206103383914805818e+03 2.067893135795442504e+03 -6.402602956380742683e+01 0.000000000000000000e+00 0.000000000000000000e+00 -9.390826299139121147e-03 1.522309310029762615e-02 2.110435638670162331e-02 1.652095466680487609e-02
-2.021379936481628874e+03 2.318519998035970275e+03 -6.466206523303345932e+01 0.000000000000000000e+00 0.000000000000000000e+00 -2.695678387412669963e-02 1.522309310029762615e-02 2.110435638670162331e-02 1.652106581332115492e-02
-1.831030916640517034e+03 2.483694068151331976e+03 -6.384354708628434594e+01 0.000000000000000000e+00 0.000000000000000000e+00 -3.132452437765209652e-02 1.536806113707193944e-02 2.129957191750939810e-02 1.736222018912403353e-02
-2.202198492949937645e+03 2.480761292278662950e+03 -7.502736884681901586e+01 0.000000000000000000e+00 0.000000000000000000e+00 -3.041927034162483778e-02 1.536806113707193944e-02 2.129957191750939810e-02 1.736246972058877805e-02
-2.499239403553034208e+03 1.321619978925070654e+03 -5.944497546188925696e+01 0.000000000000000000e+00 0.000000000000000000e+00 -3.452000191122550632e-02 1.502574557141708213e-02 2.191427788604816476e-02 1.502108416373250377e-02
-2.689579034138562747e+03 1.570348758693141008e+03 -7.119651278051216536e+01 0.000000000000000000e+00 0.000000000000000000e+00 -3.878694627059076083e-02 1.642234661204956120e-02 2.331892553427076728e-02 1.601793405139891394e-02
-2.872462775457971475e+03 1.321706893729395688e+03 -7.464696487646963874e+01 0.000000000000000000e+00 0.000000000000000000e+00 8.173489017934798539e-03 1.774073668742172372e-02 2.680827176038329263e-02 1.578565437696039311e-02
-2.872333610534567015e+03 1.732666705230437401e+03 -8.198647859423358852e+01 0.000000000000000000e+00 0.000000000000000000e+00 -4.836523957062865975e-02 1.763519571192202068e-02 2.338931743204308855e-02 1.603755662690662179e-02
-2.499571081132593463e+03 1.739130430430671595e+03 -6.704467468802207009e+01 0.000000000000000000e+00 0.000000000000000000e+00 -3.801994946465470093e-02 1.508513300099577174e-02 2.091862749534012522e-02 1.568663210285465084e-02
-2.872831171779443139e+03 2.063168375637269037e+03 -8.932665709578796509e+01 0.000000000000000000e+00 0.000000000000000000e+00 -6.304916329537491038e-02 1.781399571372142485e-02 2.258185295427538389e-02 1.753447721206786297e-02
-2.688469625856500443e+03 2.314110625764538781e+03 -8.810255302297956348e+01 0.000000000000000000e+00 0.000000000000000000e+00 -4.262299001736380433e-02 1.661420427637111744e-02 2.250893602515468411e-02 1.751691974831367030e-02
-2.499409810292897419e+03 2.062679664811748353e+03 -7.431127212663358250e+01 0.000000000000000000e+00 0.000000000000000000e+00 -2.810334689135629560e-02 1.522309310029762615e-02 2.110435638670162331e-02 1.652120082630745626e-02
-2.497442911252442173e+03 2.482189988085305686e+03 -8.544012438901617656e+01 0.000000000000000000e+00 0.000000000000000000e+00 -1.945433656152317781e-02 1.661420427637111744e-02 2.250893602515468411e-02 1.751691305906348528e-02
-2.871522865167730743e+03 2.479360793115660726e+03 -1.002405666978190766e+02 0.000000000000000000e+00 0.000000000000000000e+00 -2.730078259844503918e-02 1.953855758537008380e-02 2.551109344126234815e-02 2.034653393546758879e-02
-2.865046108382048260e+03 9.867562102935997927e+02 -6.980251387949979858e+01 0.000000000000000000e+00 0.000000000000000000e+00 4.415563629891039454e-03 1.906725447976009152e-02 2.701090665744750388e-02 1.658586110814314757e-02
-2.869419113059485881e+03 5.679240991358760766e+02 -6.621774981477886968e+01 0.000000000000000000e+00 0.000000000000000000e+00 4.368024747535059760e-02 1.766470639130236775e-02 2.560873503650822058e-02 1.559219367428836718e-02
-2.685657730626266130e+03 8.225298964443866225e+02 -6.048914099054650251e+01 0.000000000000000000e+00 0.000000000000000000e+00 -2.056484014398307636e-02 1.759227134345623875e-02 2.441629788088669345e-02 1.540670264811360747e-02
-2.495139418243241835e+03 5.688637569243119287e+02 -5.085025453632566439e+01 0.000000000000000000e+00 0.000000000000000000e+00 2.287543025109783912e-02 1.759227134345623875e-02 2.441629788088669345e-02 1.540631194555721999e-02
-2.492437664288799169e+03 9.877984337119197562e+02 -5.460202525085288272e+01 0.000000000000000000e+00 0.000000000000000000e+00 2.819339709493817736e-02 1.637624350912914722e-02 2.434887513508955659e-02 1.538654144626665395e-02
-6.704297074354018378e+02 -2.167904380517890331e+03 -3.388529903776631613e+01 0.000000000000000000e+00 0.000000000000000000e+00 -9.179510730170648003e-03 1.780691831096394701e-02 3.250896957741256782e-02 1.412238002285869619e-02
-8.502396557301964322e+02 -1.999652550245011298e+03 -3.156558136124262148e+01 0.000000000000000000e+00 0.000000000000000000e+00 -2.411817342276023624e-02 1.650447110932088540e-02 3.121773555656627910e-02 1.382781577055763531e-02
-4.774851773415037428e+02 -1.999644346049333308e+03 -2.763147722398662154e+01 0.000000000000000000e+00 0.000000000000000000e+00 -3.603531627687672767e-02 1.763642204094791749e-02 3.119083442167533415e-02 1.321789382817832419e-02
-4.791196620528425569e+02 -2.419765295912995498e+03 -3.952060783002189481e+01 0.000000000000000000e+00 0.000000000000000000e+00 1.082004824462501347e-02 1.904846970274654688e-02 3.372925686825305885e-02 1.381852874782587420e-02
-8.518664845394564509e+02 -2.420582609172027333e+03 -4.345380254670309483e+01 0.000000000000000000e+00 0.000000000000000000e+00 -2.268107503773819644e-03 1.671226613053029830e-02 3.370115495957280716e-02 1.438008830207180601e-02
-4.795593291807093692e+02 -1.676729607063632329e+03 -2.000705774356768529e+01 0.000000000000000000e+00 0.000000000000000000e+00 -2.891028681727902949e-02 1.745546595186482641e-02 2.871489136628040117e-02 1.266490577842166974e-02
-8.552802542286738117e+02 -1.677633124860179578e+03 -2.403181617089129674e+01 0.000000000000000000e+00 0.000000000000000000e+00 2.670638350231513414e-02 1.640589828285407906e-02 2.997954672914296750e-02 1.356041924997764513e-02
-6.694364509588210694e+02 -1.425623843085672434e+03 -1.672752242499389297e+01 0.000000000000000000e+00 0.000000000000000000e+00 -3.245647039427979053e-03 1.753151834098185674e-02 2.880124527517221450e-02 1.332244801205358792e-02
-8.544421013894578891e+02 -1.259522467887333050e+03 -1.610568362129611586e+01 0.000000000000000000e+00 0.000000000000000000e+00 3.854295679399655228e-02 1.621972560071234526e-02 2.751179546367272036e-02 1.304599011906367595e-02
-4.784034864147541271e+02 -1.255491598118992897e+03 -1.202267059172160657e+01 0.000000000000000000e+00 0.000000000000000000e+00 -5.313172674934918405e-03 1.744666610312413033e-02 2.757148475325498296e-02 1.306907727065992515e-02
-1.143306487221528414e+03 -2.001900729111787768e+03 -3.624889723693147658e+01 0.000000000000000000e+00 0.000000000000000000e+00 -5.905774581747635921e-02 1.650447110932088540e-02 3.121773555656627910e-02 1.382799514074707810e-02
-1.335580631767549221e+03 -2.172239169782100817e+03 -4.452656118765494853e+01 0.000000000000000000e+00 0.000000000000000000e+00 -4.258980187484695534e-02 1.542935203012784154e-02 3.241208481458575374e-02 1.408148726746118011e-02
-1.516419093016669422e+03 -2.424468505703620849e+03 -5.587083957092433906e+01 0.000000000000000000e+00 0.000000000000000000e+00 -9.121801200983270519e-03 1.554300688751806235e-02 3.365658726781301652e-02 1.436112870078419014e-02
-1.517242507491976312e+03 -2.007317850820550348e+03 -4.421845600786382136e+01 0.000000000000000000e+00 0.000000000000000000e+00 -3.688518915004124210e-02 1.531935998944380060e-02 3.116961716457994358e-02 1.380813965650767861e-02
-1.144200663505954481e+03 -2.422945369809998283e+03 -4.810357488878024412e+01 0.000000000000000000e+00 0.000000000000000000e+00 -2.005729308834247604e-03 1.671226613053029830e-02 3.370115495957280716e-02 1.438025253186274791e-02
-1.342331056245108812e+03 -1.420539406548322859e+03 -2.742641513956263921e+01 0.000000000000000000e+00 0.000000000000000000e+00 -4.410724857223868867e-02 1.511068164168810971e-02 2.869184323886136284e-02 1.327910749142571616e-02
-1.148959221586977947e+03 -1.251277260518285630e+03 -2.068508124675578941e+01 0.000000000000000000e+00 0.000000000000000000e+00 -3.142332613158771437e-02 1.501215249223666025e-02 2.745718322300626929e-02 1.302484780824147634e-02
-1.152137221978623984e+03 -1.671611525091565682e+03 -2.864347408715567056e+01 0.000000000000000000e+00 0.000000000000000000e+00 -4.154659481798717025e-04 1.640589828285407906e-02 2.997954672914296750e-02 1.356059052455249429e-02
-1.525762361442312795e+03 -1.672858622496538601e+03 -3.658683577626688788e+01 0.000000000000000000e+00 0.000000000000000000e+00 -2.186967872079748076e-02 1.521311021307340285e-02 2.992943773263442159e-02 1.354034191044773891e-02
-1.523124123031015642e+03 -1.252990606578690858e+03 -2.865718113845340298e+01 0.000000000000000000e+00 0.000000000000000000e+00 -2.608493261474364999e-02 1.510890399345673173e-02 2.755606424962044054e-02 1.372521347430127013e-02
-1.151686569122014589e+03 -9.284422893726693928e+02 -1.619630301328233912e+01 0.000000000000000000e+00 0.000000000000000000e+00 -2.739584079914436643e-02 1.622232487104827495e-02 2.638632438911048608e-02 1.351124013397159498e-02
-1.339942808177188226e+03 -6.780863222641994525e+02 -1.733676011330863886e+01 0.000000000000000000e+00 0.000000000000000000e+00 8.872330123633531684e-03 1.492505148359907045e-02 2.510697136385948991e-02 1.326427559636541957e-02
-1.150977819975127886e+03 -5.072649478505796878e+02 -1.227276761525591731e+01 0.000000000000000000e+00 0.000000000000000000e+00 6.185513950509147207e-03 1.623698275614958442e-02 2.528388379403938291e-02 1.403020190891900165e-02
-1.525661375183570499e+03 -9.288090556056644118e+02 -2.416842210751526565e+01 0.000000000000000000e+00 0.000000000000000000e+00 4.466123440849401049e-05 1.501496080945918278e-02 2.632937780643783074e-02 1.349092387041350531e-02
-1.525949685328585474e+03 -5.111769233825566516e+02 -2.028635131968606942e+01 0.000000000000000000e+00 0.000000000000000000e+00 4.107380135283378308e-02 1.503079615027968878e-02 2.522444847003125004e-02 1.401064218215127173e-02
-2.480473679839521083e+03 -2.003374370358327496e+03 -7.388878570820170921e+01 0.000000000000000000e+00 0.000000000000000000e+00 4.631496323665373893e-02 1.541418333611927101e-02 3.125675607886956725e-02 1.447125811211844026e-02
-2.858678624361182301e+03 -2.428294380442286638e+03 -1.005251199013952998e+02 0.000000000000000000e+00 0.000000000000000000e+00 1.295348826593567537e-02 2.085087760127430842e-02 3.555088331148419101e-02 1.808360174191370531e-02
-2.855928921581653867e+03 -2.006294997042601835e+03 -8.910538508449664619e+01 0.000000000000000000e+00 0.000000000000000000e+00 9.584058951816132321e-03 2.058282830484059120e-02 3.299793598939432943e-02 1.689897125771123304e-02
-2.673862257613158818e+03 -2.172674936240218813e+03 -8.578171624586904898e+01 0.000000000000000000e+00 0.000000000000000000e+00 4.286625958555134730e-02 1.927402127459757961e-02 3.283512229724037251e-02 1.616293183671353023e-02
-2.482957016761256455e+03 -2.424424745976708437e+03 -8.543027415515109624e+01 0.000000000000000000e+00 0.000000000000000000e+00 7.812040149687504709e-02 1.807452426277583388e-02 3.391766919191561980e-02 1.570114573992060711e-02
-2.187124691544076995e+03 -2.009664837869461280e+03 -6.355989387473007213e+01 0.000000000000000000e+00 0.000000000000000000e+00 -7.684845689148289694e-03 1.541418333611927101e-02 3.125675607886956725e-02 1.447097763928035380e-02
-1.814921731016354897e+03 -2.006759610010639562e+03 -5.195501966803819727e+01 0.000000000000000000e+00 0.000000000000000000e+00 -3.456685525784308766e-02 1.531935998944380060e-02 3.116961716457994358e-02 1.380837768920256149e-02
-2.005726932828936697e+03 -2.175034768601091855e+03 -6.202253570561136087e+01 0.000000000000000000e+00 0.000000000000000000e+00 8.233609270803299296e-03 1.542935203012784154e-02 3.241208481458575374e-02 1.408201076200098559e-02
-2.189236998786241202e+03 -2.427763115106742134e+03 -7.514110254972733571e+01 0.000000000000000000e+00 0.000000000000000000e+00 1.934883262002529136e-02 1.563647404432211979e-02 3.373730328439702303e-02 1.499951298626087462e-02
-1.816024784038013422e+03 -2.427990144592211436e+03 -6.370048213907720935e+01 0.000000000000000000e+00 0.000000000000000000e+00 4.451018052967015137e-02 1.554300688751806235e-02 3.365658726781301652e-02 1.436135326234888945e-02
-2.678330385927096813e+03 -1.422964723996609564e+03 -6.931994927182462618e+01 0.000000000000000000e+00 0.000000000000000000e+00 4.114762492874035615e-02 1.659971352639032574e-02 2.905102779922637962e-02 1.542737038724590996e-02
-2.859999129811505554e+03 -1.676504311222504612e+03 -8.184171829889091043e+01 0.000000000000000000e+00 0.000000000000000000e+00 1.992311827395099044e-02 1.788751439939017390e-02 3.032819599982300440e-02 1.567261437214932315e-02
-2.488053366218321116e+03 -1.673950370255486632e+03 -6.664792269401679903e+01 0.000000000000000000e+00 0.000000000000000000e+00 3.543694272839559289e-02 1.530859169840399422e-02 3.002017670466172045e-02 1.421600983280064956e-02
-2.487617438177524491e+03 -1.254106351496017851e+03 -5.891493983676935642e+01 0.000000000000000000e+00 0.000000000000000000e+00 2.436196363220233252e-05 1.531060509035992931e-02 2.888900178930502161e-02 1.467794633122529967e-02
-2.860155104748511803e+03 -1.259812595155245617e+03 -7.426534738053821627e+01 0.000000000000000000e+00 0.000000000000000000e+00 3.098390162794828484e-02 1.790339764437497497e-02 2.922514215423580725e-02 1.619369366596394924e-02
-1.819360081099044692e+03 -1.679298690627172846e+03 -4.444096443818892084e+01 0.000000000000000000e+00 0.000000000000000000e+00 -3.054613747054446549e-02 1.521311021307340285e-02 2.992943773263442159e-02 1.354060800295406319e-02
-2.194411662715750481e+03 -1.263200857374610450e+03 -4.842013370480576384e+01 0.000000000000000000e+00 0.000000000000000000e+00 1.267693896942034826e-02 1.510890399345673173e-02 2.755606424962044054e-02 1.372586584035684169e-02
-2.012145486671894787e+03 -1.428257662451364695e+03 -4.526242383107931033e+01 0.000000000000000000e+00 0.000000000000000000e+00 -2.232145815058572680e-02 1.520680627580215001e-02 2.878648354403273713e-02 1.396705560553816380e-02
-1.821810860775312904e+03 -1.259893369980786019e+03 -3.665444829000935556e+01 0.000000000000000000e+00 0.000000000000000000e+00 -2.091686505796275242e-02 1.510890399345673173e-02 2.755606424962044054e-02 1.372548227934350384e-02
-2.191088443942659978e+03 -1.684249819908316340e+03 -5.615583190079256326e+01 0.000000000000000000e+00 0.000000000000000000e+00 -3.404682290376825904e-02 1.530859169840399422e-02 3.002017670466172045e-02 1.421570844726407698e-02
-2.195960011013288295e+03 -9.257289200555153457e+02 -4.376201317709251981e+01 0.000000000000000000e+00 0.000000000000000000e+00 9.978802718386248216e-03 1.501496080945918278e-02 2.632937780643783074e-02 1.349157099699056783e-02
-2.011712049655198371e+03 -6.709991317118984853e+02 -3.507539020055072854e+01 0.000000000000000000e+00 0.000000000000000000e+00 1.346939367417121503e-02 1.503079615027968878e-02 2.522444847003125004e-02 1.401116883386096038e-02
-2.192767120659468674e+03 -5.047111471067567550e+02 -3.976785220037668722e+01 0.000000000000000000e+00 0.000000000000000000e+00 1.166526254277755470e-02 1.503079615027968878e-02 2.522444847003125004e-02 1.401126462914616989e-02
-1.819649194865281743e+03 -5.038460973576520701e+02 -2.801018370258378809e+01 0.000000000000000000e+00 0.000000000000000000e+00 -2.461862795037461638e-03 1.503079615027968878e-02 2.522444847003125004e-02 1.401088904943799222e-02
-1.822906155536053575e+03 -9.245222546986116186e+02 -3.198774367548373121e+01 0.000000000000000000e+00 0.000000000000000000e+00 5.588600874254723294e-03 1.512007669401101324e-02 2.644142441748821570e-02 1.422561423670904400e-02
-2.490937804215346659e+03 -9.285084794024714938e+02 -5.453699646596738404e+01 0.000000000000000000e+00 0.000000000000000000e+00 5.836768606160802619e-02 1.512007669401101324e-02 2.644142441748821570e-02 1.422632626116091675e-02
-2.864050584623872510e+03 -9.284037379397191216e+02 -6.988478348569171317e+01 0.000000000000000000e+00 0.000000000000000000e+00 4.820273030532007397e-02 1.925023249346423729e-02 2.834597858463391504e-02 1.755937154378189174e-02
-2.862847096832754232e+03 -5.093612283261229550e+02 -6.598500408057888933e+01 0.000000000000000000e+00 0.000000000000000000e+00 6.789794383379899045e-03 1.763687159644652946e-02 2.668004120871455068e-02 1.501863319019165928e-02
-2.681080647500308714e+03 -6.762115644016987517e+02 -5.953406950104994877e+01 0.000000000000000000e+00 0.000000000000000000e+00 4.534609437610015448e-02 1.653563057947697590e-02 2.674687931169829683e-02 1.576547864974900404e-02
-2.489076645126373933e+03 -5.081913060375126179e+02 -5.058294778496340172e+01 0.000000000000000000e+00 0.000000000000000000e+00 3.026901143302751507e-02 1.503079615027968878e-02 2.522444847003125004e-02 1.401160697507830739e-02
1.056012826575278396e+00 -2.173722207213655111e+03 -3.047938500726091249e+01 0.000000000000000000e+00 0.000000000000000000e+00 -2.981661798092005711e-03 2.019441668904174356e-02 3.254688666834601452e-02 1.355402578197444606e-02
1.932305015826605654e+02 -2.002338066025267608e+03 -2.618161345086660319e+01 0.000000000000000000e+00 0.000000000000000000e+00 2.908114640739256629e-03 2.136620372683195254e-02 3.137590180595763167e-02 1.329848720568433881e-02
-1.819765716852385822e+02 -2.006527460989269684e+03 -2.625591065336159247e+01 0.000000000000000000e+00 0.000000000000000000e+00 5.184430205289913829e-03 1.886642322744804326e-02 3.124807092534128902e-02 1.324278961527422874e-02
1.911345822911576704e+02 -2.423297573352408563e+03 -3.810518359181213555e+01 0.000000000000000000e+00 0.000000000000000000e+00 5.193625898421316833e-03 2.152712090168469247e-02 3.384771848244032266e-02 1.387187764308251206e-02
-1.845884882719910536e+02 -2.423114995628598990e+03 -3.808010344033218075e+01 0.000000000000000000e+00 0.000000000000000000e+00 1.189124763669724416e-04 1.904846970274654688e-02 3.372925686825305885e-02 1.381846824238507077e-02
2.203966120516671253e+03 -3.165600096459404540e+03 -1.006318463859100945e+02 0.000000000000000000e+00 0.000000000000000000e+00 3.634473342505373239e-02 3.472747449981056223e-02 3.975301956082801652e-02 1.715423111332725278e-02
1.830347850290853330e+03 -3.167839405439824986e+03 -8.950868624895467462e+01 0.000000000000000000e+00 0.000000000000000000e+00 3.983413889001496955e-02 3.210014655616550555e-02 3.950527106164909014e-02 1.647160633701577268e-02
2.206162214712320747e+03 -2.744886511689277540e+03 -8.574510973213055820e+01 0.000000000000000000e+00 0.000000000000000000e+00 2.412847592908917704e-02 3.461200440449308663e-02 3.732675178342508698e-02 1.661831403974577126e-02
2.014771402494343420e+03 -2.914971358920909097e+03 -8.551680882593157662e+01 0.000000000000000000e+00 0.000000000000000000e+00 1.375052105723284512e-02 3.332801117535463126e-02 3.837010380092047146e-02 1.622859997844453006e-02
1.831589173650201246e+03 -2.750236790248859506e+03 -7.447352242465335337e+01 0.000000000000000000e+00 0.000000000000000000e+00 1.075736051724618392e-02 3.053234423014724100e-02 3.561094630050691545e-02 1.440956273392812563e-02
1.534649016745855988e+03 -3.168734838028717149e+03 -8.206064174682957457e+01 0.000000000000000000e+00 0.000000000000000000e+00 -5.375372809733391932e-02 3.070204281909024585e-02 3.812707137782682387e-02 1.556240762227980093e-02
1.160772603789609548e+03 -3.170493723417169349e+03 -7.448340233654636222e+01 0.000000000000000000e+00 0.000000000000000000e+00 -1.979756599226334401e-02 2.813816498665657612e-02 3.796927251708935580e-02 1.548998535130644526e-02
1.345521103632636368e+03 -2.918436587354236963e+03 -6.855508356455943897e+01 0.000000000000000000e+00 0.000000000000000000e+00 -5.875427265790733600e-02 2.802072785778155634e-02 3.667155625039484473e-02 1.462684020458730055e-02
1.536085098520680503e+03 -2.746401601152174862e+03 -6.672870533532980630e+01 0.000000000000000000e+00 0.000000000000000000e+00 -1.941620508702612824e-02 2.924035824411362269e-02 3.552453499830424827e-02 1.436901579106104540e-02
1.159335148169254580e+03 -2.753847118963563844e+03 -5.914936918291669343e+01 0.000000000000000000e+00 0.000000000000000000e+00 -5.078550903323986176e-02 2.667064327446340075e-02 3.536320794292291403e-02 1.429429287237293789e-02
1.532633063138020816e+03 -2.417459307978703691e+03 -5.604163947201692508e+01 0.000000000000000000e+00 0.000000000000000000e+00 -1.769718168053202589e-02 2.917773715962042325e-02 3.430080969468712881e-02 1.407802139667399186e-02
1.157229826900905664e+03 -2.420281352256421087e+03 -4.825666082130354795e+01 0.000000000000000000e+00 0.000000000000000000e+00 -1.349656136660115635e-02 2.660197376484441448e-02 3.413369940220082471e-02 1.400169647161362066e-02
1.343210278517753295e+03 -2.169202932036805578e+03 -4.460329718176989644e+01 0.000000000000000000e+00 0.000000000000000000e+00 -5.122300176784477799e-02 2.782420845622078642e-02 3.299184618086822840e-02 1.375281651987561062e-02
1.156791267019213137e+03 -2.004714747655327983e+03 -3.656588259340197311e+01 0.000000000000000000e+00 0.000000000000000000e+00 -4.267362364601012814e-02 2.647192353355169378e-02 3.168420115057926645e-02 1.343387695285510643e-02
1.533384752120242865e+03 -1.998433591947989726e+03 -4.437877913296775745e+01 0.000000000000000000e+00 0.000000000000000000e+00 -4.101736892125273926e-02 2.905921666419506583e-02 3.186416032757972971e-02 1.351342779345853472e-02
8.664126404606046208e+02 -2.750809543309570927e+03 -5.443671029515898141e+01 0.000000000000000000e+00 0.000000000000000000e+00 -6.232351666464097661e-02 2.539435703158004001e-02 3.528834474376649905e-02 1.425959052657726871e-02
4.905632211220647036e+02 -2.755157916223610300e+03 -5.060932385058472249e+01 0.000000000000000000e+00 0.000000000000000000e+00 -3.535535826654978564e-02 2.418007966495911570e-02 3.528782678898698816e-02 1.481559971934523143e-02
8.647254264197769089e+02 -3.170350697945501906e+03 -6.989647979985117843e+01 0.000000000000000000e+00 0.000000000000000000e+00 -1.998219239460752306e-02 2.686474644865878211e-02 3.789578540480090241e-02 1.545625228686012438e-02
4.897647495502408788e+02 -3.170995892218907557e+03 -6.602284944980880255e+01 0.000000000000000000e+00 0.000000000000000000e+00 6.427974218723875310e-03 2.433940833170237725e-02 3.775974114978169344e-02 1.539426825817553218e-02
6.749793728016898058e+02 -2.920588136636901254e+03 -5.818273694382845207e+01 0.000000000000000000e+00 0.000000000000000000e+00 -1.443045564912637246e-02 2.552117675052276505e-02 3.659105731950702128e-02 1.513295760306772667e-02
8.628402787525761823e+02 -2.419548014129460626e+03 -4.356994804700540413e+01 0.000000000000000000e+00 0.000000000000000000e+00 -1.007808363454216760e-01 2.532222669038308033e-02 3.405613356827681681e-02 1.396626223442771174e-02
4.883426141367376658e+02 -2.422601722027692176e+03 -3.967849369862867803e+01 0.000000000000000000e+00 0.000000000000000000e+00 -4.115344615001248485e-02 2.278357144137610826e-02 3.391311751245636857e-02 1.390146290789270010e-02
6.729960679476678251e+02 -2.171507020969506812e+03 -3.401259914627534187e+01 0.000000000000000000e+00 0.000000000000000000e+00 -5.707515008138130952e-02 2.397575953617038166e-02 3.275048565507981957e-02 1.364459126980771021e-02
8.632832436929853657e+02 -1.999684855661528672e+03 -3.174373392477014022e+01 0.000000000000000000e+00 0.000000000000000000e+00 -5.040551969636197782e-02 2.518556912082565644e-02 3.160062343199696033e-02 1.339691899077307020e-02
4.882657167418694826e+02 -2.005955175470532595e+03 -2.787670785358537273e+01 0.000000000000000000e+00 0.000000000000000000e+00 -3.550733450427756566e-02 2.263158975867640699e-02 3.144644188273514052e-02 1.332935728032954258e-02
2.497490910625909237e+03 -2.417494138610965820e+03 -8.577059921094775063e+01 0.000000000000000000e+00 0.000000000000000000e+00 2.842241379792653788e-02 3.576257472618282057e-02 3.493630820348670590e-02 1.550464732980016969e-02
2.682451096406446595e+03 -2.166071780156762543e+03 -8.595302721853562389e+01 0.000000000000000000e+00 0.000000000000000000e+00 -1.780539808646608435e-02 3.711218577919381950e-02 3.512883208799254253e-02 1.619201570804295817e-02
2.497620789878401865e+03 -2.000674360418406877e+03 -7.447203728330055128e+01 0.000000000000000000e+00 0.000000000000000000e+00 9.750840680908368086e-03 3.435791685660530975e-02 3.243507789268584851e-02 1.494846667305648781e-02
2.871847202440658748e+03 -2.415240596120651844e+03 -1.007050215554384778e+02 0.000000000000000000e+00 0.000000000000000000e+00 2.352673466158705651e-02 3.851195161492475955e-02 3.652026867252279596e-02 1.714469121261385370e-02
2.872017743305129443e+03 -1.994079892840838056e+03 -8.949870851195025523e+01 0.000000000000000000e+00 0.000000000000000000e+00 7.761911360162798701e-03 3.706472951841915248e-02 3.393835911440565983e-02 1.594627081897981302e-02
2.490978794874592950e+03 -1.671347946874305705e+02 -4.911556726208992529e+01 0.000000000000000000e+00 0.000000000000000000e+00 5.754744964420410724e-02 3.423763018274195852e-02 2.679007448036754141e-02 1.524279832452920223e-02
2.676608059201232663e+03 8.466853589145750902e+01 -5.629897184213221806e+01 0.000000000000000000e+00 0.000000000000000000e+00 3.594782295998300015e-02 3.563951084198194869e-02 2.819101934671669474e-02 1.622986586389658925e-02
2.491194238730914094e+03 2.498889782838562041e+02 -4.919728063539310625e+01 0.000000000000000000e+00 0.000000000000000000e+00 4.825784809938227227e-02 3.285185748146441514e-02 2.438492307763654929e-02 1.482749458891959547e-02
2.867347822193669799e+03 2.557114341413371505e+02 -6.468868007785674479e+01 0.000000000000000000e+00 0.000000000000000000e+00 3.884951416061710461e-02 3.712400150937054250e-02 3.190010545408391435e-02 1.761073392191784756e-02
2.866710465111696976e+03 -1.661576632574709151e+02 -6.460005492155036677e+01 0.000000000000000000e+00 0.000000000000000000e+00 4.951217135541696734e-02 3.695077325572707072e-02 2.832507714433829885e-02 1.627489527720121093e-02
-4.739551788108884693e+02 -2.752043975424886867e+03 -5.037594615860935221e+01 0.000000000000000000e+00 0.000000000000000000e+00 -3.338840687057142986e-02 1.921362137256101346e-02 3.504392319992929300e-02 1.470817679155276940e-02
-8.475533204304076662e+02 -2.751863259778522661e+03 -5.422149632227468885e+01 0.000000000000000000e+00 0.000000000000000000e+00 -4.059333829621181167e-02 1.800735136707716857e-02 3.499289597343651498e-02 1.468584212392177665e-02
-6.697671993591661703e+02 -2.919299723324977549e+03 -5.808126606764898270e+01 0.000000000000000000e+00 0.000000000000000000e+00 -4.277837930390404608e-02 1.931215928343404248e-02 3.628702262550252688e-02 1.499693788353373761e-02
-4.796083630599140406e+02 -3.173020895354029562e+03 -6.602681140081907074e+01 0.000000000000000000e+00 0.000000000000000000e+00 -2.169357230798141245e-02 2.069537328595574821e-02 3.765558841984229660e-02 1.591395608495427272e-02
-8.535253050263702335e+02 -3.170783532141383148e+03 -6.976601069827826507e+01 0.000000000000000000e+00 0.000000000000000000e+00 -3.452376025693126849e-02 1.948866462883059453e-02 3.760430363454408259e-02 1.589163714031461422e-02
-1.832439417942168348e+03 3.226654542818317168e+03 -8.891188726123712627e+01 0.000000000000000000e+00 0.000000000000000000e+00 5.634546622505354208e-02 1.837420851293563792e-02 2.340474174133872279e-02 2.092260730537443686e-02
-1.838806712467640182e+03 2.812858227772971986e+03 -7.440113511583288641e+01 0.000000000000000000e+00 0.000000000000000000e+00 3.886346092772896554e-02 1.669072294681459706e-02 2.157370324025874656e-02 1.822489245422641985e-02
-2.025917683464524316e+03 3.063324180464659094e+03 -8.844065264197395493e+01 0.000000000000000000e+00 0.000000000000000000e+00 5.364917534019753020e-02 1.690152371685627042e-02 2.290473927425008133e-02 1.920261076883567411e-02
-2.213864094682014638e+03 2.815352935335589336e+03 -8.582967589221607341e+01 0.000000000000000000e+00 0.000000000000000000e+00 2.406009902733785566e-02 1.669072294681459706e-02 2.157370324025874656e-02 1.822517649503876264e-02
-2.205571211125236914e+03 3.225700384558133464e+03 -9.999871795355190329e+01 0.000000000000000000e+00 0.000000000000000000e+00 1.074351616336173265e-01 1.976081069829054709e-02 2.480325818264916132e-02 2.191366366193213400e-02
-2.186932571709326112e+03 -3.173947884750682533e+03 -1.003943370243311222e+02 0.000000000000000000e+00 0.000000000000000000e+00 3.543766051399188655e-02 1.858952938634687857e-02 3.896060523844425971e-02 1.741919748854402900e-02
-2.184414393375859163e+03 -2.754983305349327566e+03 -8.536420487569434101e+01 0.000000000000000000e+00 0.000000000000000000e+00 7.010124875311873893e-02 1.711245809937832207e-02 3.634885005696885524e-02 1.620890008336912241e-02
-1.815462684773769070e+03 -3.175893628483502653e+03 -8.941081033714900173e+01 0.000000000000000000e+00 0.000000000000000000e+00 2.595856741027091630e-02 1.713484305363718874e-02 3.751295756588891861e-02 1.585208472665901661e-02
-1.812115637431773848e+03 -2.755475359520453821e+03 -7.411038720426911652e+01 0.000000000000000000e+00 0.000000000000000000e+00 -2.847394505606359871e-02 1.690775860778727727e-02 3.502362992511218881e-02 1.529089415353373366e-02
-2.002757254290180299e+03 -2.921182114794701192e+03 -8.537379820480767023e+01 0.000000000000000000e+00 0.000000000000000000e+00 2.533833643084903997e-03 1.711245809937832207e-02 3.634885005696885524e-02 1.620945778732224216e-02
-1.516472278952738407e+03 -2.754164968205497189e+03 -6.653373677969312894e+01 0.000000000000000000e+00 0.000000000000000000e+00 -7.343941289619237978e-02 1.682135677363390258e-02 3.494588511890548560e-02 1.466549103811093033e-02
-1.146041997468982800e+03 -3.173387500891244599e+03 -7.433728110604502604e+01 0.000000000000000000e+00 0.000000000000000000e+00 -1.958301424170372229e-02 1.830053294372257708e-02 3.755675528056427043e-02 1.587095238683558507e-02
-1.334976822429921413e+03 -2.920270641310766678e+03 -6.840459286184642451e+01 0.000000000000000000e+00 0.000000000000000000e+00 -6.823966810424053619e-02 1.693382099959939505e-02 3.619235201703435711e-02 1.495485853742972021e-02
-1.143866609192150918e+03 -2.751615937453703282e+03 -5.879649541028045689e+01 0.000000000000000000e+00 0.000000000000000000e+00 -7.006006129060438070e-02 1.682135677363390258e-02 3.494588511890548560e-02 1.466525312705690282e-02
-1.520392440393563447e+03 -3.173532176604319375e+03 -8.191699765708810332e+01 0.000000000000000000e+00 0.000000000000000000e+00 1.568559116969936440e-02 1.830053294372257708e-02 3.755675528056427043e-02 1.587115819171559111e-02
2.183604832684802659e+03 2.831373967203493976e+03 -8.536986658561620800e+01 0.000000000000000000e+00 0.000000000000000000e+00 -7.276306194050619069e-02 3.058510493140871589e-02 2.294645890102523303e-02 1.932843128650485812e-02
1.808755406239592958e+03 2.832723863988686389e+03 -7.424250872504785548e+01 0.000000000000000000e+00 0.000000000000000000e+00 -5.103214673289357961e-02 2.929544588705178601e-02 2.281212542760091902e-02 1.929788159577662879e-02
1.994886719366852049e+03 3.083068775552007082e+03 -8.822478194126240680e+01 0.000000000000000000e+00 0.000000000000000000e+00 2.383225125342391948e-03 3.215186846694293582e-02 2.669172878137700267e-02 2.141430420763023104e-02
2.186192696738893574e+03 3.253475928297057180e+03 -1.004156990058358900e+02 0.000000000000000000e+00 0.000000000000000000e+00 -3.129058296322284605e-02 3.356199570390703407e-02 2.809736339243903980e-02 2.241105597184580092e-02
1.810095458477529746e+03 3.249172780296210476e+03 -8.916112484147254236e+01 0.000000000000000000e+00 0.000000000000000000e+00 -1.321272413113661059e-02 3.219155924749105002e-02 2.778668913887512651e-02 2.154809118542648852e-02
1.962776198672345345e+02 -3.171903953116991033e+03 -6.450821157234919667e+01 0.000000000000000000e+00 0.000000000000000000e+00 -9.863368669513761233e-03 2.308984021576465998e-02 3.769722345187495605e-02 1.536583273331830826e-02
5.482480137253783248e+00 -2.922654452689822847e+03 -5.471808171450841485e+01 0.000000000000000000e+00 0.000000000000000000e+00 -1.799778358829939862e-02 2.176079576872188767e-02 3.639716044701384046e-02 1.504605231137470626e-02
1.968716160097697241e+02 -2.751121039106622902e+03 -4.888974467605211061e+01 0.000000000000000000e+00 0.000000000000000000e+00 -7.561257569534518552e-03 2.161192121964077700e-02 3.508724964429576348e-02 1.416715014724093981e-02
-1.784283938678357799e+02 -2.756002103897343204e+03 -4.900535300179162590e+01 0.000000000000000000e+00 0.000000000000000000e+00 1.817686566054277364e-02 2.043657683366154054e-02 3.509894928125511376e-02 1.473235439643624800e-02
-1.794338029413565891e+02 -3.172932561788893963e+03 -6.450000053839990244e+01 0.000000000000000000e+00 0.000000000000000000e+00 5.629690853695024089e-03 2.191759077349354420e-02 3.771059439230467492e-02 1.593794887758979636e-02
1.327352134916958221e+03 3.081159877293307545e+03 -7.161839887690014450e+01 0.000000000000000000e+00 0.000000000000000000e+00 -2.769196037594667814e-02 2.677102009006616587e-02 2.364181494123039975e-02 1.936715502615076259e-02
1.142889830518931603e+03 3.246419441836889291e+03 -7.439192245117098423e+01 0.000000000000000000e+00 0.000000000000000000e+00 1.874473146474997520e-02 2.955137863402300391e-02 2.536614618164959381e-02 2.123060874529856396e-02
1.517508149582183933e+03 2.831734419914802857e+03 -6.693344499838968886e+01 0.000000000000000000e+00 0.000000000000000000e+00 -4.395083483672124203e-02 2.801052550767901828e-02 2.268329913666741401e-02 1.926910042842869264e-02
1.143595330412621479e+03 2.831423988279436799e+03 -5.941449952708195070e+01 0.000000000000000000e+00 0.000000000000000000e+00 1.049231998022293055e-02 2.549975829368595487e-02 2.352968789542036337e-02 1.934125782908646327e-02
1.517523556159007512e+03 3.251515695512352067e+03 -8.202210739051776045e+01 0.000000000000000000e+00 0.000000000000000000e+00 4.005751594158368789e-02 3.086948766228937019e-02 2.657095355827416433e-02 2.138565020988588902e-02
