# x y z x_res y_res z_res x_res_err y_res_err z_res_err
1.603122648253443231e+03 -3.036931904830773419e+03 1.364456085901858842e+02 0.000000000000000000e+00 0.000000000000000000e+00 -1.042308091440986573e-01 1.584077506923382145e-02 2.090481367568961316e-02 1.307326253786768831e-02
1.410626191366972762e+03 -2.800653366779390126e+03 1.133031961994646366e+02 0.000000000000000000e+00 0.000000000000000000e+00 -7.953193203876196549e-02 1.555831305353201979e-02 1.812439382283352260e-02 1.120640762396023053e-02
1.213823734040876843e+03 -2.641663434806154783e+03 9.690924113391672279e+01 0.000000000000000000e+00 0.000000000000000000e+00 -8.105049450179535597e-02 1.555394356148064039e-02 1.683272869890704154e-02 1.109957440771799746e-02
1.606814057272949185e+03 -2.644900793714655265e+03 1.113806851962463895e+02 0.000000000000000000e+00 0.000000000000000000e+00 -2.111904126590502528e-02 1.427659035722050537e-02 1.680864324277850375e-02 1.103126913543405439e-02
1.217016251338081020e+03 -3.039289678776794517e+03 1.224764434788571634e+02 0.000000000000000000e+00 0.000000000000000000e+00 -1.533342981378069680e-01 1.569432267930200367e-02 1.951390989653233390e-02 1.213744379864260467e-02
5.154806802719642747e+02 -3.042053892278812327e+03 1.070088895692337019e+02 0.000000000000000000e+00 0.000000000000000000e+00 -1.875267789266814589e-01 1.568964448365338035e-02 1.822162319268766026e-02 1.203092469435849445e-02
9.044920068007785403e+02 -2.645813057008203032e+03 8.876314006374508381e+01 0.000000000000000000e+00 0.000000000000000000e+00 -8.439715682237647343e-02 1.554992254438534831e-02 1.554992254438536912e-02 1.100099312577131928e-02
9.021745960646023832e+02 -3.038296437809616236e+03 1.137979844516929973e+02 0.000000000000000000e+00 0.000000000000000000e+00 -1.299539634704132141e-01 1.555831305353201979e-02 1.812439382283352260e-02 1.120666493099660432e-02
7.093635381160220277e+02 -2.802544488325455404e+03 9.431665364294738652e+01 0.000000000000000000e+00 0.000000000000000000e+00 -1.323814153406175365e-01 1.568964448365338035e-02 1.822162319268766026e-02 1.202989901605184056e-02
5.113834960332795276e+02 -2.644036718095455853e+03 8.155745785449754237e+01 0.000000000000000000e+00 0.000000000000000000e+00 -9.742260034357741461e-02 1.724305952010898174e-02 1.974005580802413312e-02 1.386497379017700635e-02
1.916175430125799039e+03 -2.327811967741150966e+03 1.077058834998052674e+02 0.000000000000000000e+00 0.000000000000000000e+00 1.561681337959441862e-02 1.554992254438534831e-02 1.554992254438536912e-02 1.100243263558892820e-02
2.302908382182522018e+03 -2.322742439034851941e+03 1.286933056688046690e+02 0.000000000000000000e+00 0.000000000000000000e+00 3.845190251894337052e-02 1.568132424535994759e-02 1.566314117498502842e-02 1.184276908872951804e-02
2.109361684685519322e+03 -2.087010560829422957e+03 1.058227110882796325e+02 0.000000000000000000e+00 0.000000000000000000e+00 3.628212891604221113e-02 1.568132424535994759e-02 1.566314117498502842e-02 1.184132323235612301e-02
1.911440755989173340e+03 -1.929263265883197391e+03 8.839888918383634575e+01 0.000000000000000000e+00 0.000000000000000000e+00 1.240674132402403984e-01 1.567768275260762734e-02 1.440158181702341778e-02 1.175674017254438146e-02
2.304526865554518281e+03 -1.929489654132556780e+03 1.099175708472377693e+02 0.000000000000000000e+00 0.000000000000000000e+00 9.153104861148619875e-02 1.582291454191874641e-02 1.578528388973749613e-02 1.269077168386996066e-02
1.602326658303593831e+03 -2.325275052003387827e+03 9.331197850092250690e+01 0.000000000000000000e+00 0.000000000000000000e+00 7.698362075601039578e-02 1.554625027264390502e-02 1.427836329910723255e-02 1.091134411687821534e-02
1.604624005568389748e+03 -1.932044063011790513e+03 7.463678443145755637e+01 0.000000000000000000e+00 0.000000000000000000e+00 7.258955511964870766e-02 1.567768275260762734e-02 1.440158181702341778e-02 1.175583169251670675e-02
1.211451148799451175e+03 -1.930066145970934258e+03 6.040175571472756388e+01 0.000000000000000000e+00 0.000000000000000000e+00 1.505356773439814333e-02 1.554625027264390502e-02 1.427836329910723255e-02 1.090936835642821422e-02
1.215195879870846284e+03 -2.328355400630229724e+03 7.948502913436347228e+01 0.000000000000000000e+00 0.000000000000000000e+00 -1.632960286204365730e-02 1.427220946632090648e-02 1.552384692492099309e-02 1.093069866953876382e-02
1.409253924791506961e+03 -2.089283432665969940e+03 7.417249684423202893e+01 0.000000000000000000e+00 0.000000000000000000e+00 3.008900182626916830e-02 1.568132424535994759e-02 1.566314117498502842e-02 1.183925118469243004e-02
2.294032964204344353e+03 5.192428048904874913e+02 7.243649014976492140e+01 0.000000000000000000e+00 0.000000000000000000e+00 -1.760950867927135732e-02 2.164207463349518759e-02 2.258248134294581558e-02 2.358368746846067898e-02
2.296263122917257988e+03 9.137221588565073489e+02 7.999313961931395056e+01 0.000000000000000000e+00 0.000000000000000000e+00 1.962543831760399371e-02 2.322834195587529169e-02 2.295793501702330167e-02 2.539699228332817360e-02
2.101056915837965335e+03 7.575300447747181352e+02 6.509300737693357064e+01 0.000000000000000000e+00 0.000000000000000000e+00 4.570868571650521517e-02 2.163843105501226521e-02 2.139137920404558108e-02 2.352569047758639245e-02
1.908332680872572837e+03 5.172211973803496221e+02 5.086818845337536743e+01 0.000000000000000000e+00 0.000000000000000000e+00 7.183904043473177126e-02 2.123894139531345288e-02 2.104378558066087243e-02 2.175832693221265920e-02
1.902449172751770220e+03 9.159563849120480654e+02 5.785122377382263892e+01 0.000000000000000000e+00 0.000000000000000000e+00 7.402550204075453166e-02 2.282195620289329679e-02 2.141751725766384909e-02 2.357028493926119697e-02
2.607333600614434545e+03 1.230788724583906514e+03 1.096211424876495357e+02 0.000000000000000000e+00 0.000000000000000000e+00 6.255440894067021418e-02 2.524616084835782509e-02 2.489776656374373051e-02 2.904532784174641488e-02
2.603020563489519645e+03 1.629426212036088145e+03 1.243554986830985740e+02 0.000000000000000000e+00 0.000000000000000000e+00 -6.105104025368746079e-02 2.865129158520174357e-02 2.822783037703699080e-02 3.367863514627499749e-02
2.995982555407044401e+03 1.624747917055892003e+03 1.547803543205173469e+02 0.000000000000000000e+00 0.000000000000000000e+00 1.081203936826113932e-02 2.934353012360650659e-02 2.883368120624946879e-02 3.635842810738600800e-02
2.801438593012841466e+03 1.468163998677873906e+03 1.325806908040197527e+02 0.000000000000000000e+00 0.000000000000000000e+00 2.233215844313463094e-02 2.752071273345186100e-02 2.820389975661929255e-02 3.364091632765534717e-02
2.993133748952671340e+03 1.232863546125774292e+03 1.394259365858501383e+02 0.000000000000000000e+00 0.000000000000000000e+00 8.519214077097103655e-02 2.592954881715335558e-02 2.663572659923698488e-02 3.177034774609635570e-02
1.904691952587306560e+03 2.044610524378889522e+02 4.769533219166478233e+01 0.000000000000000000e+00 0.000000000000000000e+00 4.855443497137912345e-02 1.985125587074916195e-02 2.085389617967749187e-02 2.083131066724337732e-02
2.297056673004363802e+03 -1.902108826785774625e+02 6.885531749093217968e+01 0.000000000000000000e+00 0.000000000000000000e+00 7.926435527208752774e-02 1.985125587074916195e-02 2.085389617967749187e-02 2.083254876040576201e-02
2.298180508171837118e+03 2.025417666805703618e+02 6.951067656964542607e+01 0.000000000000000000e+00 0.000000000000000000e+00 5.100878355347049364e-02 2.143913321934415306e-02 2.241516717360792985e-02 2.270130535453699500e-02
2.102960209564642810e+03 4.555992421136127746e+01 5.750560821848562654e+01 0.000000000000000000e+00 0.000000000000000000e+00 6.546167278573733483e-02 2.123894139531345288e-02 2.104378558066087243e-02 2.175871207955040049e-02
1.910494663568397300e+03 -1.947932250385138104e+02 4.756008901589401461e+01 0.000000000000000000e+00 0.000000000000000000e+00 8.018981662841895286e-02 1.928323047486144373e-02 1.794626083131010269e-02 1.807210579832921674e-02
7.075679431326595932e+02 -2.089923665308785985e+03 5.529460724378420622e+01 0.000000000000000000e+00 0.000000000000000000e+00 -5.279345387690170810e-02 1.441526281419350589e-02 1.563725435233135827e-02 1.177335450516395210e-02
5.101349541900129339e+02 -1.931939425538163732e+03 4.516738575744717110e+01 0.000000000000000000e+00 0.000000000000000000e+00 -7.356816625976847490e-02 1.441130141262638061e-02 1.437342308026915566e-02 1.168880265768100155e-02
9.003849119189438852e+02 -2.327565854283886438e+03 7.095153482473966733e+01 0.000000000000000000e+00 0.000000000000000000e+00 -7.499788825546715998e-02 1.554992254438534831e-02 1.554992254438536912e-02 1.099989038298198642e-02
9.038901881827608804e+02 -1.934403388160705390e+03 5.232134735301428208e+01 0.000000000000000000e+00 0.000000000000000000e+00 -4.767767431944491818e-02 1.554625027264390502e-02 1.427836329910723255e-02 1.090880997304619418e-02
5.143703020992561505e+02 -2.330162147931699110e+03 6.415058061804333533e+01 0.000000000000000000e+00 0.000000000000000000e+00 -1.079994977620373220e-01 1.568531157693257849e-02 1.693737452446913289e-02 1.192950294637842336e-02
8.975260561143303448e+02 -1.615237775693283083e+03 3.953247225451400482e+01 0.000000000000000000e+00 0.000000000000000000e+00 -3.912587627862507134e-02 1.567768275260762734e-02 1.440158181702341778e-02 1.175374305010781079e-02
7.050875550330664510e+02 -1.378672055843581347e+03 2.771736694820963365e+01 0.000000000000000000e+00 0.000000000000000000e+00 -3.908053911279552040e-02 1.567768275260762734e-02 1.440158181702341778e-02 1.175310183061520526e-02
5.130679285139241301e+02 -1.619380787460711190e+03 3.282425345723346055e+01 0.000000000000000000e+00 0.000000000000000000e+00 -9.510371000556716581e-02 1.441130141262638061e-02 1.437342308026915566e-02 1.168819416933278808e-02
5.066026947251851880e+02 -1.220681577923198120e+03 2.008103112327498252e+01 0.000000000000000000e+00 0.000000000000000000e+00 -5.586658736348582011e-02 1.581930564228913039e-02 1.453433021657737217e-02 1.260770926547211124e-02
9.008088348376425074e+02 -1.222858177261697620e+03 2.716287662811528492e+01 0.000000000000000000e+00 0.000000000000000000e+00 -3.514979576489452029e-02 1.709086648670311154e-02 1.581336850985183909e-02 1.275161454345851222e-02
1.596068742352011895e+03 -1.935986840808629381e+02 3.321864420924200090e+01 0.000000000000000000e+00 0.000000000000000000e+00 6.110174280732394436e-02 1.770971823900236580e-02 1.760798196276485567e-02 1.627121245656957746e-02
1.598108754985502856e+03 1.999374503790087942e+02 3.359937579517939810e+01 0.000000000000000000e+00 0.000000000000000000e+00 9.637263872977541723e-02 1.946631977915945846e-02 1.931873286730886874e-02 1.901047078607554994e-02
1.402411312044620672e+03 4.280223526102271592e+01 2.541110336086831722e+01 0.000000000000000000e+00 0.000000000000000000e+00 9.807202965958694563e-02 1.911128330771523845e-02 1.778716693932777884e-02 1.719655742930595310e-02
1.209114511091400118e+03 -1.961692125809923937e+02 1.920039151216674966e+01 0.000000000000000000e+00 0.000000000000000000e+00 2.607587024730761982e-02 1.753912580976263111e-02 1.623052635469543828e-02 1.533237247922522410e-02
1.203942714317614673e+03 2.022320825486266926e+02 1.922493052948729186e+01 0.000000000000000000e+00 0.000000000000000000e+00 5.345759382871406729e-02 2.051423894204416551e-02 1.797526218712004742e-02 1.812460100505769792e-02
2.293445920720479535e+03 1.230768288545882115e+03 8.863303086245078077e+01 0.000000000000000000e+00 0.000000000000000000e+00 -1.204836736944514541e-02 2.481848714003243722e-02 2.452470262826076872e-02 2.726803807136093938e-02
1.906843569393644884e+03 1.226627566290432242e+03 6.651427274123807365e+01 0.000000000000000000e+00 0.000000000000000000e+00 4.377991614789777941e-02 2.461273898677035499e-02 2.434549469813758471e-02 2.638096710526594002e-02
1.900910209258605846e+03 1.626551117453538382e+03 8.074339492331047552e+01 0.000000000000000000e+00 0.000000000000000000e+00 7.152018763262901757e-02 2.799592177931475509e-02 2.649134293354734465e-02 3.095520747772871617e-02
2.293672780267086637e+03 1.624111695934709815e+03 1.032188008086110784e+02 0.000000000000000000e+00 0.000000000000000000e+00 -5.427032813169319070e-02 2.865129158520174357e-02 2.822783037703699080e-02 3.367672592187184732e-02
2.099041383568492620e+03 1.468138084647711139e+03 8.527072561881692536e+01 0.000000000000000000e+00 0.000000000000000000e+00 5.996680756028638370e-02 2.683774871576298168e-02 2.646584221424791092e-02 3.091418950820877184e-02
1.213091919283708648e+03 -9.078543212704389589e+02 2.804959503703556223e+01 0.000000000000000000e+00 0.000000000000000000e+00 2.017904407907167297e-02 1.597084785094175438e-02 1.467634990512206063e-02 1.347089477873990478e-02
1.207433632717662476e+03 -5.091144057472429836e+02 2.157078123910625322e+01 0.000000000000000000e+00 0.000000000000000000e+00 3.781691220009619769e-02 1.738072705541605228e-02 1.608312478019945438e-02 1.446570795641301081e-02
1.601327351455198823e+03 -5.104306329342572326e+02 3.581297875877467618e+01 0.000000000000000000e+00 0.000000000000000000e+00 3.896051475174999723e-02 1.770971823900236580e-02 1.760798196276485567e-02 1.627132462598652324e-02
1.406172562149648911e+03 -6.675799783555412432e+02 3.030152297164459085e+01 0.000000000000000000e+00 0.000000000000000000e+00 7.956697715924931913e-02 1.738072705541605228e-02 1.608312478019945438e-02 1.446624387235052010e-02
1.599212651168809998e+03 -9.036438922529812316e+02 4.186560064624247701e+01 0.000000000000000000e+00 0.000000000000000000e+00 3.278419037913948841e-02 1.754269088104852201e-02 1.746340889016481657e-02 1.540359554229062816e-02
1.594030577872226786e+03 5.176134637210351457e+02 3.634627619180042757e+01 0.000000000000000000e+00 0.000000000000000000e+00 7.963399192493625378e-02 2.104907079827062627e-02 2.087885913413518174e-02 2.087792068529450290e-02
1.596726946145055763e+03 9.110110092366057870e+02 4.347498116586180572e+01 0.000000000000000000e+00 0.000000000000000000e+00 4.784293288522434295e-02 2.123894139531345288e-02 2.104378558066087243e-02 2.175781291032782144e-02
1.400529615906140407e+03 7.542920135176187841e+02 3.244869573390819539e+01 0.000000000000000000e+00 0.000000000000000000e+00 7.180685568736322466e-02 2.086250623894600476e-02 1.950781315085234682e-02 1.993804045622416671e-02
1.207604937787165454e+03 5.155898076284307763e+02 2.211407343915893620e+01 0.000000000000000000e+00 0.000000000000000000e+00 7.110783317354218980e-02 2.068643583532820546e-02 1.934567684183555875e-02 1.906139984681512467e-02
1.202658804317806926e+03 9.134936928565900871e+02 2.890277797474427857e+01 0.000000000000000000e+00 0.000000000000000000e+00 3.685586080081648674e-02 2.086250623894600476e-02 1.950781315085234682e-02 1.993773905601674973e-02
8.967964697287073932e+02 -9.049453366572898858e+02 1.949269066704697906e+01 0.000000000000000000e+00 0.000000000000000000e+00 -5.000915974703801226e-02 1.581930564228913039e-02 1.453433021657737217e-02 1.260778399626514418e-02
8.989604013320847571e+02 -5.113276936939934671e+02 1.328289593140507030e+01 0.000000000000000000e+00 0.000000000000000000e+00 -4.674526173852555644e-03 1.738072705541605228e-02 1.608312478019945438e-02 1.446516116353227695e-02
7.031244582612267777e+02 -6.680920938605117954e+02 1.136535207275744597e+01 0.000000000000000000e+00 0.000000000000000000e+00 2.707532958372738108e-02 1.597084785094175438e-02 1.467634990512206063e-02 1.346997221894224127e-02
5.104555677254434158e+02 -9.078607053166197147e+02 1.265448276941248018e+01 0.000000000000000000e+00 0.000000000000000000e+00 -4.692093516399076236e-02 1.581930564228913039e-02 1.453433021657737217e-02 1.260736167687401613e-02
5.039983607486382198e+02 -5.092773737724031093e+02 6.194984090371221441e+00 0.000000000000000000e+00 0.000000000000000000e+00 -2.426343965938038139e-02 1.738072705541605228e-02 1.608312478019945438e-02 1.446469626266293738e-02
1.592289213829828896e+03 1.229110321817733393e+03 5.178374339447304919e+01 0.000000000000000000e+00 0.000000000000000000e+00 1.063173507009693708e-01 2.421462674987806540e-02 2.280612975259154601e-02 2.455615898476288042e-02
1.398647409175607208e+03 1.465935004513656168e+03 5.197555667392140322e+01 0.000000000000000000e+00 0.000000000000000000e+00 1.740701802808075627e-02 2.421462674987806540e-02 2.280612975259154601e-02 2.455606263838547298e-02
1.205214956069173695e+03 1.226027315717156398e+03 3.719816935795158486e+01 0.000000000000000000e+00 0.000000000000000000e+00 5.146012576793879134e-02 2.104558293637862065e-02 1.967642322855885431e-02 2.081731270622089180e-02
1.200215538274404253e+03 1.626367949372996918e+03 5.121468685314126645e+01 0.000000000000000000e+00 0.000000000000000000e+00 -1.524214523629296991e-02 2.560630267270948973e-02 2.301165286958460968e-02 2.548639362189507665e-02
1.594195592896519884e+03 1.622067999676175305e+03 6.595844472211339848e+01 0.000000000000000000e+00 0.000000000000000000e+00 3.667928822677879452e-02 2.619852015922873034e-02 2.473458185508183721e-02 2.819595715708806891e-02
8.946713907660849827e+02 -1.942029292819029820e+02 1.068485236417516937e+01 0.000000000000000000e+00 0.000000000000000000e+00 2.945426204726331321e-02 1.753912580976263111e-02 1.623052635469543828e-02 1.533182617236961837e-02
8.969478681594379168e+02 1.991427271016858640e+02 1.084817071444332548e+01 0.000000000000000000e+00 0.000000000000000000e+00 3.201328190945496033e-02 1.894719444535008027e-02 1.763535180569365812e-02 1.632565093349042443e-02
7.009547185429263436e+02 4.265606284764091072e+01 6.338037875731845183e+00 0.000000000000000000e+00 0.000000000000000000e+00 1.973699784260940504e-02 1.894389369091168882e-02 1.641538817682841600e-02 1.625940629452465522e-02
5.080246541381051770e+02 -1.973459205328031487e+02 3.747814868559911083e+00 0.000000000000000000e+00 0.000000000000000000e+00 -7.123814942345152446e-03 1.878784158480514138e-02 1.626021495122353597e-02 1.539052513490924735e-02
5.022893392085626374e+02 2.023768957270637259e+02 3.728027373622714968e+00 0.000000000000000000e+00 0.000000000000000000e+00 -1.130389065105719126e-02 1.894719444535008027e-02 1.763535180569365812e-02 1.632514132581748892e-02
8.945917108888128269e+02 9.095136687982723060e+02 2.028450193287721959e+01 0.000000000000000000e+00 0.000000000000000000e+00 6.480200115651157944e-02 2.068643583532820546e-02 1.934567684183555875e-02 1.906117432402544207e-02
5.006695700930695807e+02 9.127358151011103473e+02 1.312061660015058351e+01 0.000000000000000000e+00 0.000000000000000000e+00 3.590451999525434701e-02 2.208764706740673489e-02 1.953647141015036823e-02 1.998935504050414549e-02
6.984457561012893621e+02 7.523578446478841215e+02 1.303343989473216880e+01 0.000000000000000000e+00 0.000000000000000000e+00 6.691773059883310282e-02 2.068643583532820546e-02 1.934567684183555875e-02 1.906067016742203982e-02
8.931321229943046092e+02 5.172130692489396324e+02 1.350500680918939267e+01 0.000000000000000000e+00 0.000000000000000000e+00 6.260416035436833226e-02 2.068314973139176796e-02 1.814117737288777413e-02 1.899938413326395653e-02
5.060192843467644934e+02 5.132768749077530401e+02 6.404108029975112082e+00 0.000000000000000000e+00 0.000000000000000000e+00 2.824151774460936792e-02 2.035269445288291970e-02 1.781642726805258634e-02 1.725217871420651333e-02
8.900527651083219780e+02 1.226354456843717116e+03 2.840794850029642049e+01 0.000000000000000000e+00 0.000000000000000000e+00 8.280050337571509544e-03 2.086250623894600476e-02 1.950781315085234682e-02 1.993758103416713029e-02
8.933545381554977212e+02 1.619870603390191945e+03 4.228128001796581970e+01 0.000000000000000000e+00 0.000000000000000000e+00 -2.552243132125653347e-02 2.384004351224329812e-02 2.126916573094583818e-02 2.273582358211938270e-02
4.994413987761741964e+02 1.623218237705562387e+03 3.503135738987879222e+01 0.000000000000000000e+00 0.000000000000000000e+00 2.242079508130245813e-02 2.366350711500059961e-02 2.109871944900218108e-02 2.185701371519486319e-02
6.968370821844771399e+02 1.463997797552371821e+03 3.214961444651024181e+01 0.000000000000000000e+00 0.000000000000000000e+00 2.552230688932155545e-02 2.366350711500059961e-02 2.109871944900218108e-02 2.185691874795681749e-02
5.032666904898852067e+02 1.224414316165514720e+03 2.118914490914621496e+01 0.000000000000000000e+00 0.000000000000000000e+00 7.401910468445294100e-04 2.226394771541806428e-02 2.090563799490737992e-02 2.092715495221302360e-02
3.000145759501668181e+03 -1.610879226063738315e+03 1.458656278043739576e+02 0.000000000000000000e+00 0.000000000000000000e+00 8.791810954403445066e-02 1.868732235769977185e-02 2.453342932534099616e-02 2.100099470375362334e-02
3.004235232976457155e+03 -1.218811068687122770e+03 1.338300286216473580e+02 0.000000000000000000e+00 0.000000000000000000e+00 6.644941312939067757e-02 2.006981930486070875e-02 2.594189596356870353e-02 2.199144446087814356e-02
2.615665377401432124e+03 -1.614773652179751934e+03 1.174375452961298549e+02 0.000000000000000000e+00 0.000000000000000000e+00 8.013550547528325296e-02 1.754656513697204490e-02 1.871158854985980821e-02 1.548400804798632548e-02
2.808237253812048039e+03 -1.374883099436541897e+03 1.231996958152156907e+02 0.000000000000000000e+00 0.000000000000000000e+00 1.284363622886246503e-01 1.771355596323992768e-02 1.884658920853345479e-02 1.634821359555918216e-02
2.611881324262295038e+03 -1.215475944759953109e+03 1.045852310182832241e+02 0.000000000000000000e+00 0.000000000000000000e+00 1.046926047845175844e-01 1.770971823900236580e-02 1.760798196276485567e-02 1.627538842471022013e-02
2.997752410162436263e+03 -8.994059384290227399e+02 1.259238462058641232e+02 0.000000000000000000e+00 0.000000000000000000e+00 9.998507462853467587e-02 2.027297289379527412e-02 2.483927052663866333e-02 2.279230367488093226e-02
3.001427740999042726e+03 -5.068957567585215429e+02 1.204483278309873100e+02 0.000000000000000000e+00 0.000000000000000000e+00 7.714953496858356630e-02 2.026854663936279027e-02 2.360905626202056823e-02 2.272424990008625398e-02
2.805669802549592077e+03 -6.636585628334911462e+02 1.071795007424342430e+02 0.000000000000000000e+00 0.000000000000000000e+00 1.267518472183155609e-01 1.846721169638153998e-02 2.067156317800941320e-02 1.991012135895802587e-02
2.607655907779830613e+03 -5.036663282602488607e+02 9.105066919743570963e+01 0.000000000000000000e+00 0.000000000000000000e+00 4.147054880868950022e-02 1.965705891236080305e-02 2.069488170374415847e-02 1.995544809028745523e-02
2.611647312840170343e+03 -9.022328790971470198e+02 9.728502645948591976e+01 0.000000000000000000e+00 0.000000000000000000e+00 8.027450799947644100e-02 1.770971823900236580e-02 1.760798196276485567e-02 1.627502965025960993e-02
2.299334159634289335e+03 -1.612294547322688459e+03 9.700095038799632619e+01 0.000000000000000000e+00 0.000000000000000000e+00 9.538185646574959264e-02 1.581930564228913039e-02 1.453433021657737217e-02 1.261230163748516299e-02
2.107659625751681233e+03 -1.376214314896839142e+03 7.815041492957014668e+01 0.000000000000000000e+00 0.000000000000000000e+00 6.225706709763301205e-02 1.582291454191874641e-02 1.578528388973749613e-02 1.268893175801800999e-02
1.914145375794737220e+03 -1.615693730567421198e+03 7.608709021600991207e+01 0.000000000000000000e+00 0.000000000000000000e+00 4.731266921787380397e-02 1.567768275260762734e-02 1.440158181702341778e-02 1.175612806506907276e-02
1.909555283424182107e+03 -1.216855228201173986e+03 6.326093293097682135e+01 0.000000000000000000e+00 0.000000000000000000e+00 6.093799365000762691e-02 1.597442251458980680e-02 1.591614523597558589e-02 1.354558673302629079e-02
2.302689269024870100e+03 -1.219703880054734100e+03 8.480998614138081848e+01 0.000000000000000000e+00 0.000000000000000000e+00 8.305732347548655525e-02 1.754269088104852201e-02 1.746340889016481657e-02 1.540623281951167267e-02
2.300067530337806147e+03 -9.008488262743308042e+02 7.719470927089760437e+01 0.000000000000000000e+00 0.000000000000000000e+00 6.230649687057621122e-02 1.770971823900236580e-02 1.760798196276485567e-02 1.627378359205146688e-02
2.301999844766675324e+03 -5.083563217158425687e+02 7.135186347286992259e+01 0.000000000000000000e+00 0.000000000000000000e+00 5.036428211190013826e-02 1.826405071443470626e-02 1.929375119278025838e-02 1.896444349432545307e-02
2.106850733789883179e+03 -6.652601624003301595e+02 6.207922911811013478e+01 0.000000000000000000e+00 0.000000000000000000e+00 3.394602205892027769e-02 1.754269088104852201e-02 1.746340889016481657e-02 1.540492885801168776e-02
1.908670822500600025e+03 -5.057457878179652653e+02 4.972238666588510370e+01 0.000000000000000000e+00 0.000000000000000000e+00 6.991328499009341613e-02 1.770971823900236580e-02 1.760798196276485567e-02 1.627218165091890573e-02
1.912651915344290501e+03 -9.043237134759248192e+02 5.606310651483985907e+01 0.000000000000000000e+00 0.000000000000000000e+00 5.901524780652067648e-02 1.738432461018295933e-02 1.732649898306320296e-02 1.454198114109792224e-02
2.611269639245133476e+03 -1.920476227092350143e+02 8.924442233085170528e+01 0.000000000000000000e+00 0.000000000000000000e+00 8.431406739244096116e-02 2.005640310943514193e-02 2.223008092760257737e-02 2.177733744577492123e-02
2.996591763457144225e+03 -1.890496078906346327e+02 1.180817411783773281e+02 0.000000000000000000e+00 0.000000000000000000e+00 9.835179972476737476e-02 2.047897391514330243e-02 2.255940359881447241e-02 2.354408743442717653e-02
2.804303995429800125e+03 4.838460271688921210e+01 1.032065840963415582e+02 0.000000000000000000e+00 0.000000000000000000e+00 1.060585313471307245e-01 2.185515460360966736e-02 2.395399955126332331e-02 2.452901113034378772e-02
2.606942008687253292e+03 2.071593825760324421e+02 8.969697572821891640e+01 0.000000000000000000e+00 0.000000000000000000e+00 1.017008104224998988e-01 2.164207463349518759e-02 2.258248134294581558e-02 2.358475491250949102e-02
2.999119786718622436e+03 2.039901611586049341e+02 1.192192117024451221e+02 0.000000000000000000e+00 0.000000000000000000e+00 4.397258671363601934e-02 2.206662374752458092e-02 2.293355269064977983e-02 2.535735657384150313e-02
2.997626717526482935e+03 9.136240120741875899e+02 1.304820475448877062e+02 0.000000000000000000e+00 0.000000000000000000e+00 2.389540308840309990e-02 2.387960619411846896e-02 2.468461366927476863e-02 2.811749720989252521e-02
2.802512548778831842e+03 7.577599858902656251e+02 1.114639765544525432e+02 0.000000000000000000e+00 0.000000000000000000e+00 5.275912517352310260e-02 2.365815616095412119e-02 2.450030467999945658e-02 2.722774150434527363e-02
2.608885298393266112e+03 5.188032975855445557e+02 9.311192693030842804e+01 0.000000000000000000e+00 0.000000000000000000e+00 7.809875686122325078e-02 2.185129770168778643e-02 2.275531813596920819e-02 2.446941800951476023e-02
2.604513943431181815e+03 9.171296049563139832e+02 1.005098369901068196e+02 0.000000000000000000e+00 0.000000000000000000e+00 2.565881855193197225e-02 2.343863046227586538e-02 2.314124913379726756e-02 2.628524701514914699e-02
2.994617808929724561e+03 5.194600662118518812e+02 1.223509807558488376e+02 0.000000000000000000e+00 0.000000000000000000e+00 2.969066431680289497e-02 2.229165725204747608e-02 2.429790240482030891e-02 2.630097473167256408e-02
1.208687227521115801e+03 -1.218796123707198603e+03 3.530337175088460100e+01 0.000000000000000000e+00 0.000000000000000000e+00 3.703784840503487885e-03 1.567768275260762734e-02 1.440158181702341778e-02 1.175366524934577314e-02
1.600010586211819600e+03 -1.613910553315856305e+03 6.183385500374731691e+01 0.000000000000000000e+00 0.000000000000000000e+00 5.340159185556103694e-02 1.567768275260762734e-02 1.440158181702341778e-02 1.175519282024559825e-02
1.602509858335044783e+03 -1.221690707755540643e+03 4.952460852070016273e+01 0.000000000000000000e+00 0.000000000000000000e+00 3.199691770599599749e-02 1.581930564228913039e-02 1.453433021657737217e-02 1.260952457452979049e-02
1.213478078415450227e+03 -1.618321983893204333e+03 4.811075777369953244e+01 0.000000000000000000e+00 0.000000000000000000e+00 3.798066045464310037e-02 1.554292699344676267e-02 1.302134622632134323e-02 1.082682649816713201e-02
1.406851428810926336e+03 -1.378213057568328850e+03 4.653345581818658871e+01 0.000000000000000000e+00 0.000000000000000000e+00 6.487944421341040879e-02 1.567768275260762734e-02 1.440158181702341778e-02 1.175432110709218221e-02
2.015289305938387656e+02 -3.039787615761935285e+03 1.039676015407807910e+02 0.000000000000000000e+00 0.000000000000000000e+00 -2.004114818840037060e-01 1.569432267930200367e-02 1.951390989653233390e-02 1.213623823712217144e-02
8.160362507043268820e+00 -2.804058791740443212e+03 8.798792104109175227e+01 0.000000000000000000e+00 0.000000000000000000e+00 -1.584847958697395143e-01 1.568964448365338035e-02 1.822162319268766026e-02 1.202949282865206637e-02
2.040957741186112173e+02 -2.647696150682375446e+03 7.897653496187113831e+01 0.000000000000000000e+00 0.000000000000000000e+00 -1.774769746057245356e-01 1.568531157693257849e-02 1.693737452446913289e-02 1.193050870483654269e-02
-1.905874605430821305e+02 -2.646276034183024422e+03 7.882467572995285821e+01 0.000000000000000000e+00 0.000000000000000000e+00 -1.406120011892824095e-01 1.568964448365338035e-02 1.822162319268766026e-02 1.202877892747459924e-02
-1.844054677924584666e+02 -3.043077081177822947e+03 1.041079700192708231e+02 0.000000000000000000e+00 0.000000000000000000e+00 -2.125866468059172121e-01 1.569432267930200367e-02 1.951390989653233390e-02 1.213625261113580531e-02
-5.004184917975130702e+02 -3.044562101575193083e+03 1.069844102204262271e+02 0.000000000000000000e+00 0.000000000000000000e+00 -1.951169169655884161e-01 1.568964448365338035e-02 1.822162319268766026e-02 1.203092521487909156e-02
-8.861719822020273796e+02 -3.046614560929280742e+03 1.140005245946951931e+02 0.000000000000000000e+00 0.000000000000000000e+00 -1.503762993850727980e-01 1.568964448365338035e-02 1.822162319268766026e-02 1.203138733508633297e-02
-6.930714210834468076e+02 -2.808470345409445144e+03 9.439763692283661101e+01 0.000000000000000000e+00 0.000000000000000000e+00 -1.281571661317855160e-01 1.568964448365338035e-02 1.822162319268766026e-02 1.202990915204039946e-02
-8.894767989271748547e+02 -2.648972200988881923e+03 8.860644419495872626e+01 0.000000000000000000e+00 0.000000000000000000e+00 -8.701279081444113217e-02 1.568531157693257849e-02 1.693737452446913289e-02 1.193113057417248546e-02
-4.980199229688048490e+02 -2.652031468623899855e+03 8.185952299464754844e+01 0.000000000000000000e+00 0.000000000000000000e+00 -1.149678343843589801e-01 1.568964448365338035e-02 1.822162319268766026e-02 1.202897693031219559e-02
-1.584703937402437759e+03 -3.048162590153368001e+03 1.364575332044989864e+02 0.000000000000000000e+00 0.000000000000000000e+00 -1.693284643317838345e-02 1.569432267930200367e-02 1.951390989653233390e-02 1.213838021682099068e-02
-1.392803845456497129e+03 -2.807830521896793016e+03 1.131123585262620992e+02 0.000000000000000000e+00 0.000000000000000000e+00 -1.501489866177507793e-02 1.709850084661320921e-02 1.835091779549882091e-02 1.293277978354378903e-02
-1.197592732824276482e+03 -2.651982893524088468e+03 9.702082372213750716e+01 0.000000000000000000e+00 0.000000000000000000e+00 -3.991902110585954233e-02 1.568531157693257849e-02 1.693737452446913289e-02 1.193167768609644519e-02
-1.591685930550246212e+03 -2.648956023374577398e+03 1.109974203387253340e+02 0.000000000000000000e+00 0.000000000000000000e+00 5.317800414694318079e-02 1.709850084661320921e-02 1.835091779549882091e-02 1.293260341913339377e-02
-1.198432226860530591e+03 -3.044676865675834506e+03 1.222667227596439830e+02 0.000000000000000000e+00 0.000000000000000000e+00 -1.191326092723272723e-01 1.569432267930200367e-02 1.951390989653233390e-02 1.213743890112791227e-02
1.995744656646802468e+02 -2.329995783532267978e+03 6.129473532897493726e+01 0.000000000000000000e+00 0.000000000000000000e+00 -1.551911034094501929e-01 1.568531157693257849e-02 1.693737452446913289e-02 1.192932153527511037e-02
2.026841977176349872e+02 -1.937783694166237183e+03 4.265241459176378669e+01 0.000000000000000000e+00 0.000000000000000000e+00 -9.095450545653704921e-02 1.568132424535994759e-02 1.566314117498502842e-02 1.183726955021791212e-02
-1.866595423868438104e+02 -2.334206556755109887e+03 6.145063519589877643e+01 0.000000000000000000e+00 0.000000000000000000e+00 -1.267069599345944653e-01 1.568531157693257849e-02 1.693737452446913289e-02 1.192933221888501163e-02
6.439099658225011957e+00 -2.093051265134786718e+03 4.910905163661895756e+01 0.000000000000000000e+00 0.000000000000000000e+00 -9.149072071878805446e-02 1.568132424535994759e-02 1.566314117498502842e-02 1.183763932523897340e-02
-1.905132118473624985e+02 -1.934453885782768566e+03 4.244833032836016429e+01 0.000000000000000000e+00 0.000000000000000000e+00 -9.343661220445653726e-02 1.568132424535994759e-02 1.566314117498502842e-02 1.183725741319006410e-02
-1.201237572372567001e+03 -2.334821401215704554e+03 7.939168310097781500e+01 0.000000000000000000e+00 0.000000000000000000e+00 2.865671800513780454e-02 1.568531157693257849e-02 1.693737452446913289e-02 1.193047799370338356e-02
-1.396085386305557222e+03 -2.097960888355783936e+03 7.410665672259715109e+01 0.000000000000000000e+00 0.000000000000000000e+00 3.014926861473554709e-02 1.582291454191874641e-02 1.578528388973749613e-02 1.268849316326377957e-02
-1.199590160848988035e+03 -1.941753907875730192e+03 6.054313476891783807e+01 0.000000000000000000e+00 0.000000000000000000e+00 6.846680822633288699e-03 1.582291454191874641e-02 1.578528388973749613e-02 1.268770383452582501e-02
-1.587887359637357804e+03 -2.337927855637239190e+03 9.338201545392034575e+01 0.000000000000000000e+00 0.000000000000000000e+00 7.277347342385098727e-02 1.582686620206934930e-02 1.705039154372211055e-02 1.277452500158519910e-02
-1.593276460797116442e+03 -1.939106151893178321e+03 7.447741782660978060e+01 0.000000000000000000e+00 0.000000000000000000e+00 6.545192245617670324e-02 1.582291454191874641e-02 1.578528388973749613e-02 1.268855990524799839e-02
-6.939655270082184870e+02 -2.095926220032843048e+03 5.533339579542878539e+01 0.000000000000000000e+00 0.000000000000000000e+00 -7.375729773668382450e-02 1.568132424535994759e-02 1.566314117498502842e-02 1.183803601125768545e-02
-8.920785997229643272e+02 -1.937966530950477818e+03 5.220632772801970134e+01 0.000000000000000000e+00 0.000000000000000000e+00 -3.911077066835844107e-02 1.568132424535994759e-02 1.566314117498502842e-02 1.183787872979824400e-02
-5.001935266573912600e+02 -2.331569391207699482e+03 6.404144958029334589e+01 0.000000000000000000e+00 0.000000000000000000e+00 -1.103388341948132734e-01 1.568531157693257849e-02 1.693737452446913289e-02 1.192949627292311590e-02
-8.870960463379418570e+02 -2.335517513855581910e+03 7.106375825640257915e+01 0.000000000000000000e+00 0.000000000000000000e+00 -5.540124523194833728e-02 1.568531157693257849e-02 1.693737452446913289e-02 1.192994454346802194e-02
-4.988799588980197655e+02 -1.939440568616406608e+03 4.534766817942090000e+01 0.000000000000000000e+00 0.000000000000000000e+00 -6.656647157386430536e-02 1.568132424535994759e-02 1.566314117498502842e-02 1.183744060005047574e-02
-1.203031438834796973e+03 -1.623747589051823752e+03 4.798604893061062171e+01 0.000000000000000000e+00 0.000000000000000000e+00 -3.026098759370654534e-03 1.581930564228913039e-02 1.453433021657737217e-02 1.260923344382371830e-02
-1.590175132933128452e+03 -1.626699937808418099e+03 6.189497344629703690e+01 0.000000000000000000e+00 0.000000000000000000e+00 8.923810120973740823e-02 1.456524297491521881e-02 1.450642916284048192e-02 1.254914537752275204e-02
-1.396157874151018859e+03 -1.386521072623815144e+03 4.640731948429862541e+01 0.000000000000000000e+00 0.000000000000000000e+00 4.477396789148002654e-02 1.456524297491521881e-02 1.450642916284048192e-02 1.254837852223172900e-02
-1.201482456369609963e+03 -1.229737033354556843e+03 3.538164642219943801e+01 0.000000000000000000e+00 0.000000000000000000e+00 1.327646876418953070e-03 1.597084785094175438e-02 1.467634990512206063e-02 1.347121192891099356e-02
-1.595712067359486355e+03 -1.227513842719419699e+03 4.940494452051322583e+01 0.000000000000000000e+00 0.000000000000000000e+00 3.865639439407431155e-02 1.597442251458980680e-02 1.591614523597558589e-02 1.354476624585128006e-02
-1.905124945945625768e+03 -1.625617506566313750e+03 7.600234660580041179e+01 0.000000000000000000e+00 0.000000000000000000e+00 7.133637823356764329e-02 1.738432461018295933e-02 1.732649898306320296e-02 1.454310466935283819e-02
-2.291686223946834161e+03 -1.629898092476358443e+03 9.718230220329247970e+01 0.000000000000000000e+00 0.000000000000000000e+00 4.194976384945903192e-02 1.879478665351258168e-02 1.873734641214638494e-02 1.554189364961115066e-02
-1.905125699310276104e+03 -1.231827674897942643e+03 6.345076026371881284e+01 0.000000000000000000e+00 0.000000000000000000e+00 7.051857092069724331e-02 1.613556879410898634e-02 1.605551203003809449e-02 1.440992731205141021e-02
-2.099234730045917786e+03 -1.389523714923700936e+03 7.810133976935119904e+01 0.000000000000000000e+00 0.000000000000000000e+00 6.109645992435730477e-02 1.738432461018295933e-02 1.732649898306320296e-02 1.454330575366717324e-02
-2.298265415430007124e+03 -1.229759354891230714e+03 8.481799849270221614e+01 0.000000000000000000e+00 0.000000000000000000e+00 4.659319292161967496e-02 1.879116975052577687e-02 1.749100496182588727e-02 1.546569545398585911e-02
1.975634119749677495e+02 -1.620052571332145817e+03 3.002032622875424295e+01 0.000000000000000000e+00 0.000000000000000000e+00 -9.185948562361545555e-02 1.582291454191874641e-02 1.578528388973749613e-02 1.268592609485801048e-02
4.921300344983689179e+00 -1.383498316521148126e+03 2.158979354469513012e+01 0.000000000000000000e+00 0.000000000000000000e+00 -5.981418162356888502e-02 1.582291454191874641e-02 1.578528388973749613e-02 1.268546092396249242e-02
-1.934837542279407216e+02 -1.223783165695739171e+03 1.739818140649362732e+01 0.000000000000000000e+00 0.000000000000000000e+00 -9.976694052368273447e-02 1.581930564228913039e-02 1.453433021657737217e-02 1.260754421812762018e-02
2.005165291118444770e+02 -1.226765002655763510e+03 1.751505971441644149e+01 0.000000000000000000e+00 0.000000000000000000e+00 -7.773070606077681077e-02 1.582291454191874641e-02 1.578528388973749613e-02 1.268523957912931488e-02
-1.896075069117264320e+02 -1.622620012077100455e+03 3.007442537625436074e+01 0.000000000000000000e+00 0.000000000000000000e+00 -8.211522312464225593e-02 1.582291454191874641e-02 1.578528388973749613e-02 1.268592884977589111e-02
-1.902746310093554030e+03 -2.336492183920204752e+03 1.074975805544667935e+02 0.000000000000000000e+00 0.000000000000000000e+00 7.445638153451739072e-02 1.582686620206934930e-02 1.705039154372211055e-02 1.277539940566455381e-02
-2.289900612171153170e+03 -2.338537542707409557e+03 1.287449440381335819e+02 0.000000000000000000e+00 0.000000000000000000e+00 3.031600533219602767e-02 1.739245546922029220e-02 1.985259657268884786e-02 1.471343151574774390e-02
-2.096276442496131040e+03 -2.099510457870147093e+03 1.056968509941755343e+02 0.000000000000000000e+00 0.000000000000000000e+00 7.226043961765071799e-02 1.723880161946888048e-02 1.846360408019565372e-02 1.377452905671054141e-02
-1.900533169678271406e+03 -1.943865643567493407e+03 8.849630247732227417e+01 0.000000000000000000e+00 0.000000000000000000e+00 6.962376628553101909e-02 1.723880161946888048e-02 1.846360408019565372e-02 1.377334008008014241e-02
-2.293699584481420970e+03 -1.940012013454655971e+03 1.097262067895657367e+02 0.000000000000000000e+00 0.000000000000000000e+00 5.251718104911162754e-02 2.120072104252068365e-02 1.993115423874931499e-02 1.491274686306269179e-02
-8.895566028474884206e+02 -1.625399330971030167e+03 3.971969153403922803e+01 0.000000000000000000e+00 0.000000000000000000e+00 1.684418716287439111e-03 1.567768275260762734e-02 1.440158181702341778e-02 1.175374952323933811e-02
-6.965302203751643901e+02 -1.386577507755937177e+03 2.781012647058998510e+01 0.000000000000000000e+00 0.000000000000000000e+00 -2.489305599218027965e-02 1.582291454191874641e-02 1.578528388973749613e-02 1.268583593135282593e-02
-8.937386886322419741e+02 -1.225479284166977322e+03 2.707382507548465966e+01 0.000000000000000000e+00 0.000000000000000000e+00 -3.409037520015090195e-02 1.597084785094175438e-02 1.467634990512206063e-02 1.347072596981505055e-02
-5.005509238304433666e+02 -1.228044714324576489e+03 2.020604479299018763e+01 0.000000000000000000e+00 0.000000000000000000e+00 -5.013122620930587914e-02 1.581930564228913039e-02 1.453433021657737217e-02 1.260771402430307074e-02
-5.017169970911081691e+02 -1.620327424205833950e+03 3.271308585070223529e+01 0.000000000000000000e+00 0.000000000000000000e+00 -6.340423848665466267e-02 1.582291454191874641e-02 1.578528388973749613e-02 1.268608834364447213e-02
1.950850619049022328e+02 -9.071035701502707980e+02 9.822733507473847325e+00 0.000000000000000000e+00 0.000000000000000000e+00 -3.826397442641926716e-02 1.597442251458980680e-02 1.591614523597558589e-02 1.354250507982501621e-02
-1.947346203179683926e+02 -5.122829583673864136e+02 3.481176268174500876e+00 0.000000000000000000e+00 0.000000000000000000e+00 -2.488428603307246689e-02 1.738072705541605228e-02 1.608312478019945438e-02 1.446451807066072293e-02
-1.905919280251396515e+02 -9.113335255998474622e+02 9.887505348119896453e+00 0.000000000000000000e+00 0.000000000000000000e+00 -6.999940710717389436e-02 1.597442251458980680e-02 1.591614523597558589e-02 1.354250837380735310e-02
2.360455597785981130e+00 -6.714331597117793535e+02 5.137787951167569034e+00 0.000000000000000000e+00 0.000000000000000000e+00 -5.129084895634417052e-02 1.597442251458980680e-02 1.591614523597558589e-02 1.354225501357753277e-02
1.995026453670629678e+02 -5.158482878453635294e+02 3.546738170859127681e+00 0.000000000000000000e+00 0.000000000000000000e+00 -3.876494372640104658e-02 1.723122942044709449e-02 1.594399935152520167e-02 1.360372552283807719e-02
-8.908360268555949233e+02 -9.132792154962945688e+02 1.952728974475376233e+01 0.000000000000000000e+00 0.000000000000000000e+00 -1.795172133727618302e-02 1.597442251458980680e-02 1.591614523597558589e-02 1.354306935925490493e-02
-5.018403407645078005e+02 -5.169792423839159028e+02 6.256892771678878695e+00 0.000000000000000000e+00 0.000000000000000000e+00 -5.191844004412971003e-04 1.723122942044709449e-02 1.594399935152520167e-02 1.360391069772727383e-02
-8.961331851324489435e+02 -5.143410205783857236e+02 1.325278745293714522e+01 0.000000000000000000e+00 0.000000000000000000e+00 -1.323300784728509427e-02 1.723122942044709449e-02 1.594399935152520167e-02 1.360439105423882217e-02
-5.045202831365529619e+02 -9.103143742402091902e+02 1.262839679098151002e+01 0.000000000000000000e+00 0.000000000000000000e+00 -6.443273560677731382e-02 1.597084785094175438e-02 1.467634990512206063e-02 1.346998523927884876e-02
-6.980688746658690889e+02 -6.737423308545091913e+02 1.136071442359611794e+01 0.000000000000000000e+00 0.000000000000000000e+00 -2.222833660985301663e-02 1.723122942044709449e-02 1.594399935152520167e-02 1.360422516363054765e-02
-1.938507341608750210e+02 -2.000458468332321900e+02 9.402561302671287313e-01 0.000000000000000000e+00 0.000000000000000000e+00 6.223199925356137641e-03 1.738072705541605228e-02 1.608312478019945438e-02 1.446438879341609661e-02
-8.707629328861332674e-02 3.901873658942950840e+01 1.759156788589412435e-02 0.000000000000000000e+00 0.000000000000000000e+00 6.607307401043194944e-03 1.753912580976263111e-02 1.623052635469543828e-02 1.533115078873152973e-02
-1.969611221943734165e+02 1.993471513130520520e+02 9.606729620246937662e-01 0.000000000000000000e+00 0.000000000000000000e+00 -3.173399648733132850e-02 1.878784158480514138e-02 1.626021495122353597e-02 1.539032244741753326e-02
1.938718781228776891e+02 -1.969683155665931338e+02 9.263690786812835976e-01 0.000000000000000000e+00 0.000000000000000000e+00 -1.262840529568698411e-02 1.753912580976263111e-02 1.623052635469543828e-02 1.533120254748974488e-02
1.962437415374043610e+02 1.963278388201490543e+02 9.431203149189315571e-01 0.000000000000000000e+00 0.000000000000000000e+00 3.941054724491133143e-04 2.019869300659231370e-02 1.766486360493268321e-02 1.638490829972622659e-02
-1.205230307194775605e+03 -9.138938469158808857e+02 2.792999237693029357e+01 0.000000000000000000e+00 0.000000000000000000e+00 -1.091847555701619399e-02 1.597442251458980680e-02 1.591614523597558589e-02 1.354356110401419566e-02
-1.202798338711790620e+03 -5.198524484496529112e+02 2.155033935510656562e+01 0.000000000000000000e+00 0.000000000000000000e+00 -2.815373728093817363e-03 1.738072705541605228e-02 1.608312478019945438e-02 1.446570419962350980e-02
-1.399487564872332996e+03 -6.764363947648745352e+02 3.019297733003942952e+01 0.000000000000000000e+00 0.000000000000000000e+00 5.397510258678295259e-02 1.864005714100478578e-02 1.611308496858984349e-02 1.452911559454705612e-02
-1.597786063083309500e+03 -5.170826954553286896e+02 3.574144700235236627e+01 0.000000000000000000e+00 0.000000000000000000e+00 3.532185844520796536e-02 1.878784158480514138e-02 1.626021495122353597e-02 1.539278408506852824e-02
-1.593309380158980503e+03 -9.158766174709295456e+02 4.187080021259106388e+01 0.000000000000000000e+00 0.000000000000000000e+00 4.276297234587644880e-02 1.738072705541605228e-02 1.608312478019945438e-02 1.446692432870006449e-02
-5.069670736954822132e+02 -2.007891137177571750e+02 3.749596078383828246e+00 0.000000000000000000e+00 0.000000000000000000e+00 -3.299893664934216986e-03 1.738072705541605228e-02 1.608312478019945438e-02 1.446457516469378327e-02
-5.037259432982895078e+02 1.928430264508433254e+02 3.702170492874764740e+00 0.000000000000000000e+00 0.000000000000000000e+00 -1.952008690464746010e-02 1.878784158480514138e-02 1.626021495122353597e-02 1.539052699755163491e-02
-7.001336005083276177e+02 3.632032413068499466e+01 6.316590072320356519e+00 0.000000000000000000e+00 0.000000000000000000e+00 -7.889702250896135638e-05 1.738072705541605228e-02 1.608312478019945438e-02 1.446475761030168068e-02
-8.983684400280765203e+02 1.963919978063566987e+02 1.086787631850791058e+01 0.000000000000000000e+00 0.000000000000000000e+00 -2.563950736977105294e-02 1.864005714100478578e-02 1.611308496858984349e-02 1.452780590083960557e-02
-8.932219646489479601e+02 -2.022836662799447538e+02 1.068681176234965946e+01 0.000000000000000000e+00 0.000000000000000000e+00 6.201130555114175991e-03 1.738072705541605228e-02 1.608312478019945438e-02 1.446503650271526407e-02
1.913871427040024571e+02 5.130277823229737351e+02 3.549823118936777711e+00 0.000000000000000000e+00 0.000000000000000000e+00 2.710402491633789879e-03 1.894389369091168882e-02 1.641538817682841600e-02 1.625913992847656878e-02
-1.969913851479301456e+02 5.098336703857338534e+02 3.539654895510154553e+00 0.000000000000000000e+00 0.000000000000000000e+00 3.685800516258330717e-02 1.894389369091168882e-02 1.641538817682841600e-02 1.625914010776644686e-02
-2.060915395778006864e+00 7.498989032340743961e+02 6.606550186149259041e+00 0.000000000000000000e+00 0.000000000000000000e+00 3.151584179349953274e-02 2.035269445288291970e-02 1.781642726805258634e-02 1.725210659772685035e-02
-2.003389483897649370e+02 9.091681661114604367e+02 1.027691948675524181e+01 0.000000000000000000e+00 0.000000000000000000e+00 -1.090452767066807382e-02 2.035269445288291970e-02 1.781642726805258634e-02 1.725232142168970154e-02
1.937086677534420573e+02 9.063321632831518855e+02 1.018113895878449959e+01 0.000000000000000000e+00 0.000000000000000000e+00 7.799786434624422782e-03 2.175899781183732520e-02 1.800635976333814225e-02 1.818173751955346265e-02
-5.076342062691507522e+02 5.113524650742983226e+02 6.402052405356207565e+00 0.000000000000000000e+00 0.000000000000000000e+00 -9.439696331127400697e-03 1.878784158480514138e-02 1.626021495122353597e-02 1.539066900466476082e-02
-8.944920939655559096e+02 5.082755064001057690e+02 1.342659883759042749e+01 0.000000000000000000e+00 0.000000000000000000e+00 -4.136435627165546691e-02 1.878784158480514138e-02 1.626021495122353597e-02 1.539120275514234762e-02
-5.048817847062151714e+02 9.047065494667475605e+02 1.300138182795188513e+01 0.000000000000000000e+00 0.000000000000000000e+00 1.592700427762139270e-02 2.176212146215348447e-02 1.921931028733653291e-02 1.824615520983911138e-02
-8.996473703180510029e+02 9.072054687617992386e+02 2.035331471940689951e+01 0.000000000000000000e+00 0.000000000000000000e+00 -1.972746725900265119e-02 2.176212146215348447e-02 1.921931028733653291e-02 1.824680170428302425e-02
-7.007590787565512755e+02 7.481244397162258792e+02 1.299976253243607616e+01 0.000000000000000000e+00 0.000000000000000000e+00 -2.505359454874067637e-03 2.160676185587908152e-02 1.784780159652338619e-02 1.731363073035811079e-02
-1.206905977401769405e+03 -1.995838113511057372e+02 1.914597347738407151e+01 0.000000000000000000e+00 0.000000000000000000e+00 2.718966084959362206e-03 1.738072705541605228e-02 1.608312478019945438e-02 1.446560174352576680e-02
-1.206340636602709765e+03 1.937804410888516884e+02 1.925749411268340694e+01 0.000000000000000000e+00 0.000000000000000000e+00 -1.190111226230783359e-02 1.878784158480514138e-02 1.626021495122353597e-02 1.539168838182617891e-02
-1.599555907656928412e+03 1.949932864294851527e+02 3.363347838869510298e+01 0.000000000000000000e+00 0.000000000000000000e+00 3.214305555405161385e-02 1.878784158480514138e-02 1.626021495122353597e-02 1.539276899941324425e-02
-1.401605400426323740e+03 3.642135531215750888e+01 2.537254845892269017e+01 0.000000000000000000e+00 0.000000000000000000e+00 2.522581142656221687e-02 2.019869300659231370e-02 1.766486360493268321e-02 1.638688520428257384e-02
-1.594147261266152555e+03 -2.040788917195983174e+02 3.318079090707882273e+01 0.000000000000000000e+00 0.000000000000000000e+00 3.878123795967525211e-02 2.005240839444806175e-02 1.752075989918560825e-02 1.552593523621762818e-02
-5.107970982913622038e+02 1.224445777497105382e+03 2.129141469348231297e+01 0.000000000000000000e+00 0.000000000000000000e+00 -4.591298511549268824e-03 2.175899781183732520e-02 1.800635976333814225e-02 1.818244077333570560e-02
-5.072762034717683832e+02 1.614614641900303241e+03 3.479393103191382863e+01 0.000000000000000000e+00 0.000000000000000000e+00 -1.676939976494651319e-02 2.457921560709927511e-02 2.080644684653556314e-02 2.016949140749040373e-02
-7.046620762063481607e+02 1.460061686973901260e+03 3.215503888855756287e+01 0.000000000000000000e+00 0.000000000000000000e+00 -2.536739477042004864e-02 2.301822933062805387e-02 1.925040252858981754e-02 1.830911073821354582e-02
-8.986663033365497313e+02 1.220742653792397959e+03 2.844508461630367080e+01 0.000000000000000000e+00 0.000000000000000000e+00 -1.320704665578631420e-02 2.176212146215348447e-02 1.921931028733653291e-02 1.824731643963471706e-02
-9.021718776710320071e+02 1.618709342147288908e+03 4.244796578210583959e+01 0.000000000000000000e+00 0.000000000000000000e+00 -5.216468984722411051e-02 2.457622874896908671e-02 1.959956894179104570e-02 2.010745527658865800e-02
-2.603940851598277732e+03 -1.628445306292792338e+03 1.171298957014139148e+02 0.000000000000000000e+00 0.000000000000000000e+00 6.398290009349238971e-02 2.146834764660334599e-02 2.017633195305274310e-02 1.660565331208284021e-02
-2.602673065258466522e+03 -1.234625409640474118e+03 1.044733500170906950e+02 0.000000000000000000e+00 0.000000000000000000e+00 3.959698380414522489e-02 2.146834764660334599e-02 2.017633195305274310e-02 1.660479543759020224e-02
-2.797738825416752661e+03 -1.390804006183273941e+03 1.229114722588743547e+02 0.000000000000000000e+00 0.000000000000000000e+00 1.100396686173752414e-01 2.287758453108923798e-02 2.033858783417686125e-02 1.752780065280964625e-02
-2.995000808154822153e+03 -1.231929262046443000e+03 1.334474593339417936e+02 0.000000000000000000e+00 0.000000000000000000e+00 1.204964959628398447e-01 3.888174059954778439e-02 3.255842182061935430e-02 2.260130694868188808e-02
-2.990043279771545713e+03 -1.631281922382430821e+03 1.458027790409163913e+02 0.000000000000000000e+00 0.000000000000000000e+00 1.458592433334047200e-01 2.684832601307525490e-02 2.305995261297019358e-02 1.874876414092913751e-02
-1.907679372971404746e+03 -9.136824838472938382e+02 5.600541598092947027e+01 0.000000000000000000e+00 0.000000000000000000e+00 8.868333384609172754e-02 1.738072705541605228e-02 1.608312478019945438e-02 1.446785825825588033e-02
-2.294411238340985619e+03 -9.156203654540554453e+02 7.714939928992102125e+01 0.000000000000000000e+00 0.000000000000000000e+00 9.522113339052395986e-02 2.020205791330529493e-02 1.889974344204260401e-02 1.646181044623589579e-02
-1.905410491906493007e+03 -5.196444150157461763e+02 4.971392798562218474e+01 0.000000000000000000e+00 0.000000000000000000e+00 6.822402537546423673e-02 2.005240839444806175e-02 1.752075989918560825e-02 1.552720386295209330e-02
-2.299109543676049725e+03 -5.171255655792114112e+02 7.127172457056299493e+01 0.000000000000000000e+00 0.000000000000000000e+00 2.733603646935023335e-02 2.146492791361762770e-02 1.892932231766598222e-02 1.652608514880471446e-02
-2.100789774635148206e+03 -6.758768107353048435e+02 6.190146631352759243e+01 0.000000000000000000e+00 0.000000000000000000e+00 7.471270296882437378e-02 2.005240839444806175e-02 1.752075989918560825e-02 1.552813983210571923e-02
8.877561283004797588e+02 3.040582645859783042e+03 1.270489033353510138e+02 0.000000000000000000e+00 0.000000000000000000e+00 -4.178746213294459722e-02 3.296111322208329641e-02 2.912558093943171111e-02 3.213554092636759091e-02
4.937578590542971142e+02 3.044718519639153328e+03 1.196589936012941138e+02 0.000000000000000000e+00 0.000000000000000000e+00 -2.579415810281204813e-02 3.259879322260050144e-02 2.758970213764867438e-02 3.031721674136432162e-02
6.919357284653663100e+02 2.885467691269876468e+03 1.106058817075251142e+02 0.000000000000000000e+00 0.000000000000000000e+00 -4.631747801757057914e-02 3.259879322260050144e-02 2.758970213764867438e-02 3.031665140856955321e-02
8.860741287897567418e+02 2.650020477582775129e+03 9.794832387410654917e+01 0.000000000000000000e+00 0.000000000000000000e+00 -6.576947605169891631e-02 3.259879322260050144e-02 2.758970213764867438e-02 3.031583349101105856e-02
4.992760904668796229e+02 2.646641727062733935e+03 9.023289955733476120e+01 0.000000000000000000e+00 0.000000000000000000e+00 -8.334056551349533493e-02 3.259879322260050144e-02 2.758970213764867438e-02 3.031480604947288729e-02
1.879865134265683650e+02 3.039778630647673253e+03 1.163119869180782899e+02 0.000000000000000000e+00 0.000000000000000000e+00 -1.314866983805984546e-02 3.540008696682786504e-02 2.801826053814024386e-02 3.218356248286389359e-02
-2.067616679876184094e+02 3.042078149035346996e+03 1.166003656329964144e+02 0.000000000000000000e+00 0.000000000000000000e+00 2.387934723333273723e-02 3.663709851640939430e-02 2.921882671315086111e-02 3.229317478069151925e-02
-7.532862159408685976e+00 2.882801635659977364e+03 1.036651591873058607e+02 0.000000000000000000e+00 0.000000000000000000e+00 -1.354362932141839337e-02 3.242592125750222432e-02 2.741371645898631540e-02 2.943719528980014155e-02
1.844900509816147292e+02 2.647348605312874497e+03 8.727983569640603889e+01 0.000000000000000000e+00 0.000000000000000000e+00 -8.770782126870813045e-02 3.242592125750222432e-02 2.741371645898631540e-02 2.943586921457004915e-02
-2.015974126699662179e+02 2.644106797715718130e+03 8.715096716368327634e+01 0.000000000000000000e+00 0.000000000000000000e+00 -5.875010023699189787e-02 3.242298639447888792e-02 2.623543016041242348e-02 2.937970800885187153e-02
8.900957755998064158e+02 2.329299057393025578e+03 7.749735737803436564e+01 0.000000000000000000e+00 0.000000000000000000e+00 -1.028836920565225910e-01 3.259587392460421007e-02 2.641926588026919515e-02 3.025975464649735547e-02
4.961044091927983004e+02 2.334077150516918209e+03 7.024410462924329579e+01 0.000000000000000000e+00 0.000000000000000000e+00 -9.027715731681951183e-02 3.242298639447888792e-02 2.623543016041242348e-02 2.937860660188425233e-02
6.939593767428960973e+02 2.174238330704457439e+03 6.433946535443992332e+01 0.000000000000000000e+00 0.000000000000000000e+00 -1.163415451533325040e-01 3.102165717146592588e-02 2.602433779514811557e-02 2.844529126943865643e-02
8.871080618822142014e+02 1.936874180813412977e+03 5.620868841651899572e+01 0.000000000000000000e+00 0.000000000000000000e+00 -7.092658956203479192e-02 2.719084587920164026e-02 2.457813587867360358e-02 2.735575915002337252e-02
5.005055308765652740e+02 1.936542783702536099e+03 4.889398832238152437e+01 0.000000000000000000e+00 0.000000000000000000e+00 -8.182314941709023515e-02 2.664397710257135343e-02 2.405686741017454625e-02 2.471482673998721263e-02
-5.114603179576874368e+02 3.037790149970603125e+03 1.193574638209172889e+02 0.000000000000000000e+00 0.000000000000000000e+00 -2.916058913110930462e-02 3.647358395341644688e-02 2.904213196686367474e-02 3.141738121760548341e-02
-9.058786632171868405e+02 3.041045588700701956e+03 1.275476431548316754e+02 0.000000000000000000e+00 0.000000000000000000e+00 -9.789465929259222321e-03 3.631147645623843817e-02 2.768812080076808388e-02 3.048718748987590266e-02
-7.083280645876139943e+02 2.882112618065748848e+03 1.106765624605127840e+02 0.000000000000000000e+00 0.000000000000000000e+00 8.299790485267521944e-03 3.506584791833295550e-02 2.765395828157782981e-02 3.042686876052374742e-02
-5.147038092785769550e+02 2.646345584764701471e+03 9.043090890702312379e+01 0.000000000000000000e+00 0.000000000000000000e+00 -4.225594646037222901e-02 3.490247007588938993e-02 2.630299489215912404e-02 2.949376410944137133e-02
-9.013635036132307050e+02 2.643305906435492034e+03 9.786992743967276454e+01 0.000000000000000000e+00 0.000000000000000000e+00 -5.465475693738142127e-02 3.647082571268586010e-02 2.786788730975802569e-02 3.136042668744058737e-02
1.201393764853879247e+03 1.938421055722124265e+03 6.523862177817150609e+01 0.000000000000000000e+00 0.000000000000000000e+00 -6.836861600888255452e-03 2.700317974123467996e-02 2.439932040780987479e-02 2.647440181473850046e-02
1.195829768776347009e+03 2.335947050715303703e+03 8.671873852617507339e+01 0.000000000000000000e+00 0.000000000000000000e+00 -4.572823971655282094e-02 3.175233925454462591e-02 2.792515101537757991e-02 3.202922867675998819e-02
1.589663753801250095e+03 2.332950875134090438e+03 1.017746339691485247e+02 0.000000000000000000e+00 0.000000000000000000e+00 -8.350597260444203584e-02 3.096444999552244379e-02 2.827972428266839131e-02 3.375862412516294347e-02
1.394190901479416425e+03 2.176906628328714305e+03 8.461217862062289896e+01 0.000000000000000000e+00 0.000000000000000000e+00 -3.628056565284509816e-02 3.035905614966427635e-02 2.654663157788160130e-02 3.104458472436851663e-02
1.587550088789344500e+03 1.940744807676248001e+03 8.010289389240148239e+01 0.000000000000000000e+00 0.000000000000000000e+00 -4.560989448481223008e-02 3.035905614966427635e-02 2.654663157788160130e-02 3.104450413362525724e-02
1.898660851974999559e+02 2.328163475486821881e+03 6.699941778732939213e+01 0.000000000000000000e+00 0.000000000000000000e+00 -1.035129086630348638e-01 3.242298639447888792e-02 2.623543016041242348e-02 2.937819525278174970e-02
-2.043700270405976198e+02 2.331121833342733680e+03 6.725313373222856228e+01 0.000000000000000000e+00 0.000000000000000000e+00 -4.497188054020284653e-02 3.068624433072257573e-02 2.567962243063273350e-02 2.669229928746605363e-02
-5.478935340270713716e+00 2.172449179143991842e+03 5.764199831901304805e+01 0.000000000000000000e+00 0.000000000000000000e+00 -5.752215798156612436e-02 2.944913949919280780e-02 2.564880224853055904e-02 2.663565903175886193e-02
1.871383638369379412e+02 1.936073884324248411e+03 4.594453934083171731e+01 0.000000000000000000e+00 0.000000000000000000e+00 -9.866656471378831839e-02 2.787538987287932826e-02 2.408652080033193282e-02 2.476884446460630648e-02
-1.984436117929198531e+02 1.933271149571171236e+03 4.586847715918791835e+01 0.000000000000000000e+00 0.000000000000000000e+00 -7.886102906903857956e-02 2.614391058368050955e-02 2.236419115476450531e-02 2.203222894283487360e-02
-1.213086395260747167e+03 3.035107096945026569e+03 1.363268527211978949e+02 0.000000000000000000e+00 0.000000000000000000e+00 -4.272019627342160675e-02 3.615636005269096814e-02 2.751276466528669237e-02 2.961527818105411797e-02
-1.606853900832178397e+03 3.037833678303607940e+03 1.523924940896896771e+02 0.000000000000000000e+00 0.000000000000000000e+00 -4.247765403337666612e-02 3.897213474143446793e-02 2.793979058384327835e-02 3.148804784024360204e-02
-1.407831118640320938e+03 2.878654449875041337e+03 1.313397866117419426e+02 0.000000000000000000e+00 0.000000000000000000e+00 -5.239352140870323638e-02 3.897213474143446793e-02 2.793979058384327835e-02 3.148536263455503637e-02
-1.215339709640529463e+03 2.643021161611605294e+03 1.071551468227491313e+02 0.000000000000000000e+00 0.000000000000000000e+00 -1.469721626152136196e-01 3.615636005269096814e-02 2.751276466528669237e-02 2.961273919116955838e-02
-1.602578716308190906e+03 2.640257406086815536e+03 1.222973521297467840e+02 0.000000000000000000e+00 0.000000000000000000e+00 -7.722526986171374119e-02 3.882305346789938216e-02 2.776048969736614330e-02 3.061316473042238404e-02
-5.094481902346769857e+02 2.326133205682811877e+03 6.995824074403296322e+01 0.000000000000000000e+00 0.000000000000000000e+00 -1.074230287186992427e-01 2.927898294398790721e-02 2.428597543532750105e-02 2.570185244589724000e-02
-9.040221873597131435e+02 2.329629910913828098e+03 7.786226915644805047e+01 0.000000000000000000e+00 0.000000000000000000e+00 -8.244286810635514939e-02 3.192943598790556892e-02 2.452550315944527701e-02 2.669414048305468121e-02
-7.061889736370627588e+02 2.169974458011579372e+03 6.433994838126228899e+01 0.000000000000000000e+00 0.000000000000000000e+00 -5.440232677099743341e-02 3.036767926182688121e-02 2.415051176880770797e-02 2.488765291492861520e-02
-5.129468971298985025e+02 1.933098517260597191e+03 4.889875258290699378e+01 0.000000000000000000e+00 0.000000000000000000e+00 -5.180623436454823150e-02 2.755042669386680368e-02 2.255673090639886968e-02 2.296265520644534888e-02
-9.004169592445277885e+02 1.931455124337982170e+03 5.626935209319702125e+01 0.000000000000000000e+00 0.000000000000000000e+00 -5.831696732082747303e-02 2.598686426957425022e-02 2.099679818048110630e-02 2.110104501977739730e-02
-1.209013420543681377e+03 2.325052740772737252e+03 8.650558141930717682e+01 0.000000000000000000e+00 0.000000000000000000e+00 -1.381913907405873942e-02 3.162623408201931108e-02 2.418483695317609483e-02 2.495305566318034227e-02
-1.604004619430660568e+03 2.328403263451290059e+03 1.021373086681779654e+02 0.000000000000000000e+00 0.000000000000000000e+00 -2.437197483118325181e-02 3.430171606843454568e-02 2.442538471738824740e-02 2.595492693438127690e-02
-1.406312809470312914e+03 2.168283052591688374e+03 8.460036947022348386e+01 0.000000000000000000e+00 0.000000000000000000e+00 -9.514687258814547022e-03 3.021469105324900081e-02 2.279082244671945881e-02 2.396085237932686629e-02
-1.213093439361226501e+03 1.932340989674157981e+03 6.532693165400409896e+01 0.000000000000000000e+00 0.000000000000000000e+00 -5.629936561273041207e-02 2.755042669386680368e-02 2.255673090639886968e-02 2.296462726245953809e-02
-1.600763947563788861e+03 1.928567082566559066e+03 8.007913998322342763e+01 0.000000000000000000e+00 0.000000000000000000e+00 -1.268022566208060198e-03 3.006966235590774125e-02 2.262504903009463983e-02 2.309335229637972733e-02
1.930887806563810329e+02 1.618728359815042950e+03 3.200171462194579419e+01 0.000000000000000000e+00 0.000000000000000000e+00 -5.458022125061745555e-03 2.489657575943230935e-02 2.112887219754719728e-02 2.191152068318804463e-02
-2.008264504264507195e+02 1.620763481927961266e+03 3.212372920454502889e+01 0.000000000000000000e+00 0.000000000000000000e+00 -3.719872014890768241e-03 2.473479804692575723e-02 2.096461512927228280e-02 2.103859958063272403e-02
-2.450950887295301417e+00 1.460713290807182602e+03 2.553944659482633739e+01 0.000000000000000000e+00 0.000000000000000000e+00 5.588013444486250592e-02 2.473479804692575723e-02 2.096461512927228280e-02 2.103815716578407227e-02
1.910592846794662307e+02 1.225036022204930532e+03 1.833250139774365906e+01 0.000000000000000000e+00 0.000000000000000000e+00 1.942182358662236652e-02 2.208764706740673489e-02 1.953647141015036823e-02 1.998958338928494630e-02
-1.973795260987656945e+02 1.221801790629202515e+03 1.826933906245235661e+01 0.000000000000000000e+00 0.000000000000000000e+00 -8.632140660225218198e-04 2.316889218234820247e-02 1.940541840032327173e-02 1.917488569027379908e-02
-1.912650425047296267e+03 2.322361564779180299e+03 1.169151225311085227e+02 0.000000000000000000e+00 0.000000000000000000e+00 -4.889780580853653191e-02 3.698471957643803543e-02 2.467607075401495598e-02 2.696197017155492481e-02
-2.306361256335739199e+03 2.326319074203860055e+03 1.404695522766444071e+02 0.000000000000000000e+00 0.000000000000000000e+00 2.613941024260668655e-01 3.967598013932342044e-02 2.610431590672672442e-02 2.803106950039268089e-02
-2.109785379274281695e+03 2.166643934339124826e+03 1.188399276163524831e+02 0.000000000000000000e+00 0.000000000000000000e+00 -9.615416902889251105e-03 3.430171606843454568e-02 2.442538471738824740e-02 2.595850114056330246e-02
-1.917268994887694589e+03 1.929693320709218824e+03 9.545641155010328305e+01 0.000000000000000000e+00 0.000000000000000000e+00 -1.324717279418052840e-02 3.006966235590774125e-02 2.262504903009463983e-02 2.309553159612302842e-02
-2.303799912530721031e+03 1.928004388410979800e+03 1.179590893077435254e+02 0.000000000000000000e+00 0.000000000000000000e+00 1.845395520301451597e-02 3.557411077511007241e-02 2.446405615246789386e-02 2.602867256027676171e-02
-1.208690988291275971e+03 1.613109096060870570e+03 5.095394113215973420e+01 0.000000000000000000e+00 0.000000000000000000e+00 -1.062263440085331467e-02 2.724799000454807690e-02 2.103076671227083888e-02 2.116490388761860242e-02
-1.602558915312799172e+03 1.616084888964487618e+03 6.607661446410109818e+01 0.000000000000000000e+00 0.000000000000000000e+00 2.335366653495896117e-02 2.724799000454807690e-02 2.103076671227083888e-02 2.116677807035608969e-02
-1.402918036535843612e+03 1.456408075572835514e+03 5.178877346323358921e+01 0.000000000000000000e+00 0.000000000000000000e+00 3.534623939349046395e-02 2.598686426957425022e-02 2.099679818048110630e-02 2.110145355107027887e-02
-1.210156000224075342e+03 1.219238727454400532e+03 3.715272874416761795e+01 0.000000000000000000e+00 0.000000000000000000e+00 3.653794705665802667e-02 2.442694169397275142e-02 1.943819799374892771e-02 1.923932179733115269e-02
-1.597469330480480266e+03 1.217243579064000642e+03 5.164217494506138451e+01 0.000000000000000000e+00 0.000000000000000000e+00 8.858753948899789066e-03 2.583882195463533746e-02 2.083887417043089538e-02 2.023504335144860750e-02
-2.304039474316490214e+03 1.614733766524774637e+03 1.034791310471749881e+02 0.000000000000000000e+00 0.000000000000000000e+00 -8.887823651448911733e-03 3.289179814561332682e-02 2.422070656625990512e-02 2.502398415004540230e-02
-2.106060423895803069e+03 1.456024021408846693e+03 8.521768180602630594e+01 0.000000000000000000e+00 0.000000000000000000e+00 6.063073595456103249e-02 3.006966235590774125e-02 2.262504903009463983e-02 2.309529011807553295e-02
-1.913323116252387990e+03 1.219138581496861889e+03 6.661562665892948587e+01 0.000000000000000000e+00 0.000000000000000000e+00 3.625497796338095213e-02 2.865740774587232850e-02 2.122998079044342845e-02 2.210012544566633541e-02
-2.298519709178443009e+03 1.216484440618981353e+03 8.849687730189337742e+01 0.000000000000000000e+00 0.000000000000000000e+00 3.336841861539596721e-03 2.992989289179506449e-02 2.246489250166687143e-02 2.223219374453634656e-02
-1.909563435948497272e+03 1.611591506286696585e+03 8.057385344092099899e+01 0.000000000000000000e+00 0.000000000000000000e+00 3.764707335233197227e-02 3.006966235590774125e-02 2.262504903009463983e-02 2.309430127589514464e-02
-2.610923491602118247e+03 1.610313008862882270e+03 1.241080155456252072e+02 0.000000000000000000e+00 0.000000000000000000e+00 -5.799741471733455001e-03 3.685424536332607137e-02 2.569162624947731594e-02 2.616236964621966588e-02
-3.004648097484307527e+03 1.612323409712857028e+03 1.549647857983866572e+02 0.000000000000000000e+00 0.000000000000000000e+00 1.147088997490186557e-02 4.353776622625609577e-02 2.741311298042379413e-02 2.832900788893084540e-02
-2.806409876710655226e+03 1.453666044574291845e+03 1.324017211313350515e+02 0.000000000000000000e+00 0.000000000000000000e+00 -1.046747723196972402e-02 3.672572298720899742e-02 2.553265211052684405e-02 2.530633236907231173e-02
-2.613778849512113084e+03 1.217878928143502662e+03 1.096646907208836552e+02 0.000000000000000000e+00 0.000000000000000000e+00 4.099354090057261146e-02 3.390144945015582251e-02 2.393932536640087580e-02 2.337583299111677462e-02
-3.000375415253177380e+03 1.213261855977235200e+03 1.393774070867478656e+02 0.000000000000000000e+00 0.000000000000000000e+00 3.790319391910657032e-02 3.930321635988378443e-02 2.561412530769616863e-02 2.546595540797949239e-02
-1.208130601794742915e+03 9.034967246519853461e+02 2.885494750616285486e+01 0.000000000000000000e+00 0.000000000000000000e+00 -3.766626538844519700e-03 2.035269445288291970e-02 1.781642726805258634e-02 1.725383970542173143e-02
-1.602068761803772986e+03 9.054623178237098955e+02 4.357656371181197841e+01 0.000000000000000000e+00 0.000000000000000000e+00 -8.802440904588593185e-03 2.457921560709927511e-02 2.080644684653556314e-02 2.017116701371407875e-02
-1.404307293305986150e+03 7.461090631869481058e+02 3.243716318319931702e+01 0.000000000000000000e+00 0.000000000000000000e+00 3.746914232145570622e-03 2.019869300659231370e-02 1.766486360493268321e-02 1.638737970687061465e-02
-1.209940350269743249e+03 5.088072704315599140e+02 2.210298896238407806e+01 0.000000000000000000e+00 0.000000000000000000e+00 -2.481041822941776331e-02 2.004928959440682029e-02 1.629221787020680365e-02 1.545564157670347750e-02
-1.595835886413215121e+03 5.060914916802749417e+02 3.627376275387308624e+01 0.000000000000000000e+00 0.000000000000000000e+00 9.177156702946831501e-03 2.019869300659231370e-02 1.766486360493268321e-02 1.638776258571246133e-02
-1.906830532902340565e+03 9.010963289199330575e+02 5.773199204604035373e+01 0.000000000000000000e+00 0.000000000000000000e+00 2.671083196068479992e-02 2.851973815639775520e-02 2.227499250042631884e-02 2.129794210108457500e-02
-2.300882205117894500e+03 9.032825377001125844e+02 8.003261013131346147e+01 0.000000000000000000e+00 0.000000000000000000e+00 4.354609028982281416e-02 2.992989289179506449e-02 2.246489250166687143e-02 2.223140970668439562e-02
-2.103576266041972758e+03 7.437070814956991853e+02 6.496691486342531618e+01 0.000000000000000000e+00 0.000000000000000000e+00 9.780264954315498471e-02 2.979545667365034872e-02 2.231047382485809583e-02 2.136948891106468448e-02
-1.910730313774897468e+03 5.075836026058696007e+02 5.086180849104432866e+01 0.000000000000000000e+00 0.000000000000000000e+00 5.191647590406489599e-02 2.697155957161380402e-02 2.072164882207305422e-02 1.944279373186221307e-02
-2.297101524325722949e+03 5.047154393452997851e+02 7.242502226967252454e+01 0.000000000000000000e+00 0.000000000000000000e+00 2.202527870234405327e-02 2.979545667365034872e-02 2.231047382485809583e-02 2.137068575618531613e-02
-2.609598332454989759e+03 9.003709992824656183e+02 1.004647475613314356e+02 0.000000000000000000e+00 0.000000000000000000e+00 5.034757694215841184e-02 3.120610880862614497e-02 2.250178914815087125e-02 2.230545359467095423e-02
-3.002652817363467875e+03 9.019797212792608434e+02 1.306059460315452725e+02 0.000000000000000000e+00 0.000000000000000000e+00 1.640679267723044177e-03 3.789256488398102390e-02 2.541899379386843016e-02 2.453325661055260135e-02
-2.805571854430366784e+03 7.426986802626912549e+02 1.113885266466162705e+02 0.000000000000000000e+00 0.000000000000000000e+00 9.149032770982046259e-02 3.519087032317197439e-02 2.519094572558502887e-02 2.351984617866631835e-02
-2.613693136071399749e+03 5.057935797749456128e+02 9.326480207841466097e+01 0.000000000000000000e+00 0.000000000000000000e+00 6.007846770381775059e-02 2.979545667365034872e-02 2.231047382485809583e-02 2.137362058349450908e-02
-2.998041898435531948e+03 5.029721528260542414e+02 1.223857341471148459e+02 0.000000000000000000e+00 0.000000000000000000e+00 5.962619520512646432e-02 3.648199488627522358e-02 2.522997304296642485e-02 2.360215299252222884e-02
-1.905947250538156368e+03 1.901640264532958611e+02 4.767776874396990650e+01 0.000000000000000000e+00 0.000000000000000000e+00 4.878714549778351284e-02 2.146176100833343398e-02 1.769650664430498163e-02 1.645335431522311487e-02
-2.299928847281091748e+03 1.943178614310575654e+02 6.956707970666602137e+01 0.000000000000000000e+00 0.000000000000000000e+00 4.820497927903488744e-02 2.838490919392838013e-02 2.212619338596781560e-02 2.044140157198940169e-02
-2.102006909228879977e+03 3.331814822196133719e+01 5.742754639589011134e+01 0.000000000000000000e+00 0.000000000000000000e+00 5.460830197732491342e-02 2.273745986957790427e-02 1.896089008981131224e-02 1.659366579045230827e-02
-1.909791991850417844e+03 -2.035213511562680821e+02 4.755765410498799639e+01 0.000000000000000000e+00 0.000000000000000000e+00 4.121851163760226200e-02 2.019869300659231370e-02 1.766486360493268321e-02 1.638863646992811882e-02
-2.295666622641684626e+03 -2.063102259274618575e+02 6.882545994654222454e+01 0.000000000000000000e+00 0.000000000000000000e+00 5.180765173543022684e-02 2.273745986957790427e-02 1.896089008981131224e-02 1.659475053753232260e-02
-2.607714997456054334e+03 1.873485131756085593e+02 8.962275012763493010e+01 0.000000000000000000e+00 0.000000000000000000e+00 6.832944382291827878e-02 2.966642620588878440e-02 2.216191293974587376e-02 2.051781756223273676e-02
-3.000521672183824649e+03 1.886738495353533835e+02 1.192257168597901398e+02 0.000000000000000000e+00 0.000000000000000000e+00 3.902388754353580680e-02 3.249339853873915718e-02 2.497314991606058854e-02 2.251625506393572368e-02
-2.801698171237736005e+03 3.044815722538882241e+01 1.029590693742820520e+02 0.000000000000000000e+00 0.000000000000000000e+00 8.464490840825078521e-02 2.966926718558010254e-02 2.339102341030913773e-02 2.059011779967312092e-02
-2.609346594854558589e+03 -2.051745260308991874e+02 8.915131755616926057e+01 0.000000000000000000e+00 0.000000000000000000e+00 5.550486662778553182e-02 2.825873497604845797e-02 2.322193926712765727e-02 1.966422094361852668e-02
-2.995382044339028198e+03 -2.094723634418180040e+02 1.180385507774460052e+02 0.000000000000000000e+00 0.000000000000000000e+00 5.265096587724826804e-02 3.108279259386601684e-02 2.479935030985917777e-02 2.159007982567756612e-02
-2.606779768865098049e+03 -5.226543320764369582e+02 9.118977204461235431e+01 0.000000000000000000e+00 0.000000000000000000e+00 5.085658814043370057e-02 2.839103887722300296e-02 2.459999690037152284e-02 2.058949535184190563e-02
-2.999179634252253891e+03 -5.207831383671028789e+02 1.204095066432855248e+02 0.000000000000000000e+00 0.000000000000000000e+00 1.061228102401798878e-01 3.637517614972704538e-02 2.880640466042459422e-02 2.298286598871016051e-02
-2.801254078951835709e+03 -6.802769878773600567e+02 1.070852841319524487e+02 0.000000000000000000e+00 0.000000000000000000e+00 9.533455684186264989e-02 3.496245871214391510e-02 2.739504491122500204e-02 2.198127708606262276e-02
-2.607641676400156939e+03 -9.160817184626223479e+02 9.728357733972607946e+01 0.000000000000000000e+00 0.000000000000000000e+00 7.788005461223690418e-02 2.954876179146874449e-02 2.450392289887646721e-02 1.981919514552775430e-02
-2.993934964283803765e+03 -9.190769525488037743e+02 1.260043610440019961e+02 0.000000000000000000e+00 0.000000000000000000e+00 1.096242819107402511e-01 3.615870289762607159e-02 2.857075321893980113e-02 2.132832765220968665e-02
1.196546000222414705e+03 3.046936598823594977e+03 1.367127045678652735e+02 0.000000000000000000e+00 0.000000000000000000e+00 -3.919262852537030994e-02 3.492400266993199442e-02 3.106002010602629260e-02 3.577341449057529904e-02
1.590278390268944349e+03 3.044298360151358793e+03 1.521595722765910352e+02 0.000000000000000000e+00 0.000000000000000000e+00 -1.392150298860030944e-01 3.393778423155515561e-02 3.122209865763118236e-02 3.661642778464836018e-02
1.395926053943905799e+03 2.889287380350057447e+03 1.316765200370513185e+02 0.000000000000000000e+00 0.000000000000000000e+00 -8.103809757170665762e-02 3.353267215847291483e-02 2.968208980315291054e-02 3.478872531088911951e-02
1.202408855763447264e+03 2.648390122029354188e+03 1.070867968796418239e+02 0.000000000000000000e+00 0.000000000000000000e+00 -1.070250750221219960e-01 3.175233925454462591e-02 2.792515101537757991e-02 3.203089201628914889e-02
1.590037926773010895e+03 2.652543017535268518e+03 1.225874265686274214e+02 0.000000000000000000e+00 0.000000000000000000e+00 -1.045156993155416103e-01 3.373161996741150942e-02 2.987557602990640118e-02 3.567517868807842940e-02
1.897811558564799725e+03 2.337653076512774078e+03 1.170567837141934007e+02 0.000000000000000000e+00 0.000000000000000000e+00 -5.625218249558372463e-02 3.117729285464422920e-02 2.962744308796175230e-02 3.469972880956202071e-02
2.292246690916747866e+03 2.335042095348048406e+03 1.400946106079557865e+02 0.000000000000000000e+00 0.000000000000000000e+00 -1.085153328862418221e-01 3.160924884241588656e-02 3.001899158339513957e-02 3.648159536412076687e-02
2.096979872661733225e+03 2.178491459821740591e+03 1.187625922174369606e+02 0.000000000000000000e+00 0.000000000000000000e+00 -1.012352047781206466e-01 3.139117190043245326e-02 2.982128387522402571e-02 3.558920491364962746e-02
1.904814524512381922e+03 1.939566998137059954e+03 9.529303260588233115e+01 0.000000000000000000e+00 0.000000000000000000e+00 -5.861996502434863032e-02 3.096444999552244379e-02 2.827972428266839131e-02 3.375847875444242668e-02
2.291050476535998769e+03 1.943195664428853888e+03 1.179159085227439618e+02 0.000000000000000000e+00 0.000000000000000000e+00 -4.902649625111621390e-02 3.139117190043245326e-02 2.982128387522402571e-02 3.558930857606944914e-02
