# x y z x_res y_res z_res x_res_err y_res_err z_res_err
-1.582889357665164425e+03 -3.050120110507521076e+03 1.365183331297747884e+02 0.000000000000000000e+00 0.000000000000000000e+00 -2.195183128819735430e-01 3.476680601759571387e-02 7.466046245239159329e-02 4.095689648702560692e-02
-1.196500855565814845e+03 -3.046430129597958512e+03 1.223277184995631330e+02 0.000000000000000000e+00 0.000000000000000000e+00 -3.864389329586543909e-01 3.561792846775427984e-02 7.326178464539835622e-02 4.007178031820252118e-02
-1.391090195436247768e+03 -2.809581664297655152e+03 1.131617837044628772e+02 0.000000000000000000e+00 0.000000000000000000e+00 -1.936583770548736538e-01 3.444527741101716112e-02 7.096763590786582532e-02 4.044365013071624104e-02
-1.590140053072477713e+03 -2.650792876527058979e+03 1.110436707271060044e+02 0.000000000000000000e+00 0.000000000000000000e+00 -1.028549698046390404e-01 3.474731438635261793e-02 7.132885151084790432e-02 4.199196309219955375e-02
-1.195907675957018000e+03 -2.653567358375229105e+03 9.706353628012401202e+01 0.000000000000000000e+00 0.000000000000000000e+00 -1.882805114525183399e-01 3.559758581951020379e-02 6.992644558283014899e-02 4.110114548878417845e-02
-2.288793943311923613e+03 -2.340735110902271572e+03 1.287950653049029199e+02 0.000000000000000000e+00 0.000000000000000000e+00 7.397071396866294890e-03 3.998047749200808049e-02 8.137379207757280963e-02 4.948838827285534370e-02
-1.901545532076376276e+03 -2.338404119082793386e+03 1.075391181740834412e+02 0.000000000000000000e+00 0.000000000000000000e+00 -5.630035705962654902e-02 3.801317820139050313e-02 7.593434076102367758e-02 4.646719937716844995e-02
-2.095280424706306349e+03 -2.101504388635000396e+03 1.057369085394804955e+02 0.000000000000000000e+00 0.000000000000000000e+00 -1.195577599894193099e-02 4.190985502523166678e-02 8.458541515615414230e-02 5.299211531613840648e-02
-2.292902150554570653e+03 -1.942063572319452987e+03 1.097681025113889319e+02 0.000000000000000000e+00 0.000000000000000000e+00 -9.477216808420507732e-03 4.394856269144872818e-02 8.901635257183394823e-02 5.665695016253129851e-02
-1.899616906050636089e+03 -1.945630056629931687e+03 8.852831483170953675e+01 0.000000000000000000e+00 0.000000000000000000e+00 2.645124532826059749e-02 3.984208383378685936e-02 7.794460617345828901e-02 4.982740841699666995e-02
-1.586592791096828478e+03 -2.339636326815389566e+03 9.341890882972610655e+01 0.000000000000000000e+00 0.000000000000000000e+00 -8.459872583308936100e-02 3.760316251240757024e-02 7.433535981504020562e-02 4.473998992654767276e-02
-1.199789022608243386e+03 -2.336318497704958645e+03 7.942555339760079391e+01 0.000000000000000000e+00 0.000000000000000000e+00 -6.526106757330296659e-02 4.154002798034468064e-02 7.837677542714936718e-02 4.691845386825151815e-02
-1.394853260620812989e+03 -2.099457086324655393e+03 7.413296370194878193e+01 0.000000000000000000e+00 0.000000000000000000e+00 2.589373860651278392e-02 4.028201286714107321e-02 7.492828035611054371e-02 4.719826750134930443e-02
-1.592281153293183252e+03 -1.940676890534398353e+03 7.450497053522694557e+01 0.000000000000000000e+00 0.000000000000000000e+00 -1.220932603263236160e-02 3.932751792418956449e-02 7.512727579708886050e-02 4.794341554517948106e-02
-1.198425760313600222e+03 -1.943036252458174204e+03 6.056323183706149393e+01 0.000000000000000000e+00 0.000000000000000000e+00 -7.534167715542139376e-02 4.793216812443088642e-02 8.741943885321155905e-02 5.510279549330825838e-02
-2.989759455319107019e+03 -1.633700464028866008e+03 1.458688882684486998e+02 0.000000000000000000e+00 0.000000000000000000e+00 1.364545667516949834e-01 4.755676721077723573e-02 1.061322303720341614e-01 6.879125473507714805e-02
-2.603442693049677473e+03 -1.630614111209670227e+03 1.171750123871320852e+02 0.000000000000000000e+00 0.000000000000000000e+00 8.039196390632241673e-02 4.685057754207918451e-02 1.021147612661656157e-01 6.675633432412782231e-02
-2.797549521751672728e+03 -1.392979844836337406e+03 1.229648972238150293e+02 0.000000000000000000e+00 0.000000000000000000e+00 1.997842066521542392e-01 4.931151717787864153e-02 1.069937767208652690e-01 7.205403374220831214e-02
-2.994932946615402216e+03 -1.234152103090884566e+03 1.335025959544815919e+02 0.000000000000000000e+00 0.000000000000000000e+00 3.096922827609773776e-01 5.058717620632278977e-02 1.062571342877597774e-01 7.358397694647757226e-02
-2.602445925785236341e+03 -1.236630473026013306e+03 1.045126805893276014e+02 0.000000000000000000e+00 0.000000000000000000e+00 1.440293043365414860e-01 4.869904975533265179e-02 1.020253761146866639e-01 7.070726776340485742e-02
-2.291047492691684511e+03 -1.631813724686553769e+03 9.721411104144853255e+01 0.000000000000000000e+00 0.000000000000000000e+00 9.332535998657931486e-02 4.540220236128112569e-02 9.506787480808537305e-02 6.202905916139161285e-02
-1.904445560317426953e+03 -1.627318132017612015e+03 7.603081147731359124e+01 0.000000000000000000e+00 0.000000000000000000e+00 1.119457777640775475e-02 4.391941995777752517e-02 8.682395087476452167e-02 5.716816947790642756e-02
-2.098734044716328299e+03 -1.391266291916366299e+03 7.812811032812807355e+01 0.000000000000000000e+00 0.000000000000000000e+00 1.721997396268193370e-02 4.632167195551761124e-02 9.170856689915561633e-02 6.246277647235901759e-02
-2.297955285469588944e+03 -1.231593060734517394e+03 8.484950151208686009e+01 0.000000000000000000e+00 0.000000000000000000e+00 8.091617358647340552e-02 4.546241305563216567e-02 9.192895906673072270e-02 6.323514273820649012e-02
-1.904669823898750110e+03 -1.233393801832353574e+03 6.347130867401030230e+01 0.000000000000000000e+00 0.000000000000000000e+00 9.135226080987024488e-02 4.585679269522185270e-02 8.793026883776340619e-02 6.125383901358145977e-02
-1.589411911635180331e+03 -1.628209224274032067e+03 6.191877566420399859e+01 0.000000000000000000e+00 0.000000000000000000e+00 -6.243924342231110813e-02 4.338704699144640964e-02 8.400540085009826352e-02 5.528106295635774187e-02
-1.202087147985479533e+03 -1.624972789673373427e+03 4.800160581040916696e+01 0.000000000000000000e+00 0.000000000000000000e+00 -1.208655533226732359e-02 4.854503919242079274e-02 8.824727680458507861e-02 5.828790722509758632e-02
-1.395452920587044673e+03 -1.387792486687327255e+03 4.642158373498413226e+01 0.000000000000000000e+00 0.000000000000000000e+00 7.183016782722262406e-02 4.572050454769636951e-02 8.206969092770276253e-02 5.671289422567573485e-02
-1.595202483222424007e+03 -1.228869806481327032e+03 4.942123581126468679e+01 0.000000000000000000e+00 0.000000000000000000e+00 4.393285921689482620e-02 4.588604201766145058e-02 8.229659957189856823e-02 5.752420754020617921e-02
-1.200844200151403129e+03 -1.230759114955370251e+03 3.539022869581314978e+01 0.000000000000000000e+00 0.000000000000000000e+00 -2.388473979203098452e-02 4.811110646064689633e-02 8.230437577597185528e-02 5.761648794209060093e-02
-2.994158513352707814e+03 -9.211805078855867350e+02 1.260639524572079608e+02 0.000000000000000000e+00 0.000000000000000000e+00 2.934287132075326099e-01 4.918750010232592756e-02 1.015459597258223101e-01 7.303703411064875473e-02
-2.607688087686385188e+03 -9.179462293604404977e+02 9.732397012175935913e+01 0.000000000000000000e+00 0.000000000000000000e+00 1.865690568767632840e-01 4.641251330166377281e-02 9.308931912141854559e-02 6.732445347346442677e-02
-2.607060744187532237e+03 -5.243898657380644863e+02 9.122778152207193614e+01 0.000000000000000000e+00 0.000000000000000000e+00 1.718145289742665227e-01 4.623206379705147029e-02 8.869089921453256198e-02 6.767178268971135724e-02
-2.801535929254371240e+03 -6.821860937626340728e+02 1.071335722697497630e+02 0.000000000000000000e+00 0.000000000000000000e+00 3.167806439424509790e-01 4.830303016861751952e-02 9.522975814050367582e-02 7.077819153524712859e-02
-2.999618219128213241e+03 -5.228458449827729737e+02 1.204661134054896365e+02 0.000000000000000000e+00 0.000000000000000000e+00 2.508687949209047474e-01 4.890474063342892252e-02 9.598209908695648496e-02 7.326334165523734621e-02
-2.294324033633806266e+03 -9.173388022689398440e+02 7.717869006789375419e+01 0.000000000000000000e+00 0.000000000000000000e+00 1.220684864081391652e-01 4.526410300153613925e-02 8.745429466490144133e-02 6.354267896476128996e-02
-1.907450230416748127e+03 -9.151436271092456991e+02 5.602362952043101529e+01 0.000000000000000000e+00 0.000000000000000000e+00 1.504671773871919527e-01 4.452100958553065896e-02 8.439789339027574389e-02 6.083109084375721426e-02
-1.905421594078168482e+03 -5.209468817619970196e+02 4.972903996571662333e+01 0.000000000000000000e+00 0.000000000000000000e+00 2.280581102330643262e-01 4.568254268138129820e-02 8.140693744719317004e-02 6.215934193005938357e-02
-2.299281422847010617e+03 -5.186592088936080245e+02 7.129872350176317752e+01 0.000000000000000000e+00 0.000000000000000000e+00 2.753060917232232896e-01 4.537346042886700181e-02 8.447136172739663773e-02 6.483752062518687020e-02
-2.100778180459077703e+03 -6.773543459690513373e+02 6.192249244877298509e+01 0.000000000000000000e+00 0.000000000000000000e+00 1.932610461735961849e-01 4.612765492740902168e-02 8.512790660433956769e-02 6.333791094883001183e-02
-8.930009418394967042e+02 -1.226298786244660278e+03 2.707959674081592283e+01 0.000000000000000000e+00 0.000000000000000000e+00 8.799218150745247158e-03 4.634399628738733457e-02 7.925514018486706780e-02 5.487561512151169218e-02
-8.885068494232883722e+02 -1.626392052037766916e+03 3.973208672355067250e+01 0.000000000000000000e+00 0.000000000000000000e+00 -9.900124832917356343e-03 4.814437977008873687e-02 8.662679035280140827e-02 5.654575383697835883e-02
-4.996495093717642249e+02 -1.228610751572394292e+03 2.021023397561651791e+01 0.000000000000000000e+00 0.000000000000000000e+00 1.286737812065297248e-02 7.866678192011879178e-02 1.332019715366019597e-01 8.854350019757865897e-02
-6.955839202242540296e+02 -1.387376270302800549e+03 2.781824294194334257e+01 0.000000000000000000e+00 0.000000000000000000e+00 -9.379734746731571704e-02 7.561927037723104039e-02 1.299520310182256111e-01 8.496619681899578169e-02
-5.005347455359021751e+02 -1.620952480863546953e+03 3.272074405831514099e+01 0.000000000000000000e+00 0.000000000000000000e+00 2.418423362638577601e-02 7.949827560117207759e-02 1.359806708856740320e-01 8.584623463988372283e-02
-8.841166104996638069e+02 -3.048111434646712041e+03 1.140566016917723573e+02 0.000000000000000000e+00 0.000000000000000000e+00 -3.385010454678933911e-01 3.537522771160150903e-02 7.186025695032527416e-02 3.913943474149374907e-02
-4.982087615267677165e+02 -3.045733332115222311e+03 1.070363950944361449e+02 0.000000000000000000e+00 0.000000000000000000e+00 -3.377560240855075335e-01 3.764683378575129497e-02 7.186731995978484777e-02 3.924771343427294057e-02
-6.910959622175965933e+02 -2.809743436808025763e+03 9.444294635117047676e+01 0.000000000000000000e+00 0.000000000000000000e+00 -2.506227909369442841e-01 3.896449477165822572e-02 7.098193886350272208e-02 4.065282349799043127e-02
-8.877068462939777191e+02 -2.650302014690790656e+03 8.864526040724344114e+01 0.000000000000000000e+00 0.000000000000000000e+00 -2.208189486857463635e-01 3.771927286251880451e-02 6.975196411719360168e-02 4.043070075300192467e-02
-4.960883336619848478e+02 -2.653086156585951812e+03 8.189768874705971768e+01 0.000000000000000000e+00 0.000000000000000000e+00 -1.469062343157503392e-01 3.865258426040094064e-02 6.835136969346446156e-02 3.955492027824970142e-02
-1.820942323529604607e+02 -3.044018637355110513e+03 1.041615764071657964e+02 0.000000000000000000e+00 0.000000000000000000e+00 -2.904209868341069978e-01 4.292661065562154710e-02 7.715725618755486792e-02 4.168755058722446033e-02
2.039869968005505143e+02 -3.040489545379180981e+03 1.040283710786318636e+02 0.000000000000000000e+00 0.000000000000000000e+00 -3.417640583028429546e-01 4.974191937743231706e-02 8.509336865390543236e-02 4.530834403885831280e-02
1.037279695978552141e+01 -2.804843569638297140e+03 8.803775491892379534e+01 0.000000000000000000e+00 0.000000000000000000e+00 -3.016234935913502113e-01 4.979451352036749073e-02 8.294914989670269800e-02 4.644978698196886024e-02
-1.885156285991308209e+02 -2.647089316091631645e+03 7.886282809172078601e+01 0.000000000000000000e+00 0.000000000000000000e+00 -1.734640620345544448e-01 5.130565287456639173e-02 8.452830117337201132e-02 4.819407013437562726e-02
2.062745680738333078e+02 -2.648232772358880084e+03 7.901968375650857013e+01 0.000000000000000000e+00 0.000000000000000000e+00 -1.547644003925512379e-01 4.951276546063722306e-02 8.031556347294216414e-02 4.535468177261477163e-02
5.180713690996420837e+02 -3.042470070192476669e+03 1.070717538665943209e+02 0.000000000000000000e+00 0.000000000000000000e+00 -1.973278783065239850e-01 5.056144009147772039e-02 8.230119521027404184e-02 4.354612325059273314e-02
7.118417290068859984e+02 -2.802788795584275249e+03 9.437706775116195956e+01 0.000000000000000000e+00 0.000000000000000000e+00 -1.936671972513721585e-01 6.982516536807846508e-02 1.013129437425752122e-01 5.444366013663099607e-02
5.136723229008331373e+02 -2.644349918313376747e+03 8.160586806383601299e+01 0.000000000000000000e+00 0.000000000000000000e+00 -5.235457504733176393e-02 5.156279797678521570e-02 7.752101643869348246e-02 4.365615361074214745e-02
9.048493088866065364e+02 -3.038496237926084632e+03 1.138739200306252854e+02 0.000000000000000000e+00 0.000000000000000000e+00 -2.140248069682115784e-01 6.279423909175611829e-02 9.430098708632321525e-02 4.951265820320255306e-02
9.068981614367345401e+02 -2.645858616253765831e+03 8.882154818094711857e+01 0.000000000000000000e+00 0.000000000000000000e+00 -8.755390432715159932e-02 7.935635302964513804e-02 1.083435322042927834e-01 5.955876366032188812e-02
-4.985056069409691872e+02 -2.332548871188235807e+03 6.407106215176638386e+01 0.000000000000000000e+00 0.000000000000000000e+00 -2.302598104338997587e-01 7.008528344685038824e-02 1.187888603151753958e-01 6.830753072622797184e-02
-6.925705364466563196e+02 -2.096867471739803932e+03 5.535291869781024587e+01 0.000000000000000000e+00 0.000000000000000000e+00 1.645120947059552918e-02 4.788109507188775815e-02 8.139989076128563428e-02 4.983823140177333355e-02
-8.855340437154975461e+02 -2.336689260913833550e+03 7.108972193474897949e+01 0.000000000000000000e+00 0.000000000000000000e+00 -9.994442983935414304e-02 4.814316799379467215e-02 8.505342539181383332e-02 5.030759902201367706e-02
-4.974779832202808620e+02 -1.940325918743879583e+03 4.536831561035716476e+01 0.000000000000000000e+00 0.000000000000000000e+00 -1.430473046632272371e-01 7.257908581612504406e-02 1.156816267406854254e-01 7.026137703141539792e-02
-8.908145587683092117e+02 -1.939071369622126440e+03 5.222555157194209841e+01 0.000000000000000000e+00 0.000000000000000000e+00 -1.184136852165877940e-01 6.798663153194373088e-02 1.158549497596432221e-01 7.079950763200687502e-02
-3.001447638534403723e+03 1.869275922396520571e+02 1.192889505663002865e+02 0.000000000000000000e+00 0.000000000000000000e+00 2.664405377558409782e-01 5.162425749754929322e-02 9.083991873243872639e-02 7.771348265935522359e-02
-2.609858357960432841e+03 -2.068141104784565130e+02 8.919205784559808592e+01 0.000000000000000000e+00 0.000000000000000000e+00 2.762371714903935072e-01 4.710328156079626044e-02 8.438810289780060425e-02 6.809689642327736159e-02
-2.996021764086468011e+03 -2.114376607471771194e+02 1.180957337957719204e+02 0.000000000000000000e+00 0.000000000000000000e+00 2.459587110064944682e-01 4.975290171635696895e-02 9.167665830253170223e-02 7.368641465803851820e-02
-2.802388964003160254e+03 2.877075999627567526e+01 1.030064690872949456e+02 0.000000000000000000e+00 0.000000000000000000e+00 4.020582979310347582e-01 4.921451024457620949e-02 8.689791644611458143e-02 7.242811191442062591e-02
-2.608615440960118121e+03 1.858256707246049757e+02 8.967603757441204948e+01 0.000000000000000000e+00 0.000000000000000000e+00 1.077313896291940409e-01 6.138382666805779903e-02 1.261116066885110409e-01 1.054319032152601088e-01
-1.597725712390987610e+03 -5.181464881936869915e+02 3.575098607624598657e+01 0.000000000000000000e+00 0.000000000000000000e+00 1.921829589596839583e-01 4.623501558580962040e-02 7.859794852208736027e-02 6.031575271523777898e-02
-1.399245476248374644e+03 -6.774481566511333313e+02 3.019948927471279276e+01 0.000000000000000000e+00 0.000000000000000000e+00 1.462435046241026271e-01 4.588642497676250626e-02 7.809390160167907491e-02 5.866453198209854725e-02
-1.593006302082530283e+03 -9.171058031731535038e+02 4.188343024219234678e+01 0.000000000000000000e+00 0.000000000000000000e+00 9.099840832671901580e-02 4.656967618932725261e-02 8.323570800511696788e-02 6.078971444582953465e-02
-1.204763167143723422e+03 -9.148387642047686086e+02 2.793494266902783352e+01 0.000000000000000000e+00 0.000000000000000000e+00 1.728365813389665107e-01 4.987853600405239840e-02 8.324743927573985403e-02 6.092358128011173685e-02
-1.202586975485839275e+03 -5.207155934313640273e+02 2.155380535215996574e+01 0.000000000000000000e+00 0.000000000000000000e+00 3.292006282014270369e-02 9.464890237410493457e-02 1.716707008706195303e-01 1.276904455677155270e-01
-2.296059992922702349e+03 -2.077588248119624552e+02 6.885439919034199363e+01 0.000000000000000000e+00 0.000000000000000000e+00 2.680316240283815432e-01 4.530962721073669708e-02 8.130830329955016089e-02 6.533706842716020813e-02
-1.906494787265508194e+03 1.891264266540705705e+02 4.769954462983023546e+01 0.000000000000000000e+00 0.000000000000000000e+00 2.755618282152312304e-01 6.178252244589946263e-02 1.171588678029267527e-01 9.816570234070416678e-02
-2.300691925366929809e+03 1.929899120170270521e+02 6.960566183231492232e+01 0.000000000000000000e+00 0.000000000000000000e+00 1.436769819233205681e-01 6.084041305495694468e-02 1.213510165855374995e-01 1.009393248257986486e-01
-2.102525813575568463e+03 3.204719054753809360e+01 5.745381339911828888e+01 0.000000000000000000e+00 0.000000000000000000e+00 2.178290636164561533e-01 6.141168983684358595e-02 1.219198424656950525e-01 9.938971140196317666e-02
-1.910077040335373795e+03 -2.047400140374918465e+02 4.757654391228235369e+01 0.000000000000000000e+00 0.000000000000000000e+00 1.908179659315010213e-01 6.423673316517897192e-02 1.259348925877559755e-01 9.824487033430985561e-02
1.606065227327212824e+03 -3.036718296595520314e+03 1.365538511720200745e+02 0.000000000000000000e+00 0.000000000000000000e+00 -3.016163549928023713e-01 7.440750635171421157e-02 9.947987232771624000e-02 5.175291118581411276e-02
1.219781366017449955e+03 -3.039276080702407398e+03 1.225626534036131403e+02 0.000000000000000000e+00 0.000000000000000000e+00 -3.244179373723028448e-01 7.041355845546622139e-02 9.682230809666694804e-02 5.039460392318297066e-02
1.413304137422033591e+03 -2.800421779911032900e+03 1.133862139482200320e+02 0.000000000000000000e+00 0.000000000000000000e+00 -1.741596742093491912e-01 7.576324581734143748e-02 9.854595931699897116e-02 5.308303200304004960e-02
1.609494257090814244e+03 -2.644494124110334269e+03 1.114678602730650994e+02 0.000000000000000000e+00 0.000000000000000000e+00 -1.601803670089765319e-01 8.794908837597198437e-02 1.068271056746668418e-01 5.858832921379252684e-02
1.216311558578607219e+03 -2.641555342299945096e+03 9.698042035913543657e+01 0.000000000000000000e+00 0.000000000000000000e+00 -1.780542715830932821e-01 8.296677083215196757e-02 1.069621245086873201e-01 5.892519589951113190e-02
2.305617745471417948e+03 -2.321761930602737266e+03 1.288052101364085331e+02 0.000000000000000000e+00 0.000000000000000000e+00 -5.432574737167783496e-02 9.937255258491155263e-02 1.033458967990614763e-01 5.975494443678869977e-02
1.918733025959622410e+03 -2.327148741984194203e+03 1.077982063183908252e+02 0.000000000000000000e+00 0.000000000000000000e+00 -9.693122451743363399e-02 9.295073476168468074e-02 1.033093216369727202e-01 5.920591052919717961e-02
2.111775945131664230e+03 -2.086161382397619036e+03 1.059152234500404717e+02 0.000000000000000000e+00 0.000000000000000000e+00 -4.443972203642942986e-02 1.104925753339010969e-01 1.119754823808565419e-01 6.664316207837757411e-02
2.306888963960613182e+03 -1.928396267467392363e+03 1.100122212581874521e+02 0.000000000000000000e+00 0.000000000000000000e+00 1.474435038668246989e-01 1.117531020243068690e-01 1.097115965812954508e-01 6.717551525230373854e-02
1.913730980815113526e+03 -1.928516163875905704e+03 8.847968828828425103e+01 0.000000000000000000e+00 0.000000000000000000e+00 7.176216288861780868e-02 1.052634624423605392e-01 1.084514003105665203e-01 6.646886425301161416e-02
1.604757657287705570e+03 -2.324755378046418627e+03 9.338516631671912194e+01 0.000000000000000000e+00 0.000000000000000000e+00 -4.168110560802062992e-02 8.913893094340676060e-02 1.022270045156424556e-01 5.946137017760375065e-02
1.217506958899004530e+03 -2.328168704303570394e+03 7.954714035158389152e+01 0.000000000000000000e+00 0.000000000000000000e+00 -7.899117997280313830e-02 9.666331044582091025e-02 1.157548301794486395e-01 6.671091526705588692e-02
1.411513741441028742e+03 -2.088965623988053721e+03 7.423917113050863748e+01 0.000000000000000000e+00 0.000000000000000000e+00 -1.598793518231929056e-01 9.897168867361585964e-02 1.108594172557661878e-01 6.626109301741299473e-02
1.606790665476839649e+03 -1.931500788385564874e+03 7.470252939203372478e+01 0.000000000000000000e+00 0.000000000000000000e+00 -2.744477228910113809e-02 1.015503501851539175e-01 1.098317815337183645e-01 6.704762085075965938e-02
1.213467322824178837e+03 -1.929771977129861170e+03 6.045133076892785340e+01 0.000000000000000000e+00 0.000000000000000000e+00 -3.486296876291561375e-02 9.526708239881120921e-02 1.099808242619164517e-01 6.730784740641747310e-02
5.164058523798439637e+02 -2.330392074891487027e+03 6.418914066326144052e+01 0.000000000000000000e+00 0.000000000000000000e+00 -8.613529177534928749e-02 8.137374979719298740e-02 1.130516518393764186e-01 6.458114528213879102e-02
7.095109155781511845e+02 -2.090053329654509071e+03 5.533553336986177840e+01 0.000000000000000000e+00 0.000000000000000000e+00 -1.338905327880439700e-01 8.782689389727540985e-02 1.123837741764777132e-01 6.708392518040949548e-02
9.025692082299353842e+02 -2.327459107172426229e+03 7.099608808148572336e+01 0.000000000000000000e+00 0.000000000000000000e+00 2.361558769744931396e-02 9.301844557171626282e-02 1.171369371823066524e-01 6.733252224920732720e-02
9.058176187224270279e+02 -1.934253230433450199e+03 5.235909785676660988e+01 0.000000000000000000e+00 0.000000000000000000e+00 -5.719478523015908422e-02 9.036649985856197442e-02 1.113590064073540775e-01 6.785477119651296685e-02
5.118886149015449405e+02 -1.932098359338343471e+03 4.519687822693101964e+01 0.000000000000000000e+00 0.000000000000000000e+00 -6.798097778332845564e-02 8.388326730693239364e-02 1.087059866311411716e-01 6.636748825670339691e-02
1.215292781245203059e+03 -1.617949825845680607e+03 4.815338004788009840e+01 0.000000000000000000e+00 0.000000000000000000e+00 4.443609576785689796e-02 9.556723959019179648e-02 1.095326176996504336e-01 7.019269461894993289e-02
1.601908376202301724e+03 -1.613185324214201273e+03 6.188554737666922279e+01 0.000000000000000000e+00 0.000000000000000000e+00 6.275337483232590330e-02 1.034673608833944630e-01 1.123855981936437848e-01 7.256226642983645836e-02
1.604176210356153888e+03 -1.220813413736513212e+03 4.956921553928068391e+01 0.000000000000000000e+00 0.000000000000000000e+00 1.303029526119630077e-01 1.185707773254098402e-01 1.193246920436247110e-01 8.182369258395827405e-02
1.210197830766458537e+03 -1.218229356024278559e+03 3.533445719761905224e+01 0.000000000000000000e+00 0.000000000000000000e+00 -4.584438363053777721e-03 1.095207700086077290e-01 1.178658439270525021e-01 8.026140351844446297e-02
1.408537562479072449e+03 -1.377661464247707045e+03 4.657708075224288535e+01 0.000000000000000000e+00 0.000000000000000000e+00 2.096054717098638775e-02 9.973222793174721379e-02 1.103628013509179995e-01 7.353836573644086105e-02
2.043715257158244185e+02 -1.938234559903832178e+03 4.268055764573296784e+01 0.000000000000000000e+00 0.000000000000000000e+00 -2.851113954700323916e-01 8.208862034858942225e-02 1.143156839196422803e-01 6.988646394092543068e-02
-1.848192516006294568e+02 -2.334962582010022743e+03 6.148135175357221982e+01 0.000000000000000000e+00 0.000000000000000000e+00 -2.248796216797188663e-01 7.513927477678657152e-02 1.214374554998646910e-01 6.965527341892341351e-02
2.015023232485245614e+02 -2.330545166591449288e+03 6.133308015386057122e+01 0.000000000000000000e+00 0.000000000000000000e+00 -3.191002800217930258e-01 7.997477575155993723e-02 1.214563536349670819e-01 6.993193363244014360e-02
8.133433401559637232e+00 -2.093636910009261101e+03 4.913668664682803922e+01 0.000000000000000000e+00 0.000000000000000000e+00 -2.010752464731240252e-01 7.996711570617613674e-02 1.181465284967588014e-01 7.097492201407547274e-02
-1.889919443559953436e+02 -1.935014748753121012e+03 4.246523439158846713e+01 0.000000000000000000e+00 0.000000000000000000e+00 -7.435863223882677175e-02 7.610283589700168883e-02 1.144802894220527945e-01 7.030487481778999181e-02
-8.903337910698878659e+02 -9.140298614158368764e+02 1.953131142941205667e+01 0.000000000000000000e+00 0.000000000000000000e+00 6.170566810637012622e-02 4.876925338228942086e-02 7.737468353790641351e-02 5.634700135784505293e-02
-5.038097823439834428e+02 -9.107301607138200552e+02 1.262784549307591497e+01 0.000000000000000000e+00 0.000000000000000000e+00 2.147985394268872028e-01 9.166510777165433332e-02 1.446508480082980830e-01 1.012188672257631206e-01
-6.976252056986079424e+02 -6.743147402010284850e+02 1.136153695300005317e+01 0.000000000000000000e+00 0.000000000000000000e+00 5.750461357232339310e-02 8.945715319468221238e-02 1.486148345700488149e-01 1.070021152456136632e-01
-5.014324224148084568e+02 -5.173798890431819473e+02 6.256378566658318263e+00 0.000000000000000000e+00 0.000000000000000000e+00 -4.178920761193971600e-03 9.547546399365899883e-02 1.470238904735749197e-01 1.094606971869011153e-01
-8.958791635036895968e+02 -5.148905144333405133e+02 1.325332440913535770e+01 0.000000000000000000e+00 0.000000000000000000e+00 2.219938734315771711e-01 1.009983671888599194e-01 1.714477579598107371e-01 1.271241170205263393e-01
2.617894020432350317e+03 -1.613336752529465002e+03 1.175389366059697807e+02 0.000000000000000000e+00 0.000000000000000000e+00 1.418123690662866920e-01 1.199132497576237272e-01 1.119045900200574262e-01 7.167998095173136464e-02
2.810338806960795409e+03 -1.373246856977074685e+03 1.233058402614315696e+02 0.000000000000000000e+00 0.000000000000000000e+00 2.601243228234721983e-01 1.482131550938674269e-01 1.237068459197950832e-01 8.265531263867893774e-02
2.613792783179842445e+03 -1.213871216518236679e+03 1.046734299415553409e+02 0.000000000000000000e+00 0.000000000000000000e+00 3.264393294031862069e-01 1.416147756367266974e-01 1.190589459724746280e-01 8.224899892636203247e-02
3.006264824183899236e+03 -1.216944125286647250e+03 1.339422780142795091e+02 0.000000000000000000e+00 0.000000000000000000e+00 2.182212151219857788e-01 1.588397880311785415e-01 1.243884177194481827e-01 8.586576116071215070e-02
3.002469188639280674e+03 -1.609231850890723763e+03 1.459917839722825192e+02 0.000000000000000000e+00 0.000000000000000000e+00 1.410644657195803120e-01 1.630123502389778101e-01 1.338753727723895615e-01 8.662865618670616275e-02
2.301433018419923883e+03 -1.611083460705650396e+03 9.708305795746352373e+01 0.000000000000000000e+00 0.000000000000000000e+00 1.828848490115291270e-01 1.147013515590971505e-01 1.106593644855592834e-01 7.108178046948071538e-02
2.109529059065193451e+03 -1.374956830269604779e+03 7.821403727964505492e+01 0.000000000000000000e+00 0.000000000000000000e+00 2.339515015711270962e-01 1.315927294919288226e-01 1.241935957434393556e-01 8.338460445809857402e-02
2.304452642376159019e+03 -1.218319297484091067e+03 8.487841237048343146e+01 0.000000000000000000e+00 0.000000000000000000e+00 3.269100199141945495e-01 1.353712345490292734e-01 1.218222371219811195e-01 8.344186576693254920e-02
1.911310968375925086e+03 -1.215763974931915527e+03 6.331796089983981091e+01 0.000000000000000000e+00 0.000000000000000000e+00 1.934858081573054278e-01 1.263061020177828619e-01 1.205669209768037708e-01 8.255712378248279693e-02
1.916112264505177563e+03 -1.614777730626008633e+03 7.615118189041292851e+01 0.000000000000000000e+00 0.000000000000000000e+00 4.430428661940766233e-02 1.186766174394434936e-01 1.271401266179088552e-01 8.052264157887499552e-02
8.992224123704563681e+02 -1.615024814663688630e+03 3.956340219715282558e+01 0.000000000000000000e+00 0.000000000000000000e+00 -6.963564753698392451e-02 9.062694160792215958e-02 1.097051545267653805e-01 7.061543006042589332e-02
7.064980453148422157e+02 -1.378536734950696882e+03 2.773837372578919869e+01 0.000000000000000000e+00 0.000000000000000000e+00 -1.128750490291388076e-01 8.663270309008291870e-02 1.048768283875177176e-01 6.980557125401144758e-02
9.022346123587143438e+02 -1.222504198828359222e+03 2.718578550420787465e+01 0.000000000000000000e+00 0.000000000000000000e+00 -1.457059712836539234e-02 1.031502574455406274e-01 1.166377185858372550e-01 7.969123601847721838e-02
5.146499512821554845e+02 -1.619494272956097348e+03 3.284888058872666505e+01 0.000000000000000000e+00 0.000000000000000000e+00 -1.862545130656698689e-01 8.422482698296439307e-02 1.082679768636437834e-01 6.929343261544958221e-02
5.079020768091385776e+02 -1.220597979250271464e+03 2.009540042402673521e+01 0.000000000000000000e+00 0.000000000000000000e+00 -7.319358362450500977e-02 1.158800929156806048e-01 1.526381259512525068e-01 1.018180110067768429e-01
2.613360193965128929e+03 -9.005747848213676434e+02 9.737039513823530967e+01 0.000000000000000000e+00 0.000000000000000000e+00 2.646446489989955353e-01 1.404120707358811893e-01 1.161242149104070864e-01 8.401117096750426727e-02
2.609072688582172759e+03 -5.018842507352779876e+02 9.113005864781176513e+01 0.000000000000000000e+00 0.000000000000000000e+00 3.007589318899732689e-01 1.432667949418615083e-01 1.137760395946206815e-01 8.770916036192402676e-02
2.999568433573486345e+03 -8.974637550493429217e+02 1.260314768995513646e+02 0.000000000000000000e+00 0.000000000000000000e+00 3.434617211882340371e-01 1.576193838234865308e-01 1.214312373364268977e-01 8.757610038659401075e-02
2.807348619022971434e+03 -6.618182946754919840e+02 1.072790199599101442e+02 0.000000000000000000e+00 0.000000000000000000e+00 2.486558359064332535e-01 1.525076812308404084e-01 1.185202505404149981e-01 8.898225770473015828e-02
3.003071878194227338e+03 -5.048558213876684135e+02 1.205599685106647740e+02 0.000000000000000000e+00 0.000000000000000000e+00 1.543894930835705281e-01 1.618017629036475336e-01 1.181294916678192058e-01 9.199322138828770756e-02
2.301682759491292927e+03 -8.993958195037688483e+02 7.726309686267524057e+01 0.000000000000000000e+00 0.000000000000000000e+00 2.492951792815460976e-01 1.326043140186558278e-01 1.148859393795737399e-01 8.321279670358031066e-02
1.914176377225609940e+03 -9.031541028527381059e+02 5.611518894402171753e+01 0.000000000000000000e+00 0.000000000000000000e+00 2.296746634419406519e-01 1.251336162242919769e-01 1.176441963408325631e-01 8.437737606484890795e-02
2.108289737570356010e+03 -6.638853685818231725e+02 6.213841531117094519e+01 0.000000000000000000e+00 0.000000000000000000e+00 1.282862528081025744e-01 1.562772250370737803e-01 1.456766325019283603e-01 1.075750218814693904e-01
1.910033684727212403e+03 -5.045849962499170260e+02 4.977737949289407737e+01 0.000000000000000000e+00 0.000000000000000000e+00 1.254763143617054766e-02 1.538076618882642244e-01 1.437937513642040255e-01 1.087096276476855333e-01
2.303375324779332914e+03 -5.068258395001764143e+02 7.141863499428214368e+01 0.000000000000000000e+00 0.000000000000000000e+00 2.117695378764921088e-01 1.725869027946051459e-01 1.535090089099810928e-01 1.156167329506882641e-01
1.600675186106648880e+03 -9.027041285140193168e+02 4.190685671124425937e+01 0.000000000000000000e+00 0.000000000000000000e+00 8.724373761039316832e-02 1.174149559107887930e-01 1.164145222495780729e-01 8.367109085947899150e-02
1.407372248162005235e+03 -6.667110741276222825e+02 3.033197095544710109e+01 0.000000000000000000e+00 0.000000000000000000e+00 1.894304853190966753e-01 1.357879357454044589e-01 1.441451965915431233e-01 1.051993790306120086e-01
1.602504975829215709e+03 -5.093463255152386751e+02 3.584958913863514596e+01 0.000000000000000000e+00 0.000000000000000000e+00 2.379592039742064458e-01 1.448921807641699033e-01 1.437370702792824528e-01 1.080645876047454934e-01
1.214359240276796527e+03 -9.071722078227118118e+02 2.807501325678533277e+01 0.000000000000000000e+00 0.000000000000000000e+00 1.312689848512889057e-01 1.368953309715031652e-01 1.582602639453184468e-01 1.105408294272364755e-01
1.208558018308221108e+03 -5.084659929944701275e+02 2.159827548879017201e+01 0.000000000000000000e+00 0.000000000000000000e+00 -1.213635907072792008e-01 1.334753057579385893e-01 1.425047038991566206e-01 1.071789095452385376e-01
-1.883309414695568762e+02 -1.623220796692290833e+03 3.009010985435317309e+01 0.000000000000000000e+00 0.000000000000000000e+00 -2.629160240570165286e-01 7.491212963196861030e-02 1.112402695402503333e-01 7.135377018825794782e-02
1.990350614203168789e+02 -1.620451072105784760e+03 3.004209717534313384e+01 0.000000000000000000e+00 0.000000000000000000e+00 -4.480054544401284033e-01 7.939637148986872228e-02 1.084461888144029745e-01 6.977255222047702710e-02
6.111140995111247420e+00 -1.383828206180080088e+03 2.160017262007663774e+01 0.000000000000000000e+00 0.000000000000000000e+00 -1.193288955217006730e-01 8.722054862155784183e-02 1.297883131219802200e-01 8.475036695816183518e-02
-1.924632085308087994e+02 -1.224226712678992044e+03 1.740538432200184360e+01 0.000000000000000000e+00 0.000000000000000000e+00 -1.903447945452434453e-01 8.222903064463403522e-02 1.261757088071780719e-01 8.408616006855315628e-02
2.017066140733153077e+02 -1.227043868784326605e+03 1.752877039569109385e+01 0.000000000000000000e+00 0.000000000000000000e+00 -3.800288423283504358e-01 8.801202599188910625e-02 1.247920953693458651e-01 8.346739464184407820e-02
-2.614769988217525679e+03 5.043634146419652211e+02 9.332044873046437772e+01 0.000000000000000000e+00 0.000000000000000000e+00 1.621382195559846195e-01 6.375206891722749736e-02 1.228712316633775309e-01 1.084786746553488695e-01
-2.999238457035021838e+03 5.012621671628859872e+02 1.224583348724507630e+02 0.000000000000000000e+00 0.000000000000000000e+00 2.296007010181284613e-01 6.542291131623759193e-02 1.349042283733608849e-01 1.185179180067452570e-01
-2.806961421834342673e+03 7.411867597117861806e+02 1.114638482196356932e+02 0.000000000000000000e+00 0.000000000000000000e+00 1.768494108577556290e-02 8.351498403961186978e-02 1.702271236277136390e-01 1.554857818608404163e-01
-3.004253438741751779e+03 9.003871301073501172e+02 1.306984663732612546e+02 0.000000000000000000e+00 0.000000000000000000e+00 -2.923518021040081294e-01 8.220441645145411258e-02 1.676588038443175555e-01 1.568906800327496409e-01
-2.611006286709746746e+03 8.990407821472341539e+02 1.005326692271212750e+02 0.000000000000000000e+00 0.000000000000000000e+00 -1.165288945842490875e-01 8.528902351447296970e-02 1.645884397372022467e-01 1.542632429125325721e-01
-1.599984737216783287e+03 1.941645882572724418e+02 3.364704121131870806e+01 0.000000000000000000e+00 0.000000000000000000e+00 2.944535118886477676e-01 6.402858126045560261e-02 1.152054649379423562e-01 9.563958040082902456e-02
-1.401856130375395196e+03 3.567147365666588144e+01 2.538064931908534660e+01 0.000000000000000000e+00 0.000000000000000000e+00 2.574772837918750668e-01 6.568495614026056972e-02 1.146562678823784681e-01 9.403415584614466249e-02
-1.594382825183023670e+03 -2.050732749161333572e+02 3.319460610455745808e+01 0.000000000000000000e+00 0.000000000000000000e+00 1.636466774259872636e-01 6.564609481095107224e-02 1.231308079365648622e-01 9.642332403828164644e-02
-1.206902542063900910e+03 -2.003649967858729894e+02 1.914918242204788967e+01 0.000000000000000000e+00 0.000000000000000000e+00 1.302590786517043853e-01 9.754813687402642819e-02 1.685949373938473717e-01 1.322765717953061915e-01
-1.206624371693390003e+03 1.931951066276085101e+02 1.926350323788587104e+01 0.000000000000000000e+00 0.000000000000000000e+00 1.980544097052749919e-01 9.480557657463549448e-02 1.575586179028911071e-01 1.319691689971039805e-01
8.979517729603387579e+02 -9.045244068194364218e+02 1.951049613322840059e+01 0.000000000000000000e+00 0.000000000000000000e+00 3.256854702802058910e-02 1.233811927994436924e-01 1.485654296833708310e-01 1.041030771375913155e-01
5.115102149324959555e+02 -9.076768129641720861e+02 1.266437631262609287e+01 0.000000000000000000e+00 0.000000000000000000e+00 -7.515528712801256006e-03 1.146786368193622591e-01 1.473395870979522237e-01 1.034608032849983622e-01
7.041125233082273098e+02 -6.677460918313272487e+02 1.137782679370173256e+01 0.000000000000000000e+00 0.000000000000000000e+00 -1.523528171001586884e-02 1.168356814481015249e-01 1.414637265317432446e-01 1.029742712964104856e-01
8.999029739250186140e+02 -5.107831010682826332e+02 1.329829922736160341e+01 0.000000000000000000e+00 0.000000000000000000e+00 3.998127938135809245e-02 1.245588819540901643e-01 1.410499496931130470e-01 1.057073500215751360e-01
5.048171867514624864e+02 -5.090322501747323827e+02 6.202670577213363678e+00 0.000000000000000000e+00 0.000000000000000000e+00 -2.159132496615878694e-02 1.146116971328388079e-01 1.398353425761033608e-01 1.050075852921940611e-01
2.612644991592972474e+03 -1.902845034720547517e+02 8.933470648492306054e+01 0.000000000000000000e+00 0.000000000000000000e+00 3.425853669702405568e-02 1.744654235057686020e-01 1.400506106674120343e-01 1.122370983684564255e-01
2.805568778374580234e+03 5.036135637566004419e+01 1.033078433544281438e+02 0.000000000000000000e+00 0.000000000000000000e+00 1.090017418707276420e-01 1.985757859947496762e-01 1.448457696552631624e-01 1.214592291839567129e-01
3.000214928263861566e+03 2.061942832875492968e+02 1.193238941047690673e+02 0.000000000000000000e+00 0.000000000000000000e+00 2.468745603108857267e-01 2.090349011241318944e-01 1.420930522208475599e-01 1.236450768349076218e-01
2.608036368264205066e+03 2.090553521005175241e+02 8.978599515303980638e+01 0.000000000000000000e+00 0.000000000000000000e+00 1.211982618676756829e-01 1.893615920221906335e-01 1.402572549877383890e-01 1.202805824532529183e-01
2.998064283178901405e+03 -1.869826130656461203e+02 1.181953506718826077e+02 0.000000000000000000e+00 0.000000000000000000e+00 2.255629130557679218e-01 2.091078451591239229e-01 1.515275024616757338e-01 1.222412047071536750e-01
2.298224484958865560e+03 -1.886525871796228842e+02 6.892103447239617253e+01 0.000000000000000000e+00 0.000000000000000000e+00 1.620761213545307555e-01 1.640293696553879743e-01 1.385723865570893665e-01 1.105078020325547944e-01
1.911613017999285375e+03 -1.934683691804988257e+02 4.761105500653926725e+01 0.000000000000000000e+00 0.000000000000000000e+00 1.338751266857087785e-01 1.510377345994002307e-01 1.359329849181156458e-01 1.085227290494184538e-01
2.103972379615010595e+03 4.705433799949656049e+01 5.756496298926906974e+01 0.000000000000000000e+00 0.000000000000000000e+00 8.376480495951454941e-02 1.548034485351837686e-01 1.316632605717745486e-01 1.091815636841762527e-01
2.299187082038578410e+03 2.041687676017393756e+02 6.958213438285896757e+01 0.000000000000000000e+00 0.000000000000000000e+00 -2.972732902625807583e-02 1.668113601191675011e-01 1.331045208699518367e-01 1.140534728053212571e-01
1.905546310499831407e+03 2.058803905772246594e+02 4.774635914947097604e+01 0.000000000000000000e+00 0.000000000000000000e+00 1.013498337347655820e-01 1.483451647158623710e-01 1.273885556932854990e-01 1.091112178594211835e-01
1.597057669497231700e+03 -1.924678850279196922e+02 3.325524542791275451e+01 0.000000000000000000e+00 0.000000000000000000e+00 1.738901512779591485e-01 1.421261020271108733e-01 1.358741615918656331e-01 1.078886123109059902e-01
1.209956870749434756e+03 -1.953203636061281543e+02 1.922312701609043373e+01 0.000000000000000000e+00 0.000000000000000000e+00 8.658079685646313806e-02 1.306118634478905527e-01 1.344009694360902007e-01 1.062179851544334114e-01
1.403181832445113969e+03 4.385657946646103511e+01 2.544077980957094809e+01 0.000000000000000000e+00 0.000000000000000000e+00 1.703194733957147378e-01 1.342618618487231574e-01 1.289945464092460137e-01 1.067369300029392121e-01
1.598865015295710919e+03 2.011167552803909189e+02 3.363733244249772270e+01 0.000000000000000000e+00 0.000000000000000000e+00 1.275817216717172187e-01 1.393396278398957300e-01 1.270497799397774519e-01 1.076815454558071455e-01
1.204574306683947952e+03 2.031641401048062789e+02 1.924947565553084416e+01 0.000000000000000000e+00 0.000000000000000000e+00 -5.656872160658465987e-02 1.278316266364344367e-01 1.255788795358883936e-01 1.060256715018709633e-01
8.954320393100161937e+02 -1.936769379580204884e+02 1.070009042793632936e+01 0.000000000000000000e+00 0.000000000000000000e+00 -2.905968467577224601e-02 1.230560385030604054e-01 1.332118011766730559e-01 1.056399517014132428e-01
5.086155495246279088e+02 -1.969549766784976725e+02 3.753757210239940800e+00 0.000000000000000000e+00 0.000000000000000000e+00 -9.112775285042395979e-03 1.131639583777473007e-01 1.331581150722422335e-01 1.050653722535491580e-01
7.014489160845963625e+02 4.325340816262829691e+01 6.347634726878809808e+00 0.000000000000000000e+00 0.000000000000000000e+00 3.800610155080796915e-02 1.153571346772426370e-01 1.274827977161428483e-01 1.046663505607789008e-01
8.974066263868387523e+02 1.999053700465188683e+02 1.086254155050865045e+01 0.000000000000000000e+00 0.000000000000000000e+00 -3.619278371046519283e-02 1.202856436926870859e-01 1.244141808377038916e-01 1.054669839440962875e-01
5.026065271130976271e+02 2.028866243102157512e+02 3.734579328768741657e+00 0.000000000000000000e+00 0.000000000000000000e+00 -9.439742471812584412e-02 1.102790239060404548e-01 1.240793168919788747e-01 1.040813396496518273e-01
1.964106835075300239e+02 1.966265890675361163e+02 9.453325860188624974e-01 0.000000000000000000e+00 0.000000000000000000e+00 -1.951469760753377081e-02 1.083668735343107786e-01 1.346865951207165679e-01 1.128671822744779923e-01
-1.935615182750582903e+02 -2.001423510675370210e+02 9.392665397205074429e-01 0.000000000000000000e+00 0.000000000000000000e+00 3.879572876358539091e-03 1.070090374975426611e-01 1.549562570413502705e-01 1.210215666575522736e-01
1.943107179212454412e+02 -1.968101078176448766e+02 9.278326835584995713e-01 0.000000000000000000e+00 0.000000000000000000e+00 5.139536923760312792e-02 1.093704220710399883e-01 1.404132463585713031e-01 1.102679057048513156e-01
1.403713458991940610e-01 3.917938113761881880e+01 1.773693525934999168e-02 0.000000000000000000e+00 0.000000000000000000e+00 3.372406081708211045e-02 1.103386002576249442e-01 1.495416158365430459e-01 1.214648152772495188e-01
-1.968922183702372593e+02 1.993941968590252714e+02 9.605417846173628371e-01 0.000000000000000000e+00 0.000000000000000000e+00 4.795823872913362873e-02 1.046902347836828062e-01 1.478102526677889661e-01 1.226521568568173515e-01
1.908964334465667207e+03 5.187690974844495031e+02 5.092079560582397590e+01 0.000000000000000000e+00 0.000000000000000000e+00 1.866068274745558142e-01 1.525479106418201614e-01 1.255290765857600965e-01 1.131450359369219755e-01
2.101682565161939692e+03 7.592650881601101673e+02 6.516208115465350659e+01 0.000000000000000000e+00 0.000000000000000000e+00 -3.514399648480548422e-02 1.645738084861947392e-01 1.252683663114498025e-01 1.186755565778087329e-01
2.296880471507633501e+03 9.156708942618184892e+02 8.007770033844249724e+01 0.000000000000000000e+00 0.000000000000000000e+00 -1.960071121710882380e-02 1.696123696052107277e-01 1.221212108403699342e-01 1.188087478361219002e-01
2.294866867465655559e+03 5.210481109941295017e+02 7.251270540560280153e+01 0.000000000000000000e+00 0.000000000000000000e+00 -6.592209411863336754e-02 1.654911430015943152e-01 1.270165103338313506e-01 1.149901171397069710e-01
1.902878675454765926e+03 9.176027987210769652e+02 5.791133757856012210e+01 0.000000000000000000e+00 0.000000000000000000e+00 -1.929674554072846604e-02 1.567633719327918285e-01 1.209614236237213786e-01 1.177914926709264648e-01
1.594571126200727122e+03 5.189666793791574264e+02 3.638658410324823933e+01 0.000000000000000000e+00 0.000000000000000000e+00 7.976238973583349434e-02 1.366218619065172613e-01 1.195672925015463517e-01 1.076533951838761632e-01
1.208012756156710338e+03 5.166390355536805146e+02 2.214020446191129921e+01 0.000000000000000000e+00 0.000000000000000000e+00 -3.199108643602954771e-03 1.251261374241580682e-01 1.181015274866462211e-01 1.060141722975484341e-01
1.400780856995229442e+03 7.556467357451443831e+02 3.248320655354156372e+01 0.000000000000000000e+00 0.000000000000000000e+00 1.373895969510030568e-01 1.344480265463638413e-01 1.185937780429312943e-01 1.105942597503011271e-01
1.596981805141499990e+03 9.124965017288865283e+02 4.351955766622383948e+01 0.000000000000000000e+00 0.000000000000000000e+00 8.091559672101311662e-02 1.477134855373909428e-01 1.195185025044679383e-01 1.162765869459848056e-01
1.202810830244799718e+03 9.147235514801642466e+02 2.893512616713615415e+01 0.000000000000000000e+00 0.000000000000000000e+00 -8.720188156342700836e-02 1.441681350930688887e-01 1.303950490644441296e-01 1.256426532078208091e-01
8.933846174063880881e+02 5.180871164959163480e+02 1.352175979943081785e+01 0.000000000000000000e+00 0.000000000000000000e+00 -2.109088892838428819e-02 1.176397525620676149e-01 1.180544293536411327e-01 1.055669370229582876e-01
6.984875534949560461e+02 7.531727420530863810e+02 1.304889977218507191e+01 0.000000000000000000e+00 0.000000000000000000e+00 -9.273716629915007559e-02 1.165416897852985939e-01 1.232453035473439484e-01 1.139226882793719364e-01
8.946183586747644085e+02 9.105627411318046143e+02 2.030823603389933396e+01 0.000000000000000000e+00 0.000000000000000000e+00 -3.208176470166534955e-02 1.285137864813630237e-01 1.255255181898402295e-01 1.203676962268753620e-01
5.004916933748268093e+02 9.134599177929862890e+02 1.313412711575196568e+01 0.000000000000000000e+00 0.000000000000000000e+00 -1.733226675462695709e-01 1.173589037854695094e-01 1.251380204375326932e-01 1.189437373674497728e-01
5.061616890082330542e+02 5.138736772603518830e+02 6.413237839149817709e+00 0.000000000000000000e+00 0.000000000000000000e+00 -6.802724057558240389e-02 1.142145341043283580e-01 1.283557270548210394e-01 1.134167613307646705e-01
-2.278995194059525886e+00 7.502292182608775875e+02 6.612438451179863286e+00 0.000000000000000000e+00 0.000000000000000000e+00 -1.128315336148659753e-01 9.973508755880849952e-02 1.231550235968737750e-01 1.130954291632555314e-01
1.934869350787736835e+02 9.068663271981188245e+02 1.019157575822143436e+01 0.000000000000000000e+00 0.000000000000000000e+00 -1.314002620978698133e-01 1.101806955627592649e-01 1.261579866941742456e-01 1.186715463919776059e-01
-1.971463931273900414e+02 5.099931241417759225e+02 3.542361160997344438e+00 0.000000000000000000e+00 0.000000000000000000e+00 1.352323858806241397e-01 1.032524564730563921e-01 1.403172169623737309e-01 1.227434029222471135e-01
1.913652399983025987e+02 5.134399047637313060e+02 3.554690800293592634e+00 0.000000000000000000e+00 0.000000000000000000e+00 -1.094057924845186491e-01 1.055811026151574628e-01 1.269193707658892445e-01 1.120642330808547665e-01
-2.007392220919489887e+02 9.094637924866256071e+02 1.028544751509753574e+01 0.000000000000000000e+00 0.000000000000000000e+00 -7.343654234781737955e-02 1.072845856176204565e-01 1.284787166336831266e-01 1.219603153378630289e-01
2.293838730054626922e+03 1.232854145008828027e+03 8.872408703215086234e+01 0.000000000000000000e+00 0.000000000000000000e+00 -1.107848778829634284e-03 1.669230442355645327e-01 1.151625987206614382e-01 1.188872735048096679e-01
1.907050678423135423e+03 1.228421043934268482e+03 6.658081149034366319e+01 0.000000000000000000e+00 0.000000000000000000e+00 -2.277089482272742771e-02 1.540152546200586614e-01 1.147136709025854684e-01 1.171440805493990933e-01
2.099169967007753712e+03 1.470158666043575749e+03 8.535441980500196735e+01 0.000000000000000000e+00 0.000000000000000000e+00 -1.344047836332151746e-02 1.696611258936742417e-01 1.220623922249505083e-01 1.306628698743072525e-01
2.293704886080190136e+03 1.626293247071539554e+03 1.033130926344676226e+02 0.000000000000000000e+00 0.000000000000000000e+00 1.447293923734065402e-01 1.760676549425776449e-01 1.195471633663877792e-01 1.317350195250839573e-01
1.900832504669178661e+03 1.628476114350223725e+03 8.081951882396428744e+01 0.000000000000000000e+00 0.000000000000000000e+00 1.014183362467946381e-01 1.619386920589657441e-01 1.190591159214351852e-01 1.299459337558231675e-01
1.592370256201260645e+03 1.230671019890953175e+03 5.183524488268277253e+01 0.000000000000000000e+00 0.000000000000000000e+00 -1.522174076491324968e-01 1.543799051594536287e-01 1.262701513302061929e-01 1.283607948115484398e-01
1.205112411011822360e+03 1.227343317931338788e+03 3.723469000657240002e+01 0.000000000000000000e+00 0.000000000000000000e+00 1.541903790091225801e-02 1.415222491015032114e-01 1.234569771793239956e-01 1.257752407613896561e-01
1.398467936019943181e+03 1.467485295065207765e+03 5.202564610107652499e+01 0.000000000000000000e+00 0.000000000000000000e+00 4.972081653360760356e-02 1.466618852966247999e-01 1.211698432049363311e-01 1.275280387710054919e-01
1.594023951849927926e+03 1.623810062645010021e+03 6.602251729477737285e+01 0.000000000000000000e+00 0.000000000000000000e+00 -6.674293966453603844e-02 1.516774138703735897e-01 1.176406305404011782e-01 1.283961370473598040e-01
1.199872144496134069e+03 1.627888990451221616e+03 5.126540425977010074e+01 0.000000000000000000e+00 0.000000000000000000e+00 1.650156030407856633e-02 1.390284304177072938e-01 1.171786681399639291e-01 1.268097443961342108e-01
8.898681788925167666e+02 1.227479767484126342e+03 2.843732837074042408e+01 0.000000000000000000e+00 0.000000000000000000e+00 -1.198776915676802446e-01 1.326984531025354186e-01 1.230557551010904166e-01 1.244406444084888153e-01
5.029552082158978124e+02 1.225256941426139520e+03 2.121002604645318002e+01 0.000000000000000000e+00 0.000000000000000000e+00 -1.913041094209546600e-01 1.217047809267533948e-01 1.240101311698640213e-01 1.239323516084911703e-01
6.964385028519882326e+02 1.465100858245546078e+03 3.218186986156442941e+01 0.000000000000000000e+00 0.000000000000000000e+00 -1.441713803328923404e-01 1.266551926782292226e-01 1.196821070754874178e-01 1.254979874917308558e-01
8.928947716698814929e+02 1.621149422561785514e+03 4.232162909448452126e+01 0.000000000000000000e+00 0.000000000000000000e+00 -1.434105963271363748e-01 1.302275378635517344e-01 1.167518274943137729e-01 1.254840721339234022e-01
4.988873877964385315e+02 1.624225770433612752e+03 3.506426704714380804e+01 0.000000000000000000e+00 0.000000000000000000e+00 -2.880383251290581370e-01 1.190894298290124248e-01 1.163153956664949307e-01 1.240677537166544192e-01
1.905820544275472059e+02 1.225687236714986057e+03 1.834938913258269366e+01 0.000000000000000000e+00 0.000000000000000000e+00 -8.408612101065671141e-02 1.076531930293944395e-01 1.201882132666010211e-01 1.189086663781199621e-01
1.923922182476963485e+02 1.619558048040618132e+03 3.203115271522332819e+01 0.000000000000000000e+00 0.000000000000000000e+00 -1.733732769199249901e-01 1.118763006784422587e-01 1.162715598922488963e-01 1.237202025249361792e-01
-1.980025865753922858e+02 1.222162661772718820e+03 1.828327013282742897e+01 0.000000000000000000e+00 0.000000000000000000e+00 -1.199531494692109845e-01 1.061731402726768664e-01 1.239227680358611638e-01 1.231934349227964270e-01
-3.154488121655688371e+00 1.461331179985021436e+03 2.556154379842908142e+01 0.000000000000000000e+00 0.000000000000000000e+00 1.729807477393308091e-02 1.082895433402533691e-01 1.188636958365902052e-01 1.229201534490778069e-01
-2.017225184611526458e+02 1.621306132349764994e+03 3.215021288745757033e+01 0.000000000000000000e+00 0.000000000000000000e+00 -1.470614470206115243e-01 1.022871014155158353e-01 1.158551217593612875e-01 1.224458744478709588e-01
1.904514225433649699e+03 1.941625018546703586e+03 9.538038438467582125e+01 0.000000000000000000e+00 0.000000000000000000e+00 2.709896632791242155e-02 1.633963067581508388e-01 1.154457270247247480e-01 1.322153570053807570e-01
2.096561326819937676e+03 2.180770027990121434e+03 1.188682278010007565e+02 0.000000000000000000e+00 0.000000000000000000e+00 1.219835211290245525e-01 1.780778631456141348e-01 1.156163604613927587e-01 1.388253926111982506e-01
1.897277234264641493e+03 2.339842449811508686e+03 1.171624326759689154e+02 0.000000000000000000e+00 0.000000000000000000e+00 1.169242681212381285e-01 1.690999870387005777e-01 1.129164651201116365e-01 1.380750283588637328e-01
2.290831686798657302e+03 1.945495453564316904e+03 1.180191951507881498e+02 0.000000000000000000e+00 0.000000000000000000e+00 1.174041508860597105e-01 2.087591459405499505e-01 1.270613391786338253e-01 1.496710249247392710e-01
2.291902141714075242e+03 2.337495227789765067e+03 1.402243829648353710e+02 0.000000000000000000e+00 0.000000000000000000e+00 -1.279485789255261352e-01 2.049455950626535294e-01 1.216516744040530007e-01 1.506740249179089330e-01
1.587120487221838857e+03 1.942596141110528151e+03 8.017603772039463195e+01 0.000000000000000000e+00 0.000000000000000000e+00 7.831398984598081370e-02 1.531670192999432523e-01 1.149757507072660112e-01 1.307350958806037522e-01
1.200817902468034163e+03 1.939994406674502216e+03 6.529688875494497324e+01 0.000000000000000000e+00 0.000000000000000000e+00 5.494317629297995609e-02 1.405210927390013187e-01 1.144938618527012592e-01 1.291516890108818372e-01
1.393522384480432265e+03 2.178763096721832426e+03 8.469014419891036027e+01 0.000000000000000000e+00 0.000000000000000000e+00 1.184636248695056793e-01 1.443926754301005644e-01 1.116296077270648029e-01 1.308183539655781713e-01
1.588979051950951543e+03 2.334949421844192329e+03 1.018653123927339692e+02 0.000000000000000000e+00 0.000000000000000000e+00 9.140116180542179336e-02 1.494405875916035298e-01 1.094141529576287131e-01 1.317906049572966642e-01
1.195006589327637812e+03 2.337725191615459607e+03 8.679825645780212540e+01 0.000000000000000000e+00 0.000000000000000000e+00 -2.517681571771390736e-02 1.379525600984554679e-01 1.085065714462548625e-01 1.294475840183508808e-01
8.864632190774080982e+02 1.938280777115608771e+03 5.626159576911724969e+01 0.000000000000000000e+00 0.000000000000000000e+00 -1.474310244968535244e-01 1.316877877962127630e-01 1.131114146922899272e-01 1.277629739501887629e-01
4.996931944982100049e+02 1.937676545498570249e+03 4.893784407252562119e+01 0.000000000000000000e+00 0.000000000000000000e+00 -1.779610855875617403e-01 1.205468177950599629e-01 1.126516537210063007e-01 1.263468770954708220e-01
6.930710149023605027e+02 2.175649308695998570e+03 6.440023883291446793e+01 0.000000000000000000e+00 0.000000000000000000e+00 -1.654401555537106105e-01 1.241667579263646404e-01 1.084854866107159144e-01 1.270798129707076951e-01
8.891647349616359861e+02 2.330886011147212230e+03 7.756896125603960002e+01 0.000000000000000000e+00 0.000000000000000000e+00 -1.107181046754135423e-01 1.291721283722517821e-01 1.080345878848928132e-01 1.281295935404820618e-01
4.950165773936420237e+02 2.335358062453702587e+03 7.030531860162307112e+01 0.000000000000000000e+00 0.000000000000000000e+00 -8.043503218226533136e-02 1.180018017070305902e-01 1.057930657027584681e-01 1.266111953381280075e-01
1.589155162627866275e+03 2.654656541930346975e+03 1.226952268982605432e+02 0.000000000000000000e+00 0.000000000000000000e+00 1.886544073741447392e-02 1.674282913837988052e-01 1.137726658740749602e-01 1.445145730410545004e-01
1.201460061080731066e+03 2.650273176603738648e+03 1.071847628504391565e+02 0.000000000000000000e+00 0.000000000000000000e+00 -1.888603568902738061e-01 1.435704243687705717e-01 1.068211775039075440e-01 1.345651490727920729e-01
1.394866792996974254e+03 2.891359563675117897e+03 1.317928303270516324e+02 0.000000000000000000e+00 0.000000000000000000e+00 -1.301131378079389833e-02 1.584012630582861680e-01 1.093116749549777056e-01 1.429145486480506155e-01
1.589109647437841431e+03 3.046537654927473795e+03 1.522885613494717347e+02 0.000000000000000000e+00 0.000000000000000000e+00 1.270686602676107668e-01 1.635015578976832529e-01 1.082989542562481505e-01 1.439778429833646622e-01
1.195321704338735344e+03 3.048978007483455713e+03 1.368359221282910596e+02 0.000000000000000000e+00 0.000000000000000000e+00 -1.093130287066230721e-01 1.783425171575674095e-01 1.188505440126993579e-01 1.601435188282736566e-01
8.849372838206452343e+02 2.651694526237398804e+03 9.803517348232580275e+01 0.000000000000000000e+00 0.000000000000000000e+00 -2.133230982867075909e-01 1.266841525154477621e-01 1.032961311997801085e-01 1.285387421937091434e-01
6.906390725802508541e+02 2.887060539883858382e+03 1.107007512158099161e+02 0.000000000000000000e+00 0.000000000000000000e+00 -1.910750092184940740e-01 1.441036115767147519e-01 1.125140924689043559e-01 1.456033313888698277e-01
8.863979532023271304e+02 3.042358442903210289e+03 1.271571494940150018e+02 0.000000000000000000e+00 0.000000000000000000e+00 3.459248802920456001e-02 1.669829187882343469e-01 1.182892052904136321e-01 1.586552510838314389e-01
4.979820766085518926e+02 2.648031534082636881e+03 9.030983230043467813e+01 0.000000000000000000e+00 0.000000000000000000e+00 -1.479961239087401736e-01 1.430729378261972051e-01 1.145121991329145633e-01 1.464847351129843489e-01
4.922591285271448101e+02 3.046273433149879565e+03 1.197624992338335801e+02 0.000000000000000000e+00 0.000000000000000000e+00 -1.804974159971521885e-01 1.628839290043545551e-01 1.217399217982759185e-01 1.635702129385848691e-01
-1.897685137928989434e+02 -9.116474035045337132e+02 9.889992673451459382e+00 0.000000000000000000e+00 0.000000000000000000e+00 8.626556601193158258e-02 1.013710635439682567e-01 1.545446598301067065e-01 1.081617043865417960e-01
1.960866506704891492e+02 -9.071703373142623832e+02 9.829054332519453041e+00 0.000000000000000000e+00 0.000000000000000000e+00 -2.066060607512021363e-02 1.109533752006028884e-01 1.557668333869983712e-01 1.087699905070172030e-01
3.042739534741389473e+00 -6.714895196403866748e+02 5.138692293796029986e+00 0.000000000000000000e+00 0.000000000000000000e+00 1.207135876196927526e-01 1.046955265420408537e-01 1.489121135980730204e-01 1.085146678600683867e-01
-1.941941932383529092e+02 -5.124804585066109439e+02 3.480805285068917510e+00 0.000000000000000000e+00 0.000000000000000000e+00 -7.318575426066287193e-02 1.025401941037338560e-01 1.482158570225233785e-01 1.099043389920767166e-01
2.001749030612742217e+02 -5.157097932552991324e+02 3.548529493326170847e+00 0.000000000000000000e+00 0.000000000000000000e+00 1.436659265620132686e-02 1.120835232345312460e-01 1.482581369069876365e-01 1.103832773192896105e-01
-5.067746607007790658e+02 -2.010928362369791387e+02 3.748482071135265326e+00 0.000000000000000000e+00 0.000000000000000000e+00 5.117214979525730456e-02 1.001146663167626488e-01 1.549280558370775829e-01 1.207180440528964616e-01
-8.931303964798064499e+02 -2.028420472321103318e+02 1.068720170990028784e+01 0.000000000000000000e+00 0.000000000000000000e+00 3.339612333963515312e-02 1.039213050411020717e-01 1.683575390468472488e-01 1.317027455644415868e-01
-7.001273861641838039e+02 3.597160663868845631e+01 6.316139850513739162e+00 0.000000000000000000e+00 0.000000000000000000e+00 -2.873674910172674402e-02 1.069383590759580838e-01 1.606906474745992131e-01 1.319155474693690933e-01
-8.985587334061385718e+02 1.959893421796797952e+02 1.087036935213547295e+01 0.000000000000000000e+00 0.000000000000000000e+00 3.194568031591416002e-02 1.011363869567789703e-01 1.573017306556253325e-01 1.313796158914386780e-01
-5.037669022945343613e+02 1.926782033051690917e+02 3.701952148445151192e+00 0.000000000000000000e+00 0.000000000000000000e+00 -4.890420619681590253e-02 1.100820748943540373e-01 1.562220973535880242e-01 1.316493820354965316e-01
-2.298082124757243946e+03 5.035358059408958979e+02 7.246916911016992913e+01 0.000000000000000000e+00 0.000000000000000000e+00 3.800185204467823041e-01 8.232997750195271414e-02 1.607037275519943575e-01 1.407577173569612983e-01
-1.911527033596777528e+03 5.065799310957440866e+02 5.088894789581957667e+01 0.000000000000000000e+00 0.000000000000000000e+00 1.576616685452520983e-01 8.189185809554230810e-02 1.528501142867573492e-01 1.335597671380238660e-01
-2.104659253660334798e+03 7.427081343179743271e+02 6.500864847271147084e+01 0.000000000000000000e+00 0.000000000000000000e+00 1.358524433753274252e-01 9.306941237436268388e-02 1.661060382369392296e-01 1.529687944199182859e-01
-2.302109674222169360e+03 9.021873665379332579e+02 8.008301753611145557e+01 0.000000000000000000e+00 0.000000000000000000e+00 9.535828119449263340e-02 8.934877721639651604e-02 1.632226443872996646e-01 1.534492819068326297e-01
-1.907918662558882033e+03 9.002645834924242081e+02 5.776846707379286983e+01 0.000000000000000000e+00 0.000000000000000000e+00 1.158573208288729006e-01 8.669269527724332569e-02 1.516340576702393528e-01 1.417840181659386911e-01
-1.596459476091126817e+03 5.053268446674128427e+02 3.629022436358477677e+01 0.000000000000000000e+00 0.000000000000000000e+00 2.190221712119893027e-01 8.646400771802294216e-02 1.514734697153756471e-01 1.327752769099261876e-01
-1.210490576206251490e+03 5.083002613823858837e+02 2.211410595179347283e+01 0.000000000000000000e+00 0.000000000000000000e+00 7.438826952679988835e-02 9.341182088595610666e-02 1.501072256714916231e-01 1.320863356792772725e-01
-1.405053607582612585e+03 7.455736340857929463e+02 3.245498602074126637e+01 0.000000000000000000e+00 0.000000000000000000e+00 2.294320194666426005e-01 8.775052035556955843e-02 1.435845248995762102e-01 1.313518255918185718e-01
-1.603028480256658668e+03 9.048389731950692294e+02 4.360339491523813393e+01 0.000000000000000000e+00 0.000000000000000000e+00 7.389322978402645958e-02 8.370618176059413384e-02 1.406859150595978769e-01 1.318057140909614788e-01
-1.208915733804107504e+03 9.031096926790329462e+02 2.887148220304841573e+01 0.000000000000000000e+00 0.000000000000000000e+00 1.902114052746384232e-02 9.059453969877795387e-02 1.393330233927515815e-01 1.311113184373049745e-01
-8.948884014945857643e+02 5.079665383727449353e+02 1.343207201565021336e+01 0.000000000000000000e+00 0.000000000000000000e+00 7.426280491895731473e-02 9.965355024897409875e-02 1.487408753162305086e-01 1.313923934440222041e-01
-5.078966760999595635e+02 5.112836159691016178e+02 6.404684469430417693e+00 0.000000000000000000e+00 0.000000000000000000e+00 -3.920166460233520667e-02 1.084891810110999444e-01 1.484810686459923645e-01 1.309179656279845783e-01
-7.012867817794814300e+02 7.480811066031410519e+02 1.300867813212756019e+01 0.000000000000000000e+00 0.000000000000000000e+00 1.297796572329747988e-01 1.026097501239431609e-01 1.422610954855779430e-01 1.309773029392747312e-01
-9.003055756695532637e+02 9.070354364420951470e+02 2.036519640275083987e+01 0.000000000000000000e+00 0.000000000000000000e+00 7.782810895199787637e-02 9.705151490720440033e-02 1.393596297744623125e-01 1.313475013021613014e-01
-5.054303838962136979e+02 9.047956598418296608e+02 1.301059864290378876e+01 0.000000000000000000e+00 0.000000000000000000e+00 -8.188884087968162362e-02 1.057732738920571097e-01 1.380207389519098882e-01 1.307701070551777200e-01
-3.002171733560075609e+03 1.211802074006071280e+03 1.394785813246298005e+02 0.000000000000000000e+00 0.000000000000000000e+00 -3.500302753937489797e-02 8.074662802865714695e-02 1.592940138071914924e-01 1.562091068015526163e-01
-2.615393165930118357e+03 1.216694443152042140e+03 1.097421872302293906e+02 0.000000000000000000e+00 0.000000000000000000e+00 -8.693261906137195183e-02 8.404794380538685439e-02 1.565701435267382868e-01 1.544381876427336209e-01
-2.808277219331571359e+03 1.452446470892433354e+03 1.324996332987012693e+02 0.000000000000000000e+00 0.000000000000000000e+00 -1.971510065131099054e-01 8.792908078608983879e-02 1.597465194234634345e-01 1.647104830031862477e-01
-3.006696708602350100e+03 1.611027371289931580e+03 1.550806260113241137e+02 0.000000000000000000e+00 0.000000000000000000e+00 -4.920039302842837969e-02 8.557246821213705668e-02 1.571335100034145782e-01 1.652958529392109244e-01
-2.612799317620348575e+03 1.609289869308289553e+03 1.242001703717415353e+02 0.000000000000000000e+00 0.000000000000000000e+00 -3.392435984176671582e-01 8.871770317970267827e-02 1.540914455327770938e-01 1.626723054797574730e-01
-2.299980829509487194e+03 1.215474009443148589e+03 8.855634893930599105e+01 0.000000000000000000e+00 0.000000000000000000e+00 8.218208871585375164e-02 8.685020604337490013e-02 1.538484269961146456e-01 1.526601400302756428e-01
-1.914636917574349582e+03 1.218376877898575231e+03 6.665988242947256026e+01 0.000000000000000000e+00 0.000000000000000000e+00 1.449605760232657303e-01 9.283659230089072456e-02 1.521639780245604423e-01 1.510629632687830737e-01
-2.107628828302667898e+03 1.455341727755375814e+03 8.528223222464380626e+01 0.000000000000000000e+00 0.000000000000000000e+00 2.293199235623433196e-01 8.915525321850892304e-02 1.477931994009820116e-01 1.522860963470742679e-01
-1.911141700175828419e+03 1.611068005498014372e+03 8.063457767843772217e+01 0.000000000000000000e+00 0.000000000000000000e+00 1.869208973654821193e-01 9.173233920765547222e-02 1.438518369121427332e-01 1.520850282121212482e-01
-2.305754793929898369e+03 1.613948596793530669e+03 1.035548946054864814e+02 0.000000000000000000e+00 0.000000000000000000e+00 8.650676533729040329e-02 8.556262079873651338e-02 1.451725601913417540e-01 1.528269239232491195e-01
-1.598650736570353047e+03 1.216734224517912708e+03 5.167731415818373364e+01 0.000000000000000000e+00 0.000000000000000000e+00 8.857306519438168380e-02 8.974644737989311005e-02 1.419190608334384152e-01 1.403125977536805180e-01
-1.211194230334052691e+03 1.218986961404377553e+03 3.717870770309778550e+01 0.000000000000000000e+00 0.000000000000000000e+00 1.519807983087630987e-01 8.955859467258017736e-02 1.337319228379590941e-01 1.322879311853257522e-01
-1.404228610213682487e+03 1.456108325219562175e+03 5.182744101790470381e+01 0.000000000000000000e+00 0.000000000000000000e+00 -9.831913108174461513e-02 9.166807273612843920e-02 1.372022806334961820e-01 1.408546056312226513e-01
-1.209983891615293260e+03 1.613010212428861223e+03 5.099221399261944043e+01 0.000000000000000000e+00 0.000000000000000000e+00 5.709970295748689750e-02 9.585449683332494808e-02 1.346013449211548585e-01 1.416374587537778673e-01
-1.604058607930040353e+03 1.615749161005488531e+03 6.612821593648088481e+01 0.000000000000000000e+00 0.000000000000000000e+00 -1.096949752212594831e-01 8.768110559355517253e-02 1.345672381173908527e-01 1.413670673810013267e-01
-8.995493795913483837e+02 1.220710637002027852e+03 2.846525541396981396e+01 0.000000000000000000e+00 0.000000000000000000e+00 1.805565874854693220e-01 9.488616825983420267e-02 1.337544049432915494e-01 1.324773742642237628e-01
-5.115197640323292489e+02 1.224623913382400588e+03 2.130651172660414616e+01 0.000000000000000000e+00 0.000000000000000000e+00 -3.006658557932695430e-03 1.039790778228721901e-01 1.351615404378228302e-01 1.337474082452421720e-01
-7.056434715221414535e+02 1.460217014348656676e+03 3.217913761207342560e+01 0.000000000000000000e+00 0.000000000000000000e+00 4.830728683742080420e-02 9.831731418568384617e-02 1.304029869717411860e-01 1.340033497921402361e-01
-5.082644082775498191e+02 1.614961862356866732e+03 3.482124187028665574e+01 0.000000000000000000e+00 0.000000000000000000e+00 5.222172688292658904e-02 1.014878616211241785e-01 1.274364017567191087e-01 1.339136387173276987e-01
-9.033218682972665192e+02 1.618815720666914103e+03 4.248021876165894639e+01 0.000000000000000000e+00 0.000000000000000000e+00 -6.789055975391988795e-02 1.012069572761869485e-01 1.346253210938143652e-01 1.418272644858581955e-01
-2.305755611984991447e+03 1.927328622756519735e+03 1.180501880727997843e+02 0.000000000000000000e+00 0.000000000000000000e+00 -1.106247977783283432e-01 9.139502962875345471e-02 1.451110516934392414e-01 1.613045961084108859e-01
-1.919006939268570704e+03 1.929230154681013346e+03 9.552530173997737961e+01 0.000000000000000000e+00 0.000000000000000000e+00 -1.044152351871332485e-01 9.851259929648095715e-02 1.443706851864616780e-01 1.598038755776692854e-01
-2.111787856845438910e+03 2.166144132995028485e+03 1.189295195289311238e+02 0.000000000000000000e+00 0.000000000000000000e+00 -7.808688038642230822e-02 9.357632451939922047e-02 1.392133956726853139e-01 1.601513085184751162e-01
-1.914652961984389322e+03 2.322090615029262608e+03 1.170058301787762218e+02 0.000000000000000000e+00 0.000000000000000000e+00 -1.372315786365021495e-01 9.600582003747451521e-02 1.352555417286397665e-01 1.591395706863658888e-01
-2.308512240868881236e+03 2.325787444337295710e+03 1.405765644614024268e+02 0.000000000000000000e+00 0.000000000000000000e+00 3.928209714853494461e-01 9.062061857317926794e-02 1.365225493400886170e-01 1.598977250759505975e-01
-1.602433963473904896e+03 1.928315510302675875e+03 8.014016672664271823e+01 0.000000000000000000e+00 0.000000000000000000e+00 -2.479369880941817428e-02 1.019832678092744555e-01 1.417430472026197374e-01 1.580760000393088838e-01
-1.214571903233393869e+03 1.932361247022850876e+03 6.537695464530200695e+01 0.000000000000000000e+00 0.000000000000000000e+00 2.145505113375634210e-02 9.847344634348662029e-02 1.303391552207933957e-01 1.447503110155348993e-01
-1.408043233415536633e+03 2.168286435899471599e+03 8.466779279802292990e+01 0.000000000000000000e+00 0.000000000000000000e+00 -1.481307919690380004e-01 9.321146384610838609e-02 1.261018351667677062e-01 1.451299657568839718e-01
-1.210803622599338496e+03 2.325245746442583822e+03 8.657712568276929233e+01 0.000000000000000000e+00 0.000000000000000000e+00 -1.283744859572948371e-01 1.077858578623966113e-01 1.327391711932272289e-01 1.576954396141314330e-01
-1.605908705656992652e+03 2.328308714985166262e+03 1.022166855729115582e+02 0.000000000000000000e+00 0.000000000000000000e+00 -6.898485970845058546e-02 1.005001192571518959e-01 1.335784853293257857e-01 1.575060197465523448e-01
-9.017693885276503352e+02 1.931668882402465670e+03 5.631292546392051435e+01 0.000000000000000000e+00 0.000000000000000000e+00 -1.020550497700014603e-01 1.049610710847376366e-01 1.303701363067067964e-01 1.449828476961563251e-01
-5.141528219402709965e+02 1.933559085496894568e+03 4.893783957894591907e+01 0.000000000000000000e+00 0.000000000000000000e+00 -3.219770450641590287e-01 1.217123727292541285e-01 1.272845149942343213e-01 1.446204675838622944e-01
-7.075990328925934136e+02 2.170411466704402756e+03 6.439130087552291570e+01 0.000000000000000000e+00 0.000000000000000000e+00 -1.989626165882754094e-01 1.209615946743684001e-01 1.350463121861116556e-01 1.574924883927693586e-01
-5.108778306226439554e+02 2.326798177942533584e+03 7.001769146078059691e+01 0.000000000000000000e+00 0.000000000000000000e+00 -4.260040946211773871e-01 1.192426237218587037e-01 1.205352257342968414e-01 1.449189844913136571e-01
-9.056599519559136979e+02 2.330013298332612067e+03 7.792605239856206367e+01 0.000000000000000000e+00 0.000000000000000000e+00 -1.297513694410099561e-01 1.151853677368738782e-01 1.314960619424647426e-01 1.570518115101948164e-01
-1.995274895563611608e+02 1.933947140311267503e+03 4.590693183047856252e+01 0.000000000000000000e+00 0.000000000000000000e+00 -2.681036712707154379e-01 1.131751976621969830e-01 1.167801383628218337e-01 1.312029802606214934e-01
1.862492510957007141e+02 1.936998572148457015e+03 4.598469600754403785e+01 0.000000000000000000e+00 0.000000000000000000e+00 -3.281384569899401527e-01 1.228642153677041160e-01 1.172260540877565760e-01 1.324968690219720524e-01
-6.642756842215696622e+00 2.173360612951946223e+03 5.769209815061768865e+01 0.000000000000000000e+00 0.000000000000000000e+00 -1.613137187528579375e-01 1.323544043092764466e-01 1.232358169352166660e-01 1.456629373682908068e-01
1.887097836081800040e+02 2.329239408554036345e+03 6.705699566959199842e+01 0.000000000000000000e+00 0.000000000000000000e+00 -2.667250725292973357e-01 1.370434917751961468e-01 1.197941878796430770e-01 1.456737454675338661e-01
-2.057211106228068047e+02 2.331969808447996002e+03 6.731096476010495167e+01 0.000000000000000000e+00 0.000000000000000000e+00 -2.437845034066299377e-01 1.262921117376061830e-01 1.205791586651847602e-01 1.452252282248547854e-01
-2.031688557220219309e+02 2.645079814658872692e+03 8.722611111357508662e+01 0.000000000000000000e+00 0.000000000000000000e+00 -2.760538888240802180e-01 1.250453015218127573e-01 1.151782412588512328e-01 1.456775401572465434e-01
1.830767419156349263e+02 2.648539077094771528e+03 8.735379731567358874e+01 0.000000000000000000e+00 0.000000000000000000e+00 -2.012266593749245658e-02 1.346004299780767799e-01 1.152441337382888870e-01 1.461155240095550756e-01
-9.180895174930734370e+00 2.884015612501953910e+03 1.037566821552912444e+02 0.000000000000000000e+00 0.000000000000000000e+00 -2.473859005224312568e-01 1.483316360144130708e-01 1.230770944817391049e-01 1.629310839644250164e-01
1.863097687126774815e+02 3.041159168181250607e+03 1.164132211432624473e+02 0.000000000000000000e+00 0.000000000000000000e+00 -1.662223226619516936e-01 1.530923657959613049e-01 1.209510623640120408e-01 1.630408027195911769e-01
-2.086509876215826580e+02 3.043239602628303146e+03 1.167042023035752152e+02 0.000000000000000000e+00 0.000000000000000000e+00 -1.318722898643187591e-01 1.424558547136334230e-01 1.220462875835792022e-01 1.634392975855172847e-01
-9.032133708197060287e+02 2.643851347984369113e+03 9.795396536628699380e+01 0.000000000000000000e+00 0.000000000000000000e+00 -1.532413781718702239e-01 1.129301730220009237e-01 1.268493293567431179e-01 1.575225678729239853e-01
-5.163763337311629584e+02 2.647141470237841986e+03 9.050932688491442946e+01 0.000000000000000000e+00 0.000000000000000000e+00 -3.255287431438205203e-01 1.168867374754678362e-01 1.159304175299814138e-01 1.453770569167696924e-01
-7.102204160587871229e+02 2.882857115638677897e+03 1.107704757474892716e+02 0.000000000000000000e+00 0.000000000000000000e+00 -8.744123145616811144e-02 1.160466129420832243e-01 1.221036026374055922e-01 1.573624400018718283e-01
-5.134315290766221551e+02 3.038784111920536816e+03 1.194654348210278130e+02 0.000000000000000000e+00 0.000000000000000000e+00 -3.568551626733835747e-01 1.343707868893452007e-01 1.224544193409243670e-01 1.639456469586405285e-01
-9.079823037524186020e+02 3.041698710905973712e+03 1.276542432449992788e+02 0.000000000000000000e+00 0.000000000000000000e+00 5.154660742192618272e-04 1.319515035666568858e-01 1.353420243852756499e-01 1.787484224115549469e-01
-1.217299492486126837e+03 2.643357497614092154e+03 1.072451443457837854e+02 0.000000000000000000e+00 0.000000000000000000e+00 -1.886723381826840296e-01 1.075308556503102309e-01 1.276433712060695835e-01 1.573800098585182161e-01
-1.604661430935346971e+03 2.640336653642035344e+03 1.223969206495551845e+02 0.000000000000000000e+00 0.000000000000000000e+00 -1.231121846094680450e-01 1.201073829949488581e-01 1.455286608448416452e-01 1.822545194216990683e-01
-1.409997644592177721e+03 2.878943085120319211e+03 1.314482938027506123e+02 0.000000000000000000e+00 0.000000000000000000e+00 1.047967027901961501e-01 1.217805068378574607e-01 1.403845838363552423e-01 1.811777543529203283e-01
-1.215303373954334347e+03 3.035588135070416683e+03 1.364421915834703043e+02 0.000000000000000000e+00 0.000000000000000000e+00 -1.813138498791317943e-01 1.257463163585637311e-01 1.369565518050701036e-01 1.802861467834928622e-01
-1.609224862449420243e+03 3.038054956406298970e+03 1.525195184662186989e+02 0.000000000000000000e+00 0.000000000000000000e+00 -6.225979452082697208e-02 1.178909685298085708e-01 1.390248057359034228e-01 1.826491238433931297e-01
2.995591793541787865e+03 5.217604690575423092e+02 1.224649169082101849e+02 0.000000000000000000e+00 0.000000000000000000e+00 1.522799417078175566e-01 2.064780878776972250e-01 1.362727269371188377e-01 1.252137635301405483e-01
2.605195102029646932e+03 9.193142537554232376e+02 1.006113308103893473e+02 0.000000000000000000e+00 0.000000000000000000e+00 9.450110887692630968e-02 1.949725605487159785e-01 1.291084188613295658e-01 1.275256689186521353e-01
2.998369562112749463e+03 9.160390309164745304e+02 1.306037081261057722e+02 0.000000000000000000e+00 0.000000000000000000e+00 1.640378101811279521e-01 2.159720112813495463e-01 1.320510665213009971e-01 1.310499545864063364e-01
2.803320442619958158e+03 7.599788417689669586e+02 1.115715003920407185e+02 0.000000000000000000e+00 0.000000000000000000e+00 4.304596556953299569e-02 2.107693517561425867e-01 1.348688196225562852e-01 1.300347504697817180e-01
2.609748519882860819e+03 5.208479316950033535e+02 9.320193895030421061e+01 0.000000000000000000e+00 0.000000000000000000e+00 1.891153999100652072e-01 1.868231972822378684e-01 1.344206948085853448e-01 1.218840696812688723e-01
2.603158369291561030e+03 1.631828869023521065e+03 1.244689636502375123e+02 0.000000000000000000e+00 0.000000000000000000e+00 4.917150426727801005e-02 2.126407194093118680e-01 1.217539653093987068e-01 1.385692635944066331e-01
2.996341689353915626e+03 1.627439668191968394e+03 1.549286091496719280e+02 0.000000000000000000e+00 0.000000000000000000e+00 -1.582517195421928591e-02 2.310360098764269454e-01 1.236501706790723298e-01 1.418000642431128666e-01
2.801790676592538603e+03 1.470662887367697977e+03 1.327059809274721829e+02 0.000000000000000000e+00 0.000000000000000000e+00 1.088247415813725638e-01 2.232077694221601405e-01 1.260735252605048318e-01 1.405039359427239787e-01
2.607746516945977874e+03 1.233055573297525370e+03 1.097243195792529349e+02 0.000000000000000000e+00 0.000000000000000000e+00 1.283136870646899297e-01 1.976572359326403128e-01 1.239279899445688282e-01 1.296997846296726042e-01
2.993731836315636883e+03 1.235357329060065922e+03 1.395587197650844757e+02 0.000000000000000000e+00 0.000000000000000000e+00 3.371726068883162952e-02 2.133242255972584711e-01 1.244277909821700084e-01 1.318203733418452095e-01
