# x y z x_res y_res z_res x_res_err y_res_err z_res_err
-1.156966379275268991e+03 1.751398462357999279e+03 -2.968318434862732147e+01 0.000000000000000000e+00 0.000000000000000000e+00 1.007545673538245978e-02 1.694242171854869888e-02 1.645243198686032610e-02 2.113094290259829797e-02
-1.530152967496211659e+03 1.745642349730657543e+03 -3.732014448495691994e+01 0.000000000000000000e+00 0.000000000000000000e+00 -7.246174567612229112e-04 1.852807636128118648e-02 1.787123494146600905e-02 2.305555766164897602e-02
-1.155979231218164614e+03 1.330606537160784455e+03 -2.167238033919470652e+01 0.000000000000000000e+00 0.000000000000000000e+00 2.263640106986031242e-02 1.876172397582838089e-02 1.788488272056358228e-02 2.399506568152928385e-02
-1.348507478327575200e+03 1.580644747329220991e+03 -2.991569946299782856e+01 0.000000000000000000e+00 0.000000000000000000e+00 -2.474778670988087015e-02 1.852807636128118648e-02 1.787123494146600905e-02 2.305537710565773099e-02
-1.530664774164147957e+03 1.327010483215874729e+03 -2.946598483404943636e+01 0.000000000000000000e+00 0.000000000000000000e+00 1.798471111330357530e-02 1.907785186749359069e-02 1.900899456861811221e-02 2.399917099353113259e-02
-1.528602637421526879e+03 2.075209086127564660e+03 -4.493057205466950421e+01 0.000000000000000000e+00 0.000000000000000000e+00 1.472778962327225827e-02 1.799601343526507913e-02 1.674849792495677545e-02 2.211275743603051749e-02
-1.151930115061808692e+03 2.078775226142542579e+03 -3.726133057805379423e+01 0.000000000000000000e+00 0.000000000000000000e+00 -1.039379304179277597e-02 1.663898067897300742e-02 1.534124502196616835e-02 2.112729260800059669e-02
-1.530769002482498536e+03 2.491412371295687535e+03 -5.642759042106429490e+01 0.000000000000000000e+00 0.000000000000000000e+00 3.159505787839123059e-02 1.799601343526507913e-02 1.674849792495677545e-02 2.211296749926904004e-02
-1.154376001158634153e+03 2.499015408524176564e+03 -4.896474532775635424e+01 0.000000000000000000e+00 0.000000000000000000e+00 -2.747619125815248253e-02 1.748328028764488395e-02 1.564401827336477785e-02 2.117075941421439969e-02
-1.344438366401316443e+03 2.325756829223406839e+03 -4.754656818131997653e+01 0.000000000000000000e+00 0.000000000000000000e+00 -3.000088666424005623e-02 1.799601343526507913e-02 1.674849792495677545e-02 2.211277211319243041e-02
-2.019046540812638796e+03 2.321795320687958338e+03 -6.468126655920896440e+01 0.000000000000000000e+00 0.000000000000000000e+00 1.418548927468066267e-02 2.011432049910292022e-02 1.929053576451479970e-02 2.498069495443440771e-02
-2.204064045040938254e+03 2.071319451928705803e+03 -6.404234559247355207e+01 0.000000000000000000e+00 0.000000000000000000e+00 7.414476661556079762e-02 2.043120454875232278e-02 2.041248826637879002e-02 2.498480168333562859e-02
-1.829433000489322012e+03 2.068518931060855721e+03 -5.248894657703696254e+01 0.000000000000000000e+00 0.000000000000000000e+00 6.627666154599154424e-02 1.876172397582838089e-02 1.788488272056358228e-02 2.399578512008304285e-02
-1.828475761634673745e+03 2.486784876140506185e+03 -6.386441105437368293e+01 0.000000000000000000e+00 0.000000000000000000e+00 3.126127405294454320e-02 1.958457177500198473e-02 1.816986559887143193e-02 2.403777089598212180e-02
-2.199732481508781348e+03 2.484254743662705096e+03 -7.504832998392747356e+01 0.000000000000000000e+00 0.000000000000000000e+00 3.846211077974714954e-02 2.117325480857906034e-02 1.959135168174876498e-02 2.596272920383306190e-02
-1.929389389324223316e+02 2.490111317397541370e+03 -3.878388711720861437e+01 0.000000000000000000e+00 0.000000000000000000e+00 9.446486114711660775e-02 1.677573211885415722e-02 1.454792403816735843e-02 1.929337298392485786e-02
-1.939173554774266677e+02 2.072523442214496299e+03 -2.713857197276290378e+01 0.000000000000000000e+00 0.000000000000000000e+00 9.985830793512917580e-02 1.589389117058626066e-02 1.422183479396798254e-02 1.924571915193435540e-02
-7.851808794556741411e+00 2.323608093220293540e+03 -3.361299042127604508e+01 0.000000000000000000e+00 0.000000000000000000e+00 4.924452959755853954e-02 1.677573211885415722e-02 1.454792403816735843e-02 1.929328379108107352e-02
1.806506825740389104e+02 2.073604482001967881e+03 -2.712760517027885498e+01 0.000000000000000000e+00 0.000000000000000000e+00 3.609808433701999775e-02 1.674209000802550154e-02 1.352278887594039920e-02 2.022612760399998197e-02
1.815863819614530144e+02 2.494570054236832220e+03 -3.888638814968511781e+01 0.000000000000000000e+00 0.000000000000000000e+00 6.030173280249329082e-02 1.677573211885415722e-02 1.454792403816735843e-02 1.929337437065155314e-02
-4.877539902388795099e+02 2.492859773964723900e+03 -4.040675452943800394e+01 0.000000000000000000e+00 0.000000000000000000e+00 -2.271820609194463714e-02 1.589389117058626066e-02 1.422183479396798254e-02 1.924594383054958197e-02
-4.897437538289847225e+02 2.073624585168666727e+03 -2.873372350006639664e+01 0.000000000000000000e+00 0.000000000000000000e+00 3.242086204656757786e-02 1.589389117058626066e-02 1.422183479396798254e-02 1.924575769425284841e-02
-6.797912788130666968e+02 2.324653759202848050e+03 -3.720050580568932475e+01 0.000000000000000000e+00 0.000000000000000000e+00 -2.099295160183345388e-02 1.589389117058626066e-02 1.422183479396798254e-02 1.924590670124125963e-02
-8.609607757295201509e+02 2.489826948054840614e+03 -4.417054699872675627e+01 0.000000000000000000e+00 0.000000000000000000e+00 7.235100238922598237e-03 1.726323476716464661e-02 1.563032533938494423e-02 2.023336395042925340e-02
-8.635781686777893356e+02 2.072601784208082336e+03 -3.262121880146763431e+01 0.000000000000000000e+00 0.000000000000000000e+00 1.190489097542979380e-02 1.640761600736460185e-02 1.532728160182521282e-02 2.018789151137535126e-02
-8.604800909165929852e+02 1.743050063582294115e+03 -2.485655507640272432e+01 0.000000000000000000e+00 0.000000000000000000e+00 3.416484208464964922e-04 1.663898067897300742e-02 1.534124502196616835e-02 2.112705085002871894e-02
-4.872788223007211741e+02 1.745488831636311488e+03 -2.099050926274226114e+01 0.000000000000000000e+00 0.000000000000000000e+00 3.286508507591889838e-02 1.612159955558642097e-02 1.423618292959790733e-02 2.018405666694702422e-02
-6.785178229623093102e+02 1.578290342378072182e+03 -1.928816773142688490e+01 0.000000000000000000e+00 0.000000000000000000e+00 -3.864305315133620411e-02 1.663898067897300742e-02 1.534124502196616835e-02 2.112693943735878890e-02
-8.619031684849330759e+02 1.324237729790156209e+03 -1.691955063142848914e+01 0.000000000000000000e+00 0.000000000000000000e+00 -6.296504534766711458e-03 1.717693476674829120e-02 1.646604608972391387e-02 2.207072462186056988e-02
-4.869987311108409926e+02 1.327168429874891444e+03 -1.299595470350509530e+01 0.000000000000000000e+00 0.000000000000000000e+00 -3.615944492869616056e-03 1.794501539431407958e-02 1.567327460535804587e-02 2.304776510034524037e-02
-1.829918178785040027e+03 1.747959170461123222e+03 -4.512491137897556825e+01 0.000000000000000000e+00 0.000000000000000000e+00 2.082169541293410475e-02 1.907785186749359069e-02 1.900899456861811221e-02 2.399956165219030435e-02
-2.020695858585335145e+03 1.577970909038951277e+03 -4.735032820003647913e+01 0.000000000000000000e+00 0.000000000000000000e+00 -1.452389175881307892e-03 2.066054284892813314e-02 2.042541321170470228e-02 2.592395776280716907e-02
-2.201962554274142803e+03 1.742396464004316840e+03 -5.648543072568276102e+01 0.000000000000000000e+00 0.000000000000000000e+00 2.223653526808533343e-02 2.089587427253760538e-02 2.043881724897518917e-02 2.686451954445351689e-02
-1.827996545412222986e+03 1.327450831163762132e+03 -3.722344511258523880e+01 0.000000000000000000e+00 0.000000000000000000e+00 7.652833627991384446e-02 2.012670853738057763e-02 2.018589271209643432e-02 2.682664507862773592e-02
-2.203054600335530722e+03 1.326479345741042835e+03 -4.886503535551988620e+01 0.000000000000000000e+00 0.000000000000000000e+00 1.842039095869552057e-02 2.145942745575157851e-02 2.158540905181185673e-02 2.780920528127292166e-02
-1.536617924503187169e+03 2.824600760172154423e+03 -6.713300678897306284e+01 0.000000000000000000e+00 0.000000000000000000e+00 3.670414889344897347e-02 1.907266940470351418e-02 1.706620175276157836e-02 2.309578096164785141e-02
-1.351871944048614296e+03 3.076628634520731794e+03 -7.194564890218946118e+01 0.000000000000000000e+00 0.000000000000000000e+00 -1.784755587466690940e-02 1.907266940470351418e-02 1.706620175276157836e-02 2.309582928906736554e-02
-1.160016086671058019e+03 3.243631527522929446e+03 -7.457993833389592453e+01 0.000000000000000000e+00 0.000000000000000000e+00 4.421951109740973607e-02 1.907266940470351418e-02 1.706620175276157836e-02 2.309584442658449074e-02
-1.533554814980305309e+03 3.242726649467797415e+03 -8.205077175831644354e+01 0.000000000000000000e+00 0.000000000000000000e+00 2.662690804265821498e-02 2.016869628076556342e-02 1.740435855908820800e-02 2.407966646231424548e-02
-1.159927859087193156e+03 2.825515256368106748e+03 -5.949925738724584789e+01 0.000000000000000000e+00 0.000000000000000000e+00 -6.995612365919612330e-03 1.771063307474715978e-02 1.565833526541115378e-02 2.210928778669233458e-02
-8.662034804634903367e+02 2.823778008127149860e+03 -5.493266520672589337e+01 0.000000000000000000e+00 0.000000000000000000e+00 -2.539088147405266227e-02 1.748328028764488395e-02 1.564401827336477785e-02 2.117082238421881535e-02
-4.929440635297303288e+02 2.823190419286192082e+03 -5.105994279139006409e+01 0.000000000000000000e+00 0.000000000000000000e+00 -1.955935070596837022e-02 1.699162687360452478e-02 1.456195087611354688e-02 2.022979126622655166e-02
-4.915342856311808646e+02 3.243983735232500749e+03 -6.631701895535657343e+01 0.000000000000000000e+00 0.000000000000000000e+00 -8.294190930739375744e-02 1.836350333355221340e-02 1.596904172735824981e-02 2.121827492191587575e-02
-6.836089688197818077e+02 3.075573946273367255e+03 -6.167859891545035822e+01 0.000000000000000000e+00 0.000000000000000000e+00 -1.026038860835356559e-01 1.836350333355221340e-02 1.596904172735824981e-02 2.121820927961694941e-02
-8.626628995352068614e+02 3.243020692632202099e+03 -7.005291188124090240e+01 0.000000000000000000e+00 0.000000000000000000e+00 -5.057073145761137312e-02 1.858008850822188279e-02 1.598306757905866918e-02 2.215471539049096092e-02
-1.968921151661064073e+02 2.824135541228212332e+03 -4.953850642009935967e+01 0.000000000000000000e+00 0.000000000000000000e+00 6.270030670667381401e-02 1.699162687360452478e-02 1.456195087611354688e-02 2.022975228440206108e-02
1.795691887448514308e+02 2.824925881596000181e+03 -4.951577121489999200e+01 0.000000000000000000e+00 0.000000000000000000e+00 3.467403060437845852e-02 1.789604841513428579e-02 1.491058011182268099e-02 2.027921943475586436e-02
-1.076083332959698957e+01 3.074813103859621151e+03 -5.812227606565249971e+01 0.000000000000000000e+00 0.000000000000000000e+00 -6.343149446955465010e-03 1.789604841513428579e-02 1.491058011182268099e-02 2.027935807228495660e-02
-1.947241618667500802e+02 3.240370172394523706e+03 -6.464594431125854612e+01 0.000000000000000000e+00 0.000000000000000000e+00 -4.413630781556321381e-03 1.810840588972260218e-02 1.492493339326625076e-02 2.121470132888010618e-02
1.811078561378146787e+02 3.245653495483249117e+03 -6.481138591762210410e+01 0.000000000000000000e+00 0.000000000000000000e+00 1.214306203338821888e-02 1.903184915913025757e-02 1.529451208066280425e-02 2.126598935602127052e-02
8.519640912753505972e+02 2.824638734980952904e+03 -5.477624274150980455e+01 0.000000000000000000e+00 0.000000000000000000e+00 -7.086181412724101847e-03 1.882990885335818557e-02 1.528050595573289192e-02 2.033301699250305780e-02
6.611124528727918914e+02 3.075789132932452958e+03 -6.145827055620075186e+01 0.000000000000000000e+00 0.000000000000000000e+00 -4.052268823197380243e-02 1.882990885335818557e-02 1.528050595573289192e-02 2.033309951869631538e-02
8.534245013239134323e+02 3.246056511438655889e+03 -7.005080906108970851e+01 0.000000000000000000e+00 0.000000000000000000e+00 1.132643994090187789e-02 1.998129010971887512e-02 1.568387834105504017e-02 2.132141143109958503e-02
4.762085157616400579e+02 3.241431083507683979e+03 -6.610712289850259538e+01 0.000000000000000000e+00 0.000000000000000000e+00 -9.371906362773074761e-03 1.903184915913025757e-02 1.529451208066280425e-02 2.126603018346357246e-02
4.751433288474285632e+02 2.824132449519031070e+03 -5.096092213536755366e+01 0.000000000000000000e+00 0.000000000000000000e+00 7.760948173463333433e-02 1.789604841513428579e-02 1.491058011182268099e-02 2.027926054972352052e-02
-2.022712088332256599e+03 3.066762730704143451e+03 -8.846762006742838480e+01 0.000000000000000000e+00 0.000000000000000000e+00 -3.804872738689368816e-02 2.117325480857906034e-02 1.959135168174876498e-02 2.596294056633162081e-02
-2.202318962378830292e+03 3.229314670329396904e+03 -1.000284897413995964e+02 0.000000000000000000e+00 0.000000000000000000e+00 3.114961174210861827e-02 2.225144763882076424e-02 1.991056871155517244e-02 2.694595476070786935e-02
-1.828946567960078028e+03 3.229839300711155829e+03 -8.893730913136228367e+01 0.000000000000000000e+00 0.000000000000000000e+00 1.001653255950429866e-02 2.066205852176213748e-02 1.848838523215837193e-02 2.502092185251486578e-02
-1.835858544456971003e+03 2.815970070429975749e+03 -7.442345328357023959e+01 0.000000000000000000e+00 0.000000000000000000e+00 1.882464715865239668e-02 1.958457177500198473e-02 1.816986559887143193e-02 2.403797461975027902e-02
-2.210990683647572041e+03 2.818906983179032522e+03 -8.585237821461775809e+01 0.000000000000000000e+00 0.000000000000000000e+00 5.575144362423145594e-02 2.140294956285978406e-02 1.960532596990126677e-02 2.690190400636225526e-02
-2.495013948139459899e+03 2.486145257530993149e+03 -8.546481561132992510e+01 0.000000000000000000e+00 0.000000000000000000e+00 2.182444488559553974e-02 2.170102486433868327e-02 2.071023209742257204e-02 2.690581845824052687e-02
-2.869128972594763582e+03 2.483754419801444328e+03 -1.002653453594901833e+02 0.000000000000000000e+00 0.000000000000000000e+00 4.753425395536226006e-02 2.487546198162397457e-02 2.355052516437164747e-02 3.075552661867466189e-02
-2.686328333715151985e+03 2.318245610792229400e+03 -8.812872444612456491e+01 0.000000000000000000e+00 0.000000000000000000e+00 8.316414597491927907e-02 2.306175659637560091e-02 2.211696830394307284e-02 2.789178813936177975e-02
-2.497539025048773510e+03 2.066538855848951698e+03 -7.433498258147766080e+01 0.000000000000000000e+00 0.000000000000000000e+00 6.300934098520372117e-02 2.224418902270008588e-02 2.184258105000751876e-02 2.784908738519694185e-02
-2.870977347474928138e+03 2.067492202452247056e+03 -8.935142750834357628e+01 0.000000000000000000e+00 0.000000000000000000e+00 8.731198188318955999e-02 2.406250575651757220e-02 2.327384408401110896e-02 3.071404626336661850e-02
-1.907738488684834124e+02 1.742106526610639094e+03 -1.934845401881631233e+01 0.000000000000000000e+00 0.000000000000000000e+00 1.041170259297530265e-01 1.612159955558642097e-02 1.423618292959790733e-02 2.018401744038951159e-02
1.840928170632014371e+02 1.745816654451954946e+03 -1.940911759921337421e+01 0.000000000000000000e+00 0.000000000000000000e+00 8.241511925313815823e-02 1.699162687360452478e-02 1.456195087611354688e-02 2.022927030073321322e-02
-7.207000751875820121e+00 1.575247720026014576e+03 -1.562547967975139862e+01 0.000000000000000000e+00 0.000000000000000000e+00 5.500501985073036337e-02 1.699162687360452478e-02 1.456195087611354688e-02 2.022920588089711924e-02
-1.922882355433627595e+02 1.325482049131277563e+03 -1.139282659345848892e+01 0.000000000000000000e+00 0.000000000000000000e+00 2.540028424599682921e-02 1.771063307474715978e-02 1.565833526541115378e-02 2.210839014246010481e-02
1.822903325224932019e+02 1.325428171808559000e+03 -1.136245085124001264e+01 0.000000000000000000e+00 0.000000000000000000e+00 4.275539447982268371e-02 1.832800584239638667e-02 1.493993950255761809e-02 2.215037377199182561e-02
4.776771501022041093e+02 2.491627327991432594e+03 -4.029484474691850693e+01 0.000000000000000000e+00 0.000000000000000000e+00 7.032680812683622662e-02 1.745166316468472686e-02 1.388281259103999604e-02 1.934182646581604492e-02
8.532384030603210476e+02 2.496733811005002281e+03 -4.427776804007130806e+01 0.000000000000000000e+00 0.000000000000000000e+00 -3.959013022836188611e-05 1.860504397873879653e-02 1.429367929988992203e-02 2.032955897936407352e-02
4.769102957092455881e+02 2.076130111359710099e+03 -2.870148067417232696e+01 0.000000000000000000e+00 0.000000000000000000e+00 5.062801039797548697e-02 1.787446664636370072e-02 1.391290920182933037e-02 2.121103410784584350e-02
6.633334302003876246e+02 2.326722690629555018e+03 -3.708909703043187278e+01 0.000000000000000000e+00 0.000000000000000000e+00 8.152392197352753556e-03 1.765929621762594992e-02 1.389751074602913090e-02 2.027577582271833725e-02
8.523977082033447914e+02 2.076221359603023302e+03 -3.256487046357877091e+01 0.000000000000000000e+00 0.000000000000000000e+00 2.544804661850008642e-02 1.880939861986328371e-02 1.430865141969897732e-02 2.126242402630475550e-02
-2.498030234552912589e+03 1.742928383421319040e+03 -6.706477092844288279e+01 0.000000000000000000e+00 0.000000000000000000e+00 2.685333689599644913e-02 2.247876141344638465e-02 2.185602728408946732e-02 2.878907675780638387e-02
-2.870867484742323995e+03 1.736860154077813604e+03 -8.200846860153136220e+01 0.000000000000000000e+00 0.000000000000000000e+00 8.225837764051391332e-02 2.438258944355950822e-02 2.440149407873726944e-02 3.071788326239709849e-02
-2.498125102174272797e+03 1.325313144998528514e+03 -5.946064711635494149e+01 0.000000000000000000e+00 0.000000000000000000e+00 1.394062807439411245e-02 2.303826172350713006e-02 2.299961870662376243e-02 2.973355913271322898e-02
-2.688239944000215019e+03 1.574293144574917505e+03 -7.121524630579182258e+01 0.000000000000000000e+00 0.000000000000000000e+00 -1.901838769893515746e-02 2.406250575651757220e-02 2.327384408401110896e-02 3.071355701253128401e-02
-2.871394222383714805e+03 1.325802535292814355e+03 -7.466417064222267186e+01 0.000000000000000000e+00 0.000000000000000000e+00 1.895603213898766626e-02 2.461845436423275302e-02 2.441475474102191776e-02 3.165820276274901313e-02
4.788118135585162349e+02 1.743802830291629562e+03 -2.089028996509709657e+01 0.000000000000000000e+00 0.000000000000000000e+00 2.885131498368664893e-02 1.765929621762594992e-02 1.389751074602913090e-02 2.027551791870112197e-02
8.547157317630684474e+02 1.747044497504721221e+03 -2.486558768068336889e+01 0.000000000000000000e+00 0.000000000000000000e+00 1.960394520573771615e-02 1.880939861986328371e-02 1.430865141969897732e-02 2.126231331881821285e-02
8.531272934830468557e+02 1.325519718814412727e+03 -1.682261405095465179e+01 0.000000000000000000e+00 0.000000000000000000e+00 -7.050996091550132405e-03 1.924091257471595429e-02 1.530915593140875532e-02 2.219963286186277945e-02
4.781900611724051373e+02 1.326013377484546709e+03 -1.290994146278745269e+01 0.000000000000000000e+00 0.000000000000000000e+00 4.191019949346141971e-02 1.832800584239638667e-02 1.493993950255761809e-02 2.215041889897405997e-02
6.637231414247050907e+02 1.576646743580218526e+03 -1.910074100667153729e+01 0.000000000000000000e+00 0.000000000000000000e+00 4.462043029923279391e-02 1.809690559692302483e-02 1.392900563590218112e-02 2.214757436922428629e-02
-1.914000346115919342e+02 9.913499888257615567e+02 -6.527545961724901424e+00 0.000000000000000000e+00 0.000000000000000000e+00 5.617035375822698740e-02 1.771063307474715978e-02 1.565833526541115378e-02 2.210830548416523045e-02
1.845489966264849500e+02 9.965046389278184051e+02 -6.571751594916890760e+00 0.000000000000000000e+00 0.000000000000000000e+00 3.861795276542956401e-02 1.832800584239638667e-02 1.493993950255761809e-02 2.215029815000274169e-02
-5.968440612294562797e+00 8.263466771616663209e+02 -4.343040663523715317e+00 0.000000000000000000e+00 0.000000000000000000e+00 1.010285781483144518e-02 1.858008850822188279e-02 1.598306757905866918e-02 2.215350531255572131e-02
1.845053539496202575e+02 5.770302189476459489e+02 -2.394980505022704431e+00 0.000000000000000000e+00 0.000000000000000000e+00 8.831542837157213555e-02 1.948118598859692810e-02 1.632871434708999675e-02 2.220254268943402595e-02
-1.916251276671417259e+02 5.745554819442210146e+02 -2.398205981690989308e+00 0.000000000000000000e+00 0.000000000000000000e+00 1.746736301350759746e-02 1.885231191730267139e-02 1.705248277216603325e-02 2.215702296895899828e-02
-4.830400090984166468e+02 9.964484615785555661e+02 -8.147934106828110146e+00 0.000000000000000000e+00 0.000000000000000000e+00 -2.084444313137900906e-02 1.799601343526507913e-02 1.674849792495677545e-02 2.211191830955533399e-02
-6.742267449401207386e+02 8.257513634797984423e+02 -7.941688637910412574e+00 0.000000000000000000e+00 0.000000000000000000e+00 -5.588682477185802355e-02 1.822672634227229249e-02 1.676246569909165679e-02 2.305111974339345629e-02
-4.841233620593777687e+02 5.750798052154069637e+02 -3.975915555392910861e+00 0.000000000000000000e+00 0.000000000000000000e+00 -2.439254337580809562e-02 1.885231191730267139e-02 1.705248277216603325e-02 2.215707288894937926e-02
-8.582436219109600870e+02 9.907869511092327457e+02 -1.205279814840278263e+01 0.000000000000000000e+00 0.000000000000000000e+00 -1.480467963290621469e-02 1.852807636128118648e-02 1.787123494146600905e-02 2.305494130330875899e-02
-8.599383344140669578e+02 5.756945360289023483e+02 -7.995024767936008026e+00 0.000000000000000000e+00 0.000000000000000000e+00 -3.076291895831229084e-02 1.852807636128118648e-02 1.787123494146600905e-02 2.305485537955960854e-02
-4.810737208530778162e+02 2.461058143533479381e+02 -2.238003584164945270e+00 0.000000000000000000e+00 0.000000000000000000e+00 -1.168993064929457759e-02 1.914381689007332160e-02 1.814353743664312221e-02 2.216089127780710571e-02
-6.730507471606986201e+02 7.479160155589035242e+01 -3.661590149321248155e+00 0.000000000000000000e+00 0.000000000000000000e+00 -6.490993678096312891e-02 2.052076613083194181e-02 1.955242521682051468e-02 2.314920014885585645e-02
-4.815968894028452496e+02 -1.763839895801731359e+02 -2.061194790102220065e+00 0.000000000000000000e+00 0.000000000000000000e+00 -5.227481246684773097e-02 2.140426393570125929e-02 1.985848110734639640e-02 2.319986063412883548e-02
-8.559956002663262780e+02 2.408714708001224665e+02 -6.221949042094799154e+00 0.000000000000000000e+00 0.000000000000000000e+00 -1.953511415925923700e-02 1.966735681395323856e-02 1.926470526292194466e-02 2.310221513979677371e-02
-8.584414136072530255e+02 -1.768499677291285650e+02 -6.106326815748604808e+00 0.000000000000000000e+00 0.000000000000000000e+00 -1.938750744071970900e-02 2.103955193592134745e-02 2.067196726481600189e-02 2.408961631288053171e-02
-1.155611609275978253e+03 9.942423092659229269e+02 -1.681297587376185732e+01 0.000000000000000000e+00 0.000000000000000000e+00 -7.980314631094387323e-03 1.876172397582838089e-02 1.788488272056358228e-02 2.399496862836976094e-02
-1.155822788419366589e+03 5.727759464607675000e+02 -1.270061962522877508e+01 0.000000000000000000e+00 0.000000000000000000e+00 -2.947301940229607453e-02 1.988762421565380342e-02 1.927736653338549266e-02 2.404045359866860757e-02
-1.346238564221679326e+03 8.230242673426371312e+02 -1.863124140014610575e+01 0.000000000000000000e+00 0.000000000000000000e+00 1.933870370307744224e-02 1.931405509145091293e-02 1.902234959539138640e-02 2.493941381433329232e-02
-1.530986756972047488e+03 9.885350554605774960e+02 -2.465412029005908678e+01 0.000000000000000000e+00 0.000000000000000000e+00 4.245124269861122457e-03 1.931405509145091293e-02 1.902234959539138640e-02 2.493957331271406952e-02
-1.531583858135860055e+03 5.736057713985976534e+02 -2.067478415967102734e+01 0.000000000000000000e+00 0.000000000000000000e+00 5.224017978902040227e-02 2.043120454875232278e-02 2.041248826637879002e-02 2.498363684225849563e-02
-4.803843021923796073e+02 -5.061721102195026560e+02 -3.505312123321861595e+00 0.000000000000000000e+00 0.000000000000000000e+00 -3.535092978438525435e-02 2.279227595511190696e-02 2.126846462958580791e-02 2.419050052689405636e-02
-6.718675621784539089e+02 -6.767599026587068920e+02 -6.580934167828781156e+00 0.000000000000000000e+00 0.000000000000000000e+00 -7.601873761201805024e-02 2.309160363044907016e-02 2.235988724042583045e-02 2.419500465868441169e-02
-8.560838141691892815e+02 -5.097020587661234003e+02 -7.556335224310662291e+00 0.000000000000000000e+00 0.000000000000000000e+00 -8.154329091555911901e-02 2.221345836894810313e-02 2.206828358377049826e-02 2.414281179263044405e-02
-8.562842581809410376e+02 -9.269306236159924310e+02 -1.143423605017248867e+01 0.000000000000000000e+00 0.000000000000000000e+00 -5.064353900298357303e-02 2.479809496646949787e-02 2.487511785355596416e-02 2.519128600392243206e-02
-4.820446785143037118e+02 -9.265827455671551434e+02 -7.410631544008090543e+00 0.000000000000000000e+00 0.000000000000000000e+00 -3.858899185423148026e-02 2.448344398313484493e-02 2.376994727382681846e-02 2.518632296061186493e-02
-1.152675431544593948e+03 2.442473720767170562e+02 -1.097304008748466408e+01 0.000000000000000000e+00 0.000000000000000000e+00 -3.267797603052358113e-02 2.020806341823444888e-02 2.040004332361865236e-02 2.404454422644042300e-02
-1.153439106486520586e+03 -1.767002245098176161e+02 -1.084395934917646009e+01 0.000000000000000000e+00 0.000000000000000000e+00 -8.248930791735098467e-02 2.157464606601231655e-02 2.180493315563644327e-02 2.503112356498118918e-02
-1.343089943945058394e+03 7.413721680001064840e+01 -1.441915456932437856e+01 0.000000000000000000e+00 0.000000000000000000e+00 -8.308951348154636207e-02 2.157464606601231655e-02 2.180493315563644327e-02 2.503125452201094073e-02
-1.527449872054075286e+03 2.389071844202870523e+02 -1.891287656618628787e+01 0.000000000000000000e+00 0.000000000000000000e+00 -4.123393898790794765e-02 2.157464606601231655e-02 2.180493315563644327e-02 2.503141499301349618e-02
-1.528717532974143523e+03 -1.780055578696297971e+02 -1.884547443185746829e+01 0.000000000000000000e+00 0.000000000000000000e+00 -4.743098588967598062e-02 2.294668464631150970e-02 2.321064216826584925e-02 2.601891341771110991e-02
-1.823715949968899395e+03 9.942227001780653382e+02 -3.238672320414919881e+01 0.000000000000000000e+00 0.000000000000000000e+00 2.182180310553150093e-02 2.089587427253760538e-02 2.043881724897518917e-02 2.686389829497785528e-02
-1.825633998750787441e+03 5.728430094883977972e+02 -2.841697146860954604e+01 0.000000000000000000e+00 0.000000000000000000e+00 4.628019799244142973e-02 2.122196684158882476e-02 2.157225579863221443e-02 2.686778541442036081e-02
-2.015369941165084583e+03 8.260867418459869214e+02 -3.624853399131760057e+01 0.000000000000000000e+00 0.000000000000000000e+00 3.811331880240942382e-02 2.145942745575157851e-02 2.158540905181185673e-02 2.780886703704902110e-02
-2.197849032660442390e+03 9.926622720396903787e+02 -4.403161586715167886e+01 0.000000000000000000e+00 0.000000000000000000e+00 5.439192221243871472e-02 2.257043076967913189e-02 2.297362355381386834e-02 2.785239361711463676e-02
-2.198660904324447529e+03 5.729982054921375720e+02 -4.011878349196999238e+01 0.000000000000000000e+00 0.000000000000000000e+00 -1.133657367933693649e-02 2.291136900797541634e-02 2.411531617085171594e-02 2.785663476660603377e-02
-1.151801786935408927e+03 -5.057231838892702172e+02 -1.227778391717738415e+01 0.000000000000000000e+00 0.000000000000000000e+00 -9.531978549332009720e-02 2.274041390911410096e-02 2.319926900183391649e-02 2.508261971913662569e-02
-1.153026235232380031e+03 -9.269842330305943960e+02 -1.620348182015027305e+01 0.000000000000000000e+00 0.000000000000000000e+00 -7.058639096894125942e-02 2.531327704971614995e-02 2.600254743792437817e-02 2.612850709797912702e-02
-1.341042137477163578e+03 -6.763912083470315793e+02 -1.734536534057605195e+01 0.000000000000000000e+00 0.000000000000000000e+00 -6.001528753470708466e-02 2.412138566634976916e-02 2.460590217329809704e-02 2.607196466185733238e-02
-1.526830874381312015e+03 -5.091905736239730231e+02 -2.029451211147712186e+01 0.000000000000000000e+00 0.000000000000000000e+00 -7.706608371542600366e-02 2.412138566634976916e-02 2.460590217329809704e-02 2.607210438220253571e-02
-1.527069204794344614e+03 -9.269008245438440099e+02 -2.417968613601889771e+01 0.000000000000000000e+00 0.000000000000000000e+00 -3.943924954217337131e-02 2.584221701338082836e-02 2.714010756943678951e-02 2.706704833716180869e-02
-6.712289616135345796e+02 -1.424729721782820434e+03 -1.673031687808098411e+01 0.000000000000000000e+00 0.000000000000000000e+00 -5.889151636645806320e-02 2.709334998572197548e-02 2.658026885868607428e-02 2.624156470634308319e-02
-8.560713041297383370e+02 -1.258349838018097898e+03 -1.610892762205343942e+01 0.000000000000000000e+00 0.000000000000000000e+00 -3.852849419675408171e-02 2.619224937801822861e-02 2.628449817689293422e-02 2.618341457706353445e-02
-8.574360060828942096e+02 -1.676539052081774571e+03 -2.403764233357853897e+01 0.000000000000000000e+00 0.000000000000000000e+00 -7.044977084000336731e-02 2.881027555025108752e-02 2.909416205976728467e-02 2.724063034796113739e-02
-4.799501671249817605e+02 -1.254806132283586521e+03 -1.202344885245074657e+01 0.000000000000000000e+00 0.000000000000000000e+00 -2.125790245670344802e-02 2.569469685461670677e-02 2.516970121749320319e-02 2.524824376852711008e-02
-4.816219040331925498e+02 -1.676130569257978323e+03 -2.000996700943307616e+01 0.000000000000000000e+00 0.000000000000000000e+00 -3.080685596714971553e-02 2.849328408717122924e-02 2.799094466872181775e-02 2.723517711681244444e-02
-1.822321261598533965e+03 2.424394395133520845e+02 -2.670283575522197239e+01 0.000000000000000000e+00 0.000000000000000000e+00 9.507646960010163184e-03 2.234478003977012281e-02 2.296126554656626254e-02 2.691250081395833715e-02
-1.823265113462899535e+03 -1.766957582876379433e+02 -2.664227741142097727e+01 0.000000000000000000e+00 0.000000000000000000e+00 -2.024939081498899895e-02 2.349119732472803798e-02 2.435246908137236529e-02 2.696067838822132148e-02
-2.012808278370501512e+03 7.252947425229513101e+01 -3.213478341930195370e+01 0.000000000000000000e+00 0.000000000000000000e+00 -3.395392966213250929e-02 2.370593811374016591e-02 2.436412145043644756e-02 2.789861074982857500e-02
-2.197342100198422941e+03 2.382261033711503444e+02 -3.848055441405931276e+01 0.000000000000000000e+00 0.000000000000000000e+00 -2.177955705766976280e-02 2.370593811374016591e-02 2.436412145043644756e-02 2.789885275721570163e-02
-2.197370847567178771e+03 -1.778497031297004014e+02 -3.844060377532417050e+01 0.000000000000000000e+00 0.000000000000000000e+00 -7.269951618516046210e-02 2.541491531904404438e-02 2.690523722585481253e-02 2.889029863353767894e-02
-2.491751725268935843e+03 9.914008433780408041e+02 -5.461817925650272798e+01 0.000000000000000000e+00 0.000000000000000000e+00 7.668914424016293196e-03 2.337237659998553374e-02 2.414008192773730091e-02 2.973752980763676862e-02
-2.494972400028761967e+03 5.723609332076058536e+02 -5.086719466119195943e+01 0.000000000000000000e+00 0.000000000000000000e+00 -1.584813013109709345e-02 2.448879804103546234e-02 2.552721396664202683e-02 2.978135578555314578e-02
-2.685208168429011948e+03 8.262791339820450958e+02 -6.050696113230470274e+01 0.000000000000000000e+00 0.000000000000000000e+00 -1.980414538066099794e-02 2.471645681531614222e-02 2.553950020388085287e-02 3.072146230976718212e-02
-2.864421303661343245e+03 9.907018462360431386e+02 -6.982093433092728674e+01 0.000000000000000000e+00 0.000000000000000000e+00 2.655790496973509107e-02 2.494916561358354740e-02 2.555217028852210456e-02 3.166215942984362819e-02
-2.869285841469327806e+03 5.718559789594467020e+02 -6.623756315061001487e+01 0.000000000000000000e+00 0.000000000000000000e+00 -1.270957374927661476e-02 2.606768007898817990e-02 2.694019382772594104e-02 3.170635387594453874e-02
-1.150709276338803875e+03 -1.249879763663963558e+03 -2.069464424063108510e+01 0.000000000000000000e+00 0.000000000000000000e+00 -2.860810473491781636e-02 2.670378461288359928e-02 2.741035953850624526e-02 2.711991297261228881e-02
-1.344298792985316368e+03 -1.418912160798629429e+03 -2.743869818748526157e+01 0.000000000000000000e+00 0.000000000000000000e+00 -1.051488193954348560e-01 2.809639991052454225e-02 2.881854618859363767e-02 2.811198188643839607e-02
-1.524937533538128037e+03 -1.251116991812266633e+03 -2.867082874966688877e+01 0.000000000000000000e+00 0.000000000000000000e+00 -2.133690627089990244e-02 2.722851450159553821e-02 2.854597618290809213e-02 2.805775806980151041e-02
-1.527983608281716442e+03 -1.671070522961282677e+03 -3.660214231494671111e+01 0.000000000000000000e+00 0.000000000000000000e+00 -5.333025626629961380e-02 2.982692792974683815e-02 3.134958156146607638e-02 2.911003240166054606e-02
-1.154327692508460132e+03 -1.670316958581692688e+03 -2.865583049952201833e+01 0.000000000000000000e+00 0.000000000000000000e+00 -5.213261830114745976e-02 2.949082434992654142e-02 3.022705504086167783e-02 2.910419350504265049e-02
-1.820563064604184319e+03 -5.013954081320747491e+02 -2.802035753223952241e+01 0.000000000000000000e+00 0.000000000000000000e+00 -4.978294466006616403e-02 2.486259232058204635e-02 2.575653292878993597e-02 2.794829195577001532e-02
-1.824371365088765742e+03 -9.221685182522029436e+02 -3.200190427210709743e+01 0.000000000000000000e+00 0.000000000000000000e+00 2.354644417436446702e-02 2.638408742933870746e-02 2.828657605800984423e-02 2.800662930824329364e-02
-2.012855869287119049e+03 -6.683752243515018563e+02 -3.508879064162178452e+01 0.000000000000000000e+00 0.000000000000000000e+00 -3.779258109981498137e-02 2.658215263826508440e-02 2.829696038097185770e-02 2.894180217645726805e-02
-2.193770270485248147e+03 -5.018494973909029113e+02 -3.978342398856451467e+01 0.000000000000000000e+00 0.000000000000000000e+00 -6.628502922061585423e-02 2.576980131633400603e-02 2.805118665390252466e-02 2.889525656251724570e-02
-2.197441899181568260e+03 -9.229683976219957913e+02 -4.378013987122497497e+01 0.000000000000000000e+00 0.000000000000000000e+00 -1.218488709399423442e-02 2.796032875565225909e-02 2.970045761881500920e-02 2.993128918046864331e-02
-2.493506108187543759e+03 2.410079581138779474e+02 -4.926236233047119839e+01 0.000000000000000000e+00 0.000000000000000000e+00 -2.847552453248880511e-02 2.506355704749562568e-02 2.668653762883071642e-02 3.072547754053792796e-02
-2.493835144025259524e+03 -1.807944851789826259e+02 -4.925977106287201934e+01 0.000000000000000000e+00 0.000000000000000000e+00 -8.272731103500774452e-02 2.597939661713162193e-02 2.806201297899155525e-02 2.983309331647974669e-02
-2.684451787897974100e+03 7.063656497399011869e+01 -5.661402378920495693e+01 0.000000000000000000e+00 0.000000000000000000e+00 -1.155475431560901711e-01 2.619410347003683567e-02 2.807318988284724162e-02 3.077158979011587747e-02
-2.870545988792076969e+03 2.348203034721045128e+02 -6.477468453288982175e+01 0.000000000000000000e+00 0.000000000000000000e+00 -4.313614504279428274e-02 2.641379722625331397e-02 2.808471694690902257e-02 3.171081273316371518e-02
-2.868676446953094455e+03 -1.818850417708986811e+02 -6.472599773080669650e+01 0.000000000000000000e+00 0.000000000000000000e+00 -1.931863849709714032e-02 2.777014464440974786e-02 2.948417913027682677e-02 3.269639192445383119e-02
-1.823643491786063578e+03 -1.257714916837808460e+03 -3.667192183886204049e+01 0.000000000000000000e+00 0.000000000000000000e+00 2.648606913098205951e-03 2.796032875565225909e-02 2.970045761881500920e-02 2.993090110005608429e-02
-1.821687171198813530e+03 -1.677163088375245252e+03 -4.446177736595700480e+01 0.000000000000000000e+00 0.000000000000000000e+00 -2.887206788880547492e-02 3.053714165028450708e-02 3.249961002508570257e-02 3.097835274005698164e-02
-2.014197022372098218e+03 -1.425895104033566440e+03 -4.528410810882991910e+01 0.000000000000000000e+00 0.000000000000000000e+00 -4.292100561308132001e-03 2.969440318843096990e-02 3.224430688593465932e-02 3.092628296672856811e-02
-2.196286976794036946e+03 -1.260540514295148796e+03 -4.844158467858891015e+01 0.000000000000000000e+00 0.000000000000000000e+00 2.509297048206349245e-03 2.988837914688133660e-02 3.225434330976117980e-02 3.186078224880613957e-02
-2.193506841723862181e+03 -1.681694002026209319e+03 -5.618379171517432979e+01 0.000000000000000000e+00 0.000000000000000000e+00 5.578001088160533527e-03 3.265063850703267545e-02 3.506069513816623129e-02 3.384090454906991952e-02
-2.490149866135227057e+03 -5.049774924406699483e+02 -5.060308340894523127e+01 0.000000000000000000e+00 0.000000000000000000e+00 -2.209380951716610753e-02 2.734428751400025739e-02 2.946187756037880329e-02 3.082012972234089362e-02
-2.682384841424212027e+03 -6.727594448788843238e+02 -5.955794739263374282e+01 0.000000000000000000e+00 0.000000000000000000e+00 -1.000323186409914911e-01 2.927819613076773977e-02 3.202146261445414088e-02 3.274997058816857959e-02
-2.864008900826324407e+03 -5.057105698480977480e+02 -6.601176674573875403e+01 0.000000000000000000e+00 0.000000000000000000e+00 1.943949555007407071e-02 2.948697398150691013e-02 3.203219068073671905e-02 3.368762376566404593e-02
-2.865677070727256705e+03 -9.248158515918230478e+02 -6.991388600309565504e+01 0.000000000000000000e+00 0.000000000000000000e+00 4.617722908164978435e-03 3.085175658431544773e-02 3.343156757643024612e-02 3.467489792742344673e-02
-2.492519122595345380e+03 -9.254105155601237129e+02 -5.456133749162742674e+01 0.000000000000000000e+00 0.000000000000000000e+00 -2.869774530330460038e-02 2.927819613076773977e-02 3.202146261445414088e-02 3.274971440678522278e-02
1.333252485698403689e+03 1.578446939538488095e+03 -2.955537122511802295e+01 0.000000000000000000e+00 0.000000000000000000e+00 2.152905778993385866e-02 1.997086835282213882e-02 1.473932159322728121e-02 2.224994371134502227e-02
1.148169726978122981e+03 1.744202626230907526e+03 -2.937145187250896683e+01 0.000000000000000000e+00 0.000000000000000000e+00 3.030332568312488206e-02 1.880939861986328371e-02 1.430865141969897732e-02 2.126245648512014100e-02
1.148118690506021494e+03 1.326237383681280107e+03 -2.145887495350319440e+01 0.000000000000000000e+00 0.000000000000000000e+00 -7.145591215486746250e-03 2.018052003147403906e-02 1.569815898007351565e-02 2.225270181288405841e-02
1.523290557951756909e+03 1.749874995084829152e+03 -3.724854568980292413e+01 0.000000000000000000e+00 0.000000000000000000e+00 -1.563519088477249852e-02 2.114326876945717137e-02 1.610551496955331743e-02 2.230983334831201925e-02
1.523623399561422957e+03 1.327102483519369798e+03 -2.930013558485687852e+01 0.000000000000000000e+00 0.000000000000000000e+00 3.326906414338637319e-02 2.133998284561972394e-02 1.612003988845713345e-02 2.324091336100893995e-02
1.336292508998264111e+03 8.300078639479214644e+02 -1.849296292294742727e+01 0.000000000000000000e+00 0.000000000000000000e+00 -1.525419494988966562e-02 2.133998284561972394e-02 1.612003988845713345e-02 2.324065069127570146e-02
1.152005703815533252e+03 9.949586785781440312e+02 -1.675639674546840752e+01 0.000000000000000000e+00 0.000000000000000000e+00 4.540413396168929694e-02 2.018052003147403906e-02 1.569815898007351565e-02 2.225262653404951399e-02
1.152159601481362188e+03 5.799364180474323121e+02 -1.268521542250984524e+01 0.000000000000000000e+00 0.000000000000000000e+00 1.874581769567740253e-02 2.133998284561972394e-02 1.612003988845713345e-02 2.324047716753973453e-02
1.527580001637060377e+03 5.791520363650660101e+02 -2.061773159917901310e+01 0.000000000000000000e+00 0.000000000000000000e+00 3.040993343561027018e-02 2.231418936130187200e-02 1.654401946673362059e-02 2.329883943512002509e-02
1.527519539413970051e+03 1.001340939656429327e+03 -2.472812489825642146e+01 0.000000000000000000e+00 0.000000000000000000e+00 2.154803870770649610e-02 2.231418936130187200e-02 1.654401946673362059e-02 2.329890434756716130e-02
6.658567211404393902e+02 8.277344135147591260e+02 -7.873479494113380994e+00 0.000000000000000000e+00 0.000000000000000000e+00 2.739346106491069577e-02 1.924091257471595429e-02 1.530915593140875532e-02 2.219945196608303500e-02
4.810339555537675551e+02 9.943724702056863407e+02 -8.106635227677504218e+00 0.000000000000000000e+00 0.000000000000000000e+00 6.401231099068382946e-02 1.832800584239638667e-02 1.493993950255761809e-02 2.215034395221308905e-02
8.545350554867230812e+02 5.778000301939308656e+02 -7.936773691331147518e+00 0.000000000000000000e+00 0.000000000000000000e+00 2.014958298127567105e-02 2.040973492123716176e-02 1.669397652629048268e-02 2.225562106933876363e-02
4.797625860105580387e+02 5.784110282436043917e+02 -3.966811274933788933e+00 0.000000000000000000e+00 0.000000000000000000e+00 7.379971698890619436e-02 1.948118598859692810e-02 1.632871434708999675e-02 2.220259564106308661e-02
8.566752124006392251e+02 9.983290437215744078e+02 -1.212548239144936879e+01 0.000000000000000000e+00 0.000000000000000000e+00 1.561977460921859517e-02 1.924091257471595429e-02 1.530915593140875532e-02 2.219955838732172448e-02
1.335553873377136824e+03 7.790238234811965867e+01 -1.426219274793326264e+01 0.000000000000000000e+00 0.000000000000000000e+00 -3.664703723703510718e-02 2.350529451317489443e-02 1.790819946733663431e-02 2.336333494573005279e-02
1.150718981751040701e+03 2.440171074317660782e+02 -1.093655454494301260e+01 0.000000000000000000e+00 0.000000000000000000e+00 3.981106108767917817e-02 2.252169926241092551e-02 1.749174768318866036e-02 2.330156344466237719e-02
1.150125793634805177e+03 -1.741136089065300325e+02 -1.077711599752495708e+01 0.000000000000000000e+00 0.000000000000000000e+00 2.598023753479594689e-02 2.372106333630521341e-02 1.886881892488714157e-02 2.336653959865348656e-02
1.525754918225356050e+03 -1.725494903764020762e+02 -1.876083780196634265e+01 0.000000000000000000e+00 0.000000000000000000e+00 -4.478243529901959619e-02 2.488809363268379080e-02 1.929134954855067641e-02 2.435745826062465230e-02
1.525878911324513638e+03 2.482389523087090026e+02 -1.890230584395346369e+01 0.000000000000000000e+00 0.000000000000000000e+00 7.602355465838428472e-03 2.368990382096973837e-02 1.792181909732253053e-02 2.429150460925145680e-02
8.564545063702069001e+02 2.480111892436485448e+02 -6.250085148790208045e+00 0.000000000000000000e+00 0.000000000000000000e+00 4.173796350995573334e-03 2.136215590880156598e-02 1.707759553717035778e-02 2.231225849391683599e-02
6.656875251393139479e+02 7.558423601320377827e+01 -3.583527729045351773e+00 0.000000000000000000e+00 0.000000000000000000e+00 -1.265531363356542371e-02 2.159934445129895950e-02 1.808239444292276260e-02 2.231567964422675326e-02
8.560835348243028875e+02 -1.753709899330882251e+02 -6.070590176230091117e+00 0.000000000000000000e+00 0.000000000000000000e+00 -1.368251893561822641e-02 2.274680006771049104e-02 1.847403465598673397e-02 2.330473418893979493e-02
4.803227210732648018e+02 2.418448588118425846e+02 -2.219026420772806318e+00 0.000000000000000000e+00 0.000000000000000000e+00 -1.291689352291847115e-03 2.065786182568470422e-02 1.772054095445736374e-02 2.225897055791289589e-02
4.807765142081650538e+02 -1.750689618986997687e+02 -2.051874555682305257e+00 0.000000000000000000e+00 0.000000000000000000e+00 1.076540749580034984e-02 2.185423851840286730e-02 1.911475270070986388e-02 2.231943957514295751e-02
1.153649730807627520e+03 -5.064323771146752051e+02 -1.231644274414257012e+01 0.000000000000000000e+00 0.000000000000000000e+00 1.095281909211642812e-02 2.510962495065626951e-02 2.026220494971407021e-02 2.436061383299925609e-02
1.152128665842588816e+03 -9.227972017645490723e+02 -1.613695327422360037e+01 0.000000000000000000e+00 0.000000000000000000e+00 3.263612469124055337e-02 2.632897358325834644e-02 2.164622644328507636e-02 2.443058997390652048e-02
1.338654949091343951e+03 -6.728095583170799046e+02 -1.726316404339651100e+01 0.000000000000000000e+00 0.000000000000000000e+00 -4.260338166979238395e-04 2.610081808325288508e-02 2.066606577586877977e-02 2.442692489618447302e-02
1.528882735615903130e+03 -5.026222838039088856e+02 -2.030102465934320577e+01 0.000000000000000000e+00 0.000000000000000000e+00 -5.451719635232166183e-04 2.610081808325288508e-02 2.066606577586877977e-02 2.442712832937810399e-02
1.528359421265821993e+03 -9.225081338985045250e+02 -2.415858572921730030e+01 0.000000000000000000e+00 0.000000000000000000e+00 4.244107323593837577e-02 2.749156843619230198e-02 2.205651448260113889e-02 2.542248232151368345e-02
8.580732936423960382e+02 -5.019458419157542721e+02 -7.532875663956972723e+00 0.000000000000000000e+00 0.000000000000000000e+00 -1.522676389964239263e-02 2.395339028819068461e-02 1.986034011894131923e-02 2.337001294272565005e-02
6.687745348085355772e+02 -6.729472311978628341e+02 -6.514390328392407170e+00 0.000000000000000000e+00 0.000000000000000000e+00 2.234278902189945626e-02 2.438113460294556376e-02 2.089004417938621419e-02 2.430144823317412911e-02
8.587015284396737798e+02 -9.233627611100284867e+02 -1.142479327815085810e+01 0.000000000000000000e+00 0.000000000000000000e+00 5.194679987511285901e-02 2.534670413476819428e-02 2.126099230999476883e-02 2.436427729098167294e-02
4.825161423187008722e+02 -5.080003545401181100e+02 -3.533776576154341154e+00 0.000000000000000000e+00 0.000000000000000000e+00 6.077637601382868127e-02 2.324769061964291825e-02 2.052227041708321389e-02 2.331221985897703741e-02
4.820553930943524392e+02 -9.242117398401355786e+02 -7.382343892765410587e+00 0.000000000000000000e+00 0.000000000000000000e+00 3.678823339291525940e-02 2.559889920812612879e-02 2.228395613773918871e-02 2.436814365708502711e-02
1.858785195512430164e+02 2.490767541337443163e+02 -6.734613780256565319e-01 0.000000000000000000e+00 0.000000000000000000e+00 3.809122784941343376e-02 1.974098739111645670e-02 1.737687059533809739e-02 2.220604728192420579e-02
-3.946728973089306702e+00 7.755970825167159433e+01 -3.869072506389555771e-02 0.000000000000000000e+00 0.000000000000000000e+00 3.519781297806826720e-02 2.001955653029314705e-02 1.844875100669356172e-02 2.220987289161627243e-02
1.868022589151102011e+02 -1.725860139807226119e+02 -4.715585522398422769e-01 0.000000000000000000e+00 0.000000000000000000e+00 4.284895911731667617e-02 2.112298201713732129e-02 1.878527155271902255e-02 2.319582349761666051e-02
-1.902400557251366990e+02 2.430111018404296033e+02 -6.675194137156615914e-01 0.000000000000000000e+00 0.000000000000000000e+00 4.482705538781583954e-02 2.001955653029314705e-02 1.844875100669356172e-02 2.220989162443541207e-02
-1.888204807837228714e+02 -1.727014080903094282e+02 -4.779013129857333508e-01 0.000000000000000000e+00 0.000000000000000000e+00 5.520435750889046700e-02 2.140426393570125929e-02 1.985848110734639640e-02 2.319979789437666071e-02
1.891119399258443536e+02 -5.035523584533058283e+02 -1.920728841636327067e+00 0.000000000000000000e+00 0.000000000000000000e+00 1.786267514419703772e-02 2.324769061964291825e-02 2.052227041708321389e-02 2.331214492745956046e-02
-1.818647962894997638e+00 -6.746979641087391428e+02 -2.934779208502808157e+00 0.000000000000000000e+00 0.000000000000000000e+00 1.394924812222564370e-02 2.352240101092912053e-02 2.158028012364334586e-02 2.331642475592705238e-02
1.881771143572477740e+02 -9.244857983053281032e+02 -5.801501793117619599e+00 0.000000000000000000e+00 0.000000000000000000e+00 5.178373273784231401e-04 2.464321315695815195e-02 2.193031812262956695e-02 2.430545035518081459e-02
-1.861298727111368407e+02 -5.088333906586520925e+02 -1.946223661749068023e+00 0.000000000000000000e+00 0.000000000000000000e+00 5.018723775825817413e-02 2.260033562401818352e-02 2.125698934714661051e-02 2.325845006021318162e-02
-1.873914912404192705e+02 -9.252084897792840366e+02 -5.807771034198752069e+00 0.000000000000000000e+00 0.000000000000000000e+00 1.579112095582146935e-02 2.492031841110927542e-02 2.299034194318019114e-02 2.430982196195625999e-02
6.693550825734739647e+02 -1.422385933658965314e+03 -1.666712693571889403e+01 0.000000000000000000e+00 0.000000000000000000e+00 -2.140551542936464102e-02 2.797085769628752591e-02 2.405518048090340977e-02 2.542995930096733637e-02
4.838851172588948657e+02 -1.256805864446124815e+03 -1.208636425910543011e+01 0.000000000000000000e+00 0.000000000000000000e+00 1.239043798380023986e-03 2.699751261375037473e-02 2.369027027497048674e-02 2.536288446550777342e-02
4.838337157448509629e+02 -1.673385079516904625e+03 -1.996775460850903272e+01 0.000000000000000000e+00 0.000000000000000000e+00 1.027796331115737871e-02 2.963387626902161745e-02 2.649426243573719045e-02 2.643028100070405131e-02
8.599573312574364081e+02 -1.670416228996632753e+03 -2.394032130013862414e+01 0.000000000000000000e+00 0.000000000000000000e+00 -2.798586262032287664e-02 2.937107655563453781e-02 2.545947460545727042e-02 2.642595843553907642e-02
8.591099071022395037e+02 -1.249364330622657008e+03 -1.600519089388443206e+01 0.000000000000000000e+00 0.000000000000000000e+00 5.167648233344124264e-02 2.797085769628752591e-02 2.405518048090340977e-02 2.542999366057401706e-02
1.892951099257417127e+02 -1.251461465021257709e+03 -1.040648233652340515e+01 0.000000000000000000e+00 0.000000000000000000e+00 2.154958116451055616e-02 2.631970075301839213e-02 2.440058631957512172e-02 2.530368264580184351e-02
1.879111513659965453e+02 -1.673171133042410702e+03 -1.837178667589103398e+01 0.000000000000000000e+00 0.000000000000000000e+00 3.611317536525859850e-02 2.866914153418986116e-02 2.614631260248106645e-02 2.636254340630385037e-02
-1.441407416358018390e+00 -1.422976785858441872e+03 -1.308468302305597675e+01 0.000000000000000000e+00 0.000000000000000000e+00 -2.772211650834677243e-02 2.754981981559254112e-02 2.580075643842918987e-02 2.537211653235828951e-02
-1.856768053103418765e+02 -1.257403925492515100e+03 -1.049199630404848627e+01 0.000000000000000000e+00 0.000000000000000000e+00 2.186606575066285529e-02 2.631970075301839213e-02 2.440058631957512172e-02 2.530368571073557046e-02
-1.879039872305466474e+02 -1.674439034197245746e+03 -1.839915648799043879e+01 0.000000000000000000e+00 0.000000000000000000e+00 1.319413527215118620e-02 2.801444364789817607e-02 2.688940344872593063e-02 2.630291666392456026e-02
-6.731366166028089992e+02 -2.167221165117104192e+03 -3.389517810423348010e+01 0.000000000000000000e+00 0.000000000000000000e+00 -9.543301463155984266e-02 3.161322142842992039e-02 3.191450055466564517e-02 2.922925713903807773e-02
-8.527930079469648490e+02 -1.998751032330085536e+03 -3.157699560517075099e+01 0.000000000000000000e+00 0.000000000000000000e+00 -8.536096233788725840e-02 3.021127511988764419e-02 3.050426325932577287e-02 2.823492967655816255e-02
-4.799869871048949790e+02 -1.999172384373359591e+03 -2.763843044497086865e+01 0.000000000000000000e+00 0.000000000000000000e+00 -8.498937048135957184e-02 3.082072787494146218e-02 2.971156359445195280e-02 2.829256350444278936e-02
-8.548662813336441104e+02 -2.419736980141063214e+03 -4.346807233294131123e+01 0.000000000000000000e+00 0.000000000000000000e+00 -7.308842676974336428e-02 3.301599387299421207e-02 3.332485666793643525e-02 3.022433581241527889e-02
-4.821056678983181314e+02 -2.419372761214573984e+03 -3.953116256639842874e+01 0.000000000000000000e+00 0.000000000000000000e+00 -2.675633419269018987e-02 3.362985743475778444e-02 3.253391822586051280e-02 3.028340559381447958e-02
2.187512077203725312e+03 2.829784816180560483e+03 -8.544420318995975094e+01 0.000000000000000000e+00 0.000000000000000000e+00 -3.257829538557643900e-02 2.525686853840447554e-02 1.931817550048992721e-02 2.621520037759507080e-02
1.812543256500475763e+03 2.831511296119520921e+03 -7.430470012000932911e+01 0.000000000000000000e+00 0.000000000000000000e+00 -4.491672467253238210e-02 2.271430409592570601e-02 1.750569132046986970e-02 2.423335412186090540e-02
2.190530325785207879e+03 3.252038117418445381e+03 -1.005010808122945889e+02 0.000000000000000000e+00 0.000000000000000000e+00 -6.113077526924826088e-02 2.642817395545879119e-02 1.975522653791070976e-02 2.720514499613876924e-02
1.814355732497352392e+03 3.248115398815996741e+03 -8.923535619205226510e+01 0.000000000000000000e+00 0.000000000000000000e+00 -2.385901962612990701e-02 2.409294110104208408e-02 1.889519062711332922e-02 2.522577421754164037e-02
1.998970443589474598e+03 3.081711194131510638e+03 -8.829681334724547526e+01 0.000000000000000000e+00 0.000000000000000000e+00 -5.446535618004588741e-02 2.525686853840447554e-02 1.931817550048992721e-02 2.621510961755523991e-02
2.489289113665895911e+03 2.494941013035404922e+03 -8.550871535620835573e+01 0.000000000000000000e+00 0.000000000000000000e+00 3.411045466289834849e-01 2.642817395545879119e-02 1.975522653791070976e-02 2.720516515242583228e-02
2.863636022325534668e+03 2.081680771973643914e+03 -8.938101627223966261e+01 0.000000000000000000e+00 0.000000000000000000e+00 2.832644899834235730e-01 2.760591823612313853e-02 2.020543099080733540e-02 2.819577572539367499e-02
2.672372763235103776e+03 2.330597134949412521e+03 -8.790753452949179803e+01 0.000000000000000000e+00 0.000000000000000000e+00 7.236368200971838860e-01 2.742173538557228507e-02 2.019137879967233470e-02 2.726797134598385464e-02
2.487719245285411944e+03 2.079078200550889505e+03 -7.427357512319754562e+01 0.000000000000000000e+00 0.000000000000000000e+00 1.711963530369047248e-01 2.505432962009425391e-02 1.838105506246762166e-02 2.621219580036153463e-02
2.861936282971679248e+03 2.501756894167612245e+03 -1.004804264116439043e+02 0.000000000000000000e+00 0.000000000000000000e+00 7.749050993120221165e-01 2.879947444960016464e-02 2.156331381887262658e-02 2.826257161517028993e-02
2.192070119756775966e+03 2.502586742655826583e+03 -7.533551863409107341e+01 0.000000000000000000e+00 0.000000000000000000e+00 -1.900692828249361810e-02 2.388053255780468384e-02 1.793598364675571405e-02 2.522254400775672187e-02
1.816048062144977621e+03 2.497851853335500437e+03 -6.385081131098337437e+01 0.000000000000000000e+00 0.000000000000000000e+00 -2.797544599044954339e-02 2.291305092648640920e-02 1.752019229994659574e-02 2.516494151120136913e-02
2.000844876231914668e+03 2.331537108658345915e+03 -6.439805394536291772e+01 0.000000000000000000e+00 0.000000000000000000e+00 -4.928356558995972136e-02 2.368990382096973837e-02 1.792181909732253053e-02 2.429264399971763425e-02
2.189274482938492383e+03 2.082149225089370248e+03 -6.381814866478746495e+01 0.000000000000000000e+00 0.000000000000000000e+00 -5.034616914407052946e-02 2.388053255780468384e-02 1.793598364675571405e-02 2.522235521831051042e-02
1.814894998209242431e+03 2.082109442587225658e+03 -5.242390847667488885e+01 0.000000000000000000e+00 0.000000000000000000e+00 -1.800165281184007426e-02 2.231418936130187200e-02 1.654401946673362059e-02 2.329952949466985654e-02
1.147080155380282122e+03 3.246339356138719722e+03 -7.446060546877089337e+01 0.000000000000000000e+00 0.000000000000000000e+00 7.732680084103549234e-03 2.114326876945717137e-02 1.610551496955331743e-02 2.231029720052990495e-02
1.331405340032280264e+03 3.080687506715948075e+03 -7.168195182557757050e+01 0.000000000000000000e+00 0.000000000000000000e+00 -2.074693044515640850e-02 2.114326876945717137e-02 1.610551496955331743e-02 2.231031561376619135e-02
1.521325455878966523e+03 2.830968552114979957e+03 -6.699499687479215027e+01 0.000000000000000000e+00 0.000000000000000000e+00 -5.377878327294638439e-03 2.155687265504407230e-02 1.709129436005722355e-02 2.324470279983797960e-02
1.147289806796485209e+03 2.830996584343264203e+03 -5.946404948219697673e+01 0.000000000000000000e+00 0.000000000000000000e+00 -1.011417227752531289e-02 2.018052003147403906e-02 1.569815898007351565e-02 2.225331674452011091e-02
1.521864353666545185e+03 3.250950626788091085e+03 -8.209869913511897721e+01 0.000000000000000000e+00 0.000000000000000000e+00 -1.529972866745765714e-02 2.252169926241092551e-02 1.749174768318866036e-02 2.330306225697743872e-02
1.525001937101934345e+03 2.497035471918322401e+03 -5.646191843653371478e+01 0.000000000000000000e+00 0.000000000000000000e+00 -1.768423342452507541e-02 2.133998284561972394e-02 1.612003988845713345e-02 2.324134028037500022e-02
1.332825654319900195e+03 2.327691745421163432e+03 -4.736333545142683477e+01 0.000000000000000000e+00 0.000000000000000000e+00 -2.306490937416327824e-02 2.038652599965394205e-02 1.571306045729493200e-02 2.318666104907571648e-02
1.148525340283465084e+03 2.493342380542476803e+03 -4.869116350657270686e+01 0.000000000000000000e+00 0.000000000000000000e+00 5.668903575617889601e-03 2.018052003147403906e-02 1.569815898007351565e-02 2.225314414000930524e-02
1.523152100943312689e+03 2.076059530493129387e+03 -4.482441988826052182e+01 0.000000000000000000e+00 0.000000000000000000e+00 1.124269837125524418e-02 2.114326876945717137e-02 1.610551496955331743e-02 2.230995726916424823e-02
1.146195741219263027e+03 2.076697017043570213e+03 -3.710718264740751238e+01 0.000000000000000000e+00 0.000000000000000000e+00 4.853534941742054798e-02 1.902090720057512258e-02 1.432430315921514631e-02 2.219704096436915519e-02
1.818630982543563277e+03 1.747048520347895874e+03 -4.478933461292961482e+01 0.000000000000000000e+00 0.000000000000000000e+00 -2.444443648215610665e-02 2.250856991787227729e-02 1.655876117681812781e-02 2.422983690257756242e-02
2.193222485252265415e+03 1.328918508550592605e+03 -4.857198983616818566e+01 0.000000000000000000e+00 0.000000000000000000e+00 5.512936243945887327e-03 2.467775578123853134e-02 1.746650224483890096e-02 2.527971216015057268e-02
2.194203014301393068e+03 1.751004677107197722e+03 -5.640538929625058273e+01 0.000000000000000000e+00 0.000000000000000000e+00 -1.110400147824464057e-02 2.368493074572788903e-02 1.701302008698084289e-02 2.521933649731477808e-02
2.004083844119970081e+03 1.580887631650460662e+03 -4.689258862856723198e+01 0.000000000000000000e+00 0.000000000000000000e+00 -2.350890691379703412e-02 2.368493074572788903e-02 1.701302008698084289e-02 2.521903249420105741e-02
1.818445188221691978e+03 1.329262950218405649e+03 -3.698312792334253629e+01 0.000000000000000000e+00 0.000000000000000000e+00 1.095096289760988384e-02 2.349271487573018069e-02 1.699808644702337224e-02 2.428903498079513362e-02
1.155642699260090239e+03 -1.256928153791512159e+03 -2.089918875263744624e+01 0.000000000000000000e+00 0.000000000000000000e+00 1.001017489858924137e-03 2.772425950776991402e-02 2.304419098740984398e-02 2.542608748454131679e-02
1.154496245693000219e+03 -1.672467295018520417e+03 -2.870503980555505663e+01 0.000000000000000000e+00 0.000000000000000000e+00 1.718626228750963492e-03 3.051934417287561693e-02 2.584458065437454308e-02 2.741772129030163249e-02
1.531223752522912037e+03 -1.251567612720278248e+03 -2.883021016539492010e+01 0.000000000000000000e+00 0.000000000000000000e+00 -3.957557636865516315e-02 2.988805987477388681e-02 2.385557799680249752e-02 2.648896109433141605e-02
1.529634272875322040e+03 -1.672820836413557572e+03 -3.667930315029637001e+01 0.000000000000000000e+00 0.000000000000000000e+00 1.338618066610308688e-02 3.151451764077216333e-02 2.623062299272098385e-02 2.748970697620164647e-02
1.338502891834026741e+03 -1.423084433897918871e+03 -2.739144213981467146e+01 0.000000000000000000e+00 0.000000000000000000e+00 -2.001022743671043713e-02 3.011694602860432238e-02 2.483355736228989169e-02 2.649281451033326865e-02
1.819515566016349567e+03 -5.048996025696383185e+02 -2.801327615395184267e+01 0.000000000000000000e+00 0.000000000000000000e+00 1.726440791561856258e-02 2.727314044529874013e-02 2.109542572549211875e-02 2.541916165586588158e-02
1.820704666498108281e+03 -9.233385497677803642e+02 -3.191044588244583480e+01 0.000000000000000000e+00 0.000000000000000000e+00 2.867513565928447861e-02 2.866107452629009650e-02 2.247963385093443983e-02 2.641465173211344705e-02
2.196122002511212486e+03 -9.219343073603923813e+02 -4.372265448827069179e+01 0.000000000000000000e+00 0.000000000000000000e+00 3.036877466889364996e-02 3.085387944967618937e-02 2.334940413527541309e-02 2.747889843159518133e-02
2.197343768534615265e+03 -4.991715607855701364e+02 -3.988850974779947478e+01 0.000000000000000000e+00 0.000000000000000000e+00 1.302071822036054982e-02 2.845162645032266527e-02 2.153743470078639879e-02 2.641172859190219629e-02
2.006259580628210188e+03 -6.701317376751010215e+02 -3.489586652192225813e+01 0.000000000000000000e+00 0.000000000000000000e+00 -5.673785481597803937e-03 2.845162645032266527e-02 2.153743470078639879e-02 2.641138844444351763e-02
1.824853270805253942e+03 -1.254186723683304081e+03 -3.664995368113758190e+01 0.000000000000000000e+00 0.000000000000000000e+00 -3.147384091569449538e-03 3.005121717800083442e-02 2.386705568832594992e-02 2.741039960451528701e-02
2.009229704902292951e+03 -1.419656897173941616e+03 -4.501506358329970681e+01 0.000000000000000000e+00 0.000000000000000000e+00 -4.042756415362447342e-02 3.224009094656318103e-02 2.472456177029278696e-02 2.847497261638529120e-02
2.200586374315636931e+03 -1.249527710214024637e+03 -4.841310717510941686e+01 0.000000000000000000e+00 0.000000000000000000e+00 -7.505011771925751418e-03 3.224009094656318103e-02 2.472456177029278696e-02 2.847532779168322412e-02
2.199314936949563617e+03 -1.669966815456727090e+03 -5.613389342374298252e+01 0.000000000000000000e+00 0.000000000000000000e+00 7.978222378729071806e-02 3.362841817593316407e-02 2.610361456999553409e-02 2.947200790251126162e-02
1.824021353667026460e+03 -1.670219779560805136e+03 -4.438078487553237039e+01 0.000000000000000000e+00 0.000000000000000000e+00 5.350623060019188415e-02 3.245239250432026268e-02 2.566945508649607147e-02 2.847852327832857758e-02
2.490938142852831334e+03 -1.254811319752041982e+03 -5.905362665365187524e+01 0.000000000000000000e+00 0.000000000000000000e+00 -2.336405746688541285e-02 3.342358738980056448e-02 2.517502182549734985e-02 2.946887604704985855e-02
2.493833182781801952e+03 -1.672155039120743140e+03 -6.683119844124462361e+01 0.000000000000000000e+00 0.000000000000000000e+00 -2.804869543527388487e-02 3.583841624410807197e-02 2.699012781383327772e-02 3.054148940835218692e-02
2.677131519280763314e+03 -1.419587383992574814e+03 -6.921087878386964576e+01 0.000000000000000000e+00 0.000000000000000000e+00 -6.798098227037030483e-02 3.480923170025708446e-02 2.654787859441486500e-02 3.046600694537328347e-02
2.868936986615533442e+03 -1.669232793051138287e+03 -8.207867083674818787e+01 0.000000000000000000e+00 0.000000000000000000e+00 -3.403489407503457187e-03 3.722455785571757853e-02 2.836113657844481495e-02 3.153974722889717197e-02
2.866057195789213893e+03 -1.246257600427670013e+03 -7.431035930040818016e+01 0.000000000000000000e+00 0.000000000000000000e+00 -4.595531575716904626e-02 3.564628681748147065e-02 2.609310310604013791e-02 3.053891432056590055e-02
2.200402964597233222e+03 -1.998298642575132817e+03 -6.372381733673235971e+01 0.000000000000000000e+00 0.000000000000000000e+00 -5.834640474478902661e-02 3.625629550061554296e-02 2.886030364533698558e-02 3.054869444264564013e-02
1.824244604007854150e+03 -2.003851198870700273e+03 -5.214555722589802400e+01 0.000000000000000000e+00 0.000000000000000000e+00 2.121167755716868442e-02 3.508508383055807672e-02 2.843646400691856105e-02 2.955483541853661661e-02
2.009525979421075135e+03 -2.169578694621221985e+03 -6.199205578809926465e+01 0.000000000000000000e+00 0.000000000000000000e+00 -9.298537250884919558e-03 3.625629550061554296e-02 2.886030364533698558e-02 3.054835816072924010e-02
2.199642661020650849e+03 -2.418458566080375022e+03 -7.521087461302197141e+01 0.000000000000000000e+00 0.000000000000000000e+00 5.227167975718316484e-03 3.882423680353346007e-02 3.067669720895611907e-02 3.253935501317687523e-02
1.824375072976245974e+03 -2.419435003791384133e+03 -6.367618253335046319e+01 0.000000000000000000e+00 0.000000000000000000e+00 5.009674153405541119e-02 3.787935342827661311e-02 3.122264467000415711e-02 3.154970764742076605e-02
2.490751779624572464e+03 -9.202761945406923587e+02 -5.443281433191773999e+01 0.000000000000000000e+00 0.000000000000000000e+00 1.752723907979003570e-02 3.204021276568461835e-02 2.380670173690585881e-02 2.847239629547766021e-02
2.494764689778021875e+03 -5.037817790408535075e+02 -5.077336524231718329e+01 0.000000000000000000e+00 0.000000000000000000e+00 -9.852494839918790603e-03 2.963554079773459901e-02 2.199133000764587342e-02 2.740450634862277510e-02
2.867298995779309280e+03 -4.985533318142753387e+02 -6.610913754399621212e+01 0.000000000000000000e+00 0.000000000000000000e+00 -5.768414216703376951e-02 3.201724313776124070e-02 2.293193809352521428e-02 2.939035868632287191e-02
2.866632159045600474e+03 -9.190759760019743680e+02 -6.988878958970906297e+01 0.000000000000000000e+00 0.000000000000000000e+00 6.759983101460420585e-03 3.442528237179849626e-02 2.475132281346087426e-02 3.045952084514624153e-02
2.677487750509437319e+03 -6.688116941339717414e+02 -5.932195957786107243e+01 0.000000000000000000e+00 0.000000000000000000e+00 -6.288749738186538707e-02 3.220350917951915470e-02 2.381903921879957586e-02 2.939304458318034094e-02
2.677305941842507309e+03 8.188694622652403154e+01 -5.632587703023772008e+01 0.000000000000000000e+00 0.000000000000000000e+00 -9.630033009756999718e-02 2.961966184790057119e-02 2.111363249603807196e-02 2.832486988067659320e-02
2.491321087560284468e+03 -1.697843185409606122e+02 -4.913517971146139018e+01 0.000000000000000000e+00 0.000000000000000000e+00 -4.420166869439867696e-02 2.944807664145160375e-02 2.110018515286855856e-02 2.740129272070213062e-02
2.492019217521425162e+03 2.473169712111895251e+02 -4.922200367122704279e+01 0.000000000000000000e+00 0.000000000000000000e+00 -1.833899987790488240e-02 2.842883251167059935e-02 2.063996262445530472e-02 2.733267355054622150e-02
2.868263486370142800e+03 2.527428893971270440e+02 -6.472075588824449710e+01 0.000000000000000000e+00 0.000000000000000000e+00 -5.845303591698325363e-02 3.064406665852429171e-02 2.158445529920888575e-02 2.839468787211148204e-02
2.867113610814381445e+03 -1.692106885178192783e+02 -6.462520492834549657e+01 0.000000000000000000e+00 0.000000000000000000e+00 -6.843876914565782954e-02 3.201724313776124070e-02 2.293193809352521428e-02 2.939030612644432175e-02
2.865325778065531722e+03 5.796445903808599951e+02 -6.611603266166815729e+01 0.000000000000000000e+00 0.000000000000000000e+00 -8.862694766850154338e-02 2.961966184790057119e-02 2.111363249603807196e-02 2.832534610059374292e-02
2.865472893265843140e+03 1.000803639125729660e+03 -6.998404650645294112e+01 0.000000000000000000e+00 0.000000000000000000e+00 -6.144029217686863831e-02 2.860653191283047195e-02 2.065370961428798779e-02 2.825897287339431546e-02
2.675968073034758618e+03 8.316052379449602086e+02 -6.018045102632539312e+01 0.000000000000000000e+00 0.000000000000000000e+00 -1.114101239992209003e-01 2.824904498071936776e-02 1.976560997491979416e-02 2.733020815762249311e-02
2.491891400200679527e+03 9.974442801363888975e+02 -5.469491506381408641e+01 0.000000000000000000e+00 0.000000000000000000e+00 -3.806890569495635646e-02 2.705516706843869371e-02 1.928251313251127391e-02 2.633820436510613330e-02
2.490174432570312547e+03 5.803953439444206879e+02 -5.073723069771592975e+01 0.000000000000000000e+00 0.000000000000000000e+00 -3.603991887373325653e-02 2.705516706843869371e-02 1.928251313251127391e-02 2.633814940852005973e-02
2.196942962473712214e+03 -1.720249804570511571e+02 -3.841158828106689072e+01 0.000000000000000000e+00 0.000000000000000000e+00 -5.081733277108924085e-02 2.724283466812959381e-02 2.017781039071714702e-02 2.634058735942584190e-02
2.197371493287019803e+03 2.494520465564941389e+02 -3.851251732130975824e+01 0.000000000000000000e+00 0.000000000000000000e+00 1.757348301147487746e-03 2.705516706843869371e-02 1.928251313251127391e-02 2.633756319205840871e-02
2.006470055263642507e+03 7.867425903965036582e+01 -3.193960234607261484e+01 0.000000000000000000e+00 0.000000000000000000e+00 -9.748511648847468791e-02 2.606232791442945548e-02 1.972798525577859619e-02 2.534902466010069411e-02
1.821198543166462741e+03 -1.732807315983965566e+02 -2.657472310000770221e+01 0.000000000000000000e+00 0.000000000000000000e+00 -3.874033366957974067e-02 2.606232791442945548e-02 1.972798525577859619e-02 2.534874331949579437e-02
1.822514700611072385e+03 2.438271796263409499e+02 -2.671232779301362470e+01 0.000000000000000000e+00 0.000000000000000000e+00 -6.583934335797181348e-03 2.468252882132059706e-02 1.835285939427705459e-02 2.435459835009894103e-02
2.864963428509038749e+03 1.328872623822396690e+03 -7.443372682482633707e+01 0.000000000000000000e+00 0.000000000000000000e+00 -2.205929381965177072e-02 2.860653191283047195e-02 2.065370961428798779e-02 2.825903341276500905e-02
2.865118072211142135e+03 1.751188125178809969e+03 -8.205367232142069156e+01 0.000000000000000000e+00 0.000000000000000000e+00 -7.423796525444004146e-02 2.860653191283047195e-02 2.065370961428798779e-02 2.825914746245302214e-02
2.673018701163677633e+03 1.579634189827538876e+03 -7.069826926105096732e+01 0.000000000000000000e+00 0.000000000000000000e+00 -8.333049980393525402e-02 2.723530054731236952e-02 1.929671107659526597e-02 2.726473889137014800e-02
2.488837277984091997e+03 1.327838317574482062e+03 -5.914736025013399257e+01 0.000000000000000000e+00 0.000000000000000000e+00 -2.757510227284853954e-02 2.604762699680670049e-02 1.882531567963161359e-02 2.627353367006770093e-02
2.488755876618932689e+03 1.745433893712599229e+03 -6.676656243842208482e+01 0.000000000000000000e+00 0.000000000000000000e+00 -8.391537490069822525e-03 2.604762699680670049e-02 1.882531567963161359e-02 2.627364898005607116e-02
2.195500796846480625e+03 5.797359353364231538e+02 -4.005725783861075939e+01 0.000000000000000000e+00 0.000000000000000000e+00 2.244885728953249782e-02 2.586609674197742903e-02 1.881129136433633275e-02 2.534623987818202320e-02
2.196763275728895678e+03 1.001650843866055652e+03 -4.410261624188127882e+01 0.000000000000000000e+00 0.000000000000000000e+00 4.509276740847667497e-03 2.486554888219631720e-02 1.836669152475853967e-02 2.528252743758702820e-02
2.006321072029810011e+03 8.299201774344663818e+02 -3.600414344777875897e+01 0.000000000000000000e+00 0.000000000000000000e+00 -1.830576389978944007e-02 2.486554888219631720e-02 1.836669152475853967e-02 2.528220641722595322e-02
1.820973934115598240e+03 5.802095648916356367e+02 -2.833553685683434864e+01 0.000000000000000000e+00 0.000000000000000000e+00 3.233264487703024770e-02 2.368990382096973837e-02 1.792181909732253053e-02 2.429188173923226696e-02
1.822142264830418526e+03 9.951908465331406433e+02 -3.235381926232316374e+01 0.000000000000000000e+00 0.000000000000000000e+00 3.760522993388804025e-03 2.349271487573018069e-02 1.699808644702337224e-02 2.428896663825308444e-02
-1.338358416629261910e+03 -2.170648571686061587e+03 -4.454101890076481141e+01 0.000000000000000000e+00 0.000000000000000000e+00 -9.933660370920449623e-02 3.261864862457061753e-02 3.416473717323607190e-02 3.109616753082329599e-02
-1.145774909067649787e+03 -2.000578113110471122e+03 -3.625974378327210701e+01 0.000000000000000000e+00 0.000000000000000000e+00 -4.772859067977464065e-02 3.071072813631530243e-02 3.162624015507849162e-02 2.916827988348686534e-02
-1.147240359744851276e+03 -2.421691967852785638e+03 -4.811969373903310299e+01 0.000000000000000000e+00 0.000000000000000000e+00 -2.360759792835409598e-02 3.351069885868378923e-02 3.444472416006146703e-02 3.115655722350132995e-02
-1.519827942275788473e+03 -2.005432088402391400e+03 -4.423201377521527888e+01 0.000000000000000000e+00 0.000000000000000000e+00 -7.958378218149420036e-02 3.261864862457061753e-02 3.416473717323607190e-02 3.109618184382594366e-02
-1.519595865938454835e+03 -2.422741888764631767e+03 -5.589318703721673387e+01 0.000000000000000000e+00 0.000000000000000000e+00 -2.962725927359599609e-02 3.558816577003461046e-02 3.699042133435067464e-02 3.401208696575071244e-02
-1.843289935273496667e+02 -2.006317025585288093e+03 -2.625735259796896770e+01 0.000000000000000000e+00 0.000000000000000000e+00 2.235516601241016588e-02 3.035815174592936677e-02 2.862223025940129062e-02 2.736306168127132857e-02
1.909318585522092917e+02 -2.002602623119441205e+03 -2.618138395644898964e+01 0.000000000000000000e+00 0.000000000000000000e+00 2.944811173555095252e-02 3.131466233784203218e-02 2.895585987962729160e-02 2.743140681026163055e-02
1.882917700270418209e+02 -2.423715573359068912e+03 -3.810957734471699609e+01 0.000000000000000000e+00 0.000000000000000000e+00 9.792902913189038827e-02 3.412714784975680316e-02 3.177614888836272772e-02 2.942457408014948275e-02
-1.496561068803501149e+00 -2.173768957632655201e+03 -3.048069707695914232e+01 0.000000000000000000e+00 0.000000000000000000e+00 -2.658046993808582670e-02 3.176331164481094316e-02 3.003309453875150845e-02 2.835878784032187794e-02
-1.874772030699210177e+02 -2.422971663306610026e+03 -3.808416890250532560e+01 0.000000000000000000e+00 0.000000000000000000e+00 2.071804815616928863e-02 3.362985743475778444e-02 3.253391822586051280e-02 3.028329944150098471e-02
4.860321321619906598e+02 -2.006572302434493167e+03 -2.787528345816736319e+01 0.000000000000000000e+00 0.000000000000000000e+00 6.432414531109387212e-02 3.103754859784166667e-02 2.790226875036583634e-02 2.742657645738367719e-02
8.611253901150145111e+02 -2.000734934335966727e+03 -3.174111739944321897e+01 0.000000000000000000e+00 0.000000000000000000e+00 4.211266076978859019e-02 3.217450895436720776e-02 2.827025819648369687e-02 2.841820357945070222e-02
6.705644196123843130e+02 -2.172367987403234110e+03 -3.401062766925308978e+01 0.000000000000000000e+00 0.000000000000000000e+00 3.076959453591854299e-02 3.244191241009591192e-02 2.931062466831475463e-02 2.842303428396902865e-02
8.601603680257669566e+02 -2.420731817540975953e+03 -4.357001888133598300e+01 0.000000000000000000e+00 0.000000000000000000e+00 4.714769872237667414e-02 3.456397861151584705e-02 3.004308902315514646e-02 2.948745842506472065e-02
4.855564265149881180e+02 -2.423288979229947017e+03 -3.967828902279884318e+01 0.000000000000000000e+00 0.000000000000000000e+00 6.148176724484244460e-02 3.384688163347607248e-02 3.071928210588998481e-02 2.941956636935575548e-02
1.154685903710472076e+03 -2.006159785053684573e+03 -3.656443688507803103e+01 0.000000000000000000e+00 0.000000000000000000e+00 -1.332272035730142079e-02 3.291329007857565769e-02 2.762917030118048484e-02 2.848599202543178679e-02
1.340953597049458040e+03 -2.170871950055741308e+03 -4.460172216920198451e+01 0.000000000000000000e+00 0.000000000000000000e+00 1.300613380941229025e-03 3.431311648754228200e-02 2.902898513731159633e-02 2.948313357815676369e-02
1.531298838094731536e+03 -2.000275929531170732e+03 -4.437540114923196910e+01 0.000000000000000000e+00 0.000000000000000000e+00 1.401140159111946559e-02 3.391911885872630344e-02 2.802251307424376281e-02 2.856146898075748175e-02
1.530200002778669841e+03 -2.419293527209748845e+03 -5.603947692687508919e+01 0.000000000000000000e+00 0.000000000000000000e+00 -1.659570803531806860e-02 3.671770945099711581e-02 3.081648104247788553e-02 3.055632592818006282e-02
1.154653568686012704e+03 -2.421773080885273430e+03 -4.825571792958962902e+01 0.000000000000000000e+00 0.000000000000000000e+00 2.453627702784899611e-03 3.556169753115247245e-02 3.041990898337998406e-02 2.956310501730527798e-02
2.870182632767225641e+03 -1.997530599474012888e+03 -8.950359526796989940e+01 0.000000000000000000e+00 0.000000000000000000e+00 1.735011085906990047e-02 3.979676831395539960e-02 3.018694122854888306e-02 3.353046479811415403e-02
2.680379821884095691e+03 -2.169394717314317404e+03 -8.595737300380164925e+01 0.000000000000000000e+00 0.000000000000000000e+00 4.504623727504508679e-02 3.964680972817543475e-02 3.017588717704862075e-02 3.261573953754164784e-02
2.495587883041236637e+03 -2.003615627980388808e+03 -7.446757083427422685e+01 0.000000000000000000e+00 0.000000000000000000e+00 2.638316746265445545e-02 3.861254710384479094e-02 2.973594784533689986e-02 3.253584010332859905e-02
2.495081886160327031e+03 -2.420572787965807493e+03 -8.577083697566803266e+01 0.000000000000000000e+00 0.000000000000000000e+00 -4.217840577527454116e-02 4.103486102114008854e-02 3.154894020131237403e-02 3.361279418797483154e-02
2.869528043114270531e+03 -2.418778820485917095e+03 -1.007088935942852288e+02 0.000000000000000000e+00 0.000000000000000000e+00 3.417562871302948224e-02 4.346271462160332388e-02 3.336331143838585506e-02 3.469372383616031036e-02
1.828697584849978057e+03 -2.752667843704846746e+03 -7.447524216136348230e+01 0.000000000000000000e+00 0.000000000000000000e+00 8.434787634034535131e-02 4.029522905669087607e-02 3.301968847180224154e-02 3.262652339297537202e-02
2.011748268001893848e+03 -2.917615474196093601e+03 -8.551889986941540656e+01 0.000000000000000000e+00 0.000000000000000000e+00 -4.919852679910263760e-02 4.271747033000757726e-02 3.481970709388231694e-02 3.370663757120306858e-02
1.826964633648216932e+03 -3.170312281203607654e+03 -8.951066050396700291e+01 0.000000000000000000e+00 0.000000000000000000e+00 7.798900212021919742e-02 4.551398966339646746e-02 3.760439636845422373e-02 3.570242632316244363e-02
2.203310978919711943e+03 -2.747733992769764882e+03 -8.574559907491132549e+01 0.000000000000000000e+00 0.000000000000000000e+00 6.906450044093048746e-02 4.146448133768360772e-02 3.343976869372016630e-02 3.362070138197353203e-02
2.200648738949589642e+03 -3.168525485944979209e+03 -1.006341885865477224e+02 0.000000000000000000e+00 0.000000000000000000e+00 1.628564618503958172e-02 4.528465812338874907e-02 3.663191444681117986e-02 3.569882552675241599e-02
1.533178676240716641e+03 -2.748370349095416714e+03 -6.672731322473762816e+01 0.000000000000000000e+00 0.000000000000000000e+00 3.764277903258061997e-03 3.927804420991034412e-02 3.261812769172226650e-02 3.254685713260938723e-02
1.156344414641044068e+03 -2.755388982972810027e+03 -5.914885699697571653e+01 0.000000000000000000e+00 0.000000000000000000e+00 5.624302369841416294e-02 3.836744687103981616e-02 3.322469213967284285e-02 3.155831286133424507e-02
1.342322561383408356e+03 -2.920237000425588576e+03 -6.855423418767212240e+01 0.000000000000000000e+00 0.000000000000000000e+00 2.956068573340076000e-03 3.977125205336618646e-02 3.462821114096677200e-02 3.255639419901252413e-02
1.157263818690016933e+03 -3.172075849105027373e+03 -7.448309817111378095e+01 0.000000000000000000e+00 0.000000000000000000e+00 6.649497949040039657e-02 4.232473042066245417e-02 3.641798353883553968e-02 3.454664842566160243e-02
1.531222353033223044e+03 -3.170815435590056495e+03 -8.206163852229650502e+01 0.000000000000000000e+00 0.000000000000000000e+00 8.108319360758287075e-03 4.232473042066245417e-02 3.641798353883553968e-02 3.454735313365162735e-02
8.633295317339856183e+02 -2.752081761147325778e+03 -5.443918963976090453e+01 0.000000000000000000e+00 0.000000000000000000e+00 9.010398331847824238e-02 3.737121564244839933e-02 3.285284689632551186e-02 3.148186268344446703e-02
4.874298534041180346e+02 -2.755938326624578622e+03 -5.061249951540769842e+01 0.000000000000000000e+00 0.000000000000000000e+00 4.810223570460436804e-02 3.665835784863671204e-02 3.353734955666399370e-02 3.141316911033619624e-02
6.716443633032988600e+02 -2.921661002280729008e+03 -5.818713361045977450e+01 0.000000000000000000e+00 0.000000000000000000e+00 8.273779021582328141e-02 3.806475126045966162e-02 3.494669888295686561e-02 3.241034801136077892e-02
8.611368585957479809e+02 -3.171710089146677092e+03 -6.990230121117130579e+01 0.000000000000000000e+00 0.000000000000000000e+00 1.156716487738265187e-01 4.143837034168924155e-02 3.706206734998563485e-02 3.355893692218205049e-02
4.860833982462214067e+02 -3.171847734864525592e+03 -6.602873471665404281e+01 0.000000000000000000e+00 0.000000000000000000e+00 8.997137903739371723e-02 4.087862324149803966e-02 3.776591096150321708e-02 3.440452795946698922e-02
1.936904894748705033e+02 -2.751613470284916275e+03 -4.889713490233791759e+01 0.000000000000000000e+00 0.000000000000000000e+00 1.330548121998020861e-02 3.569130827412823198e-02 3.319593575698649018e-02 3.134222682351426453e-02
2.028226307603859802e+00 -2.922918118433606651e+03 -5.472756053897248307e+01 0.000000000000000000e+00 0.000000000000000000e+00 -3.966268734210132152e-03 3.723395322086147513e-02 3.566809243907079208e-02 3.142419770145270241e-02
-1.817282525122138281e+02 -2.756029693033147851e+03 -4.901561723632505618e+01 0.000000000000000000e+00 0.000000000000000000e+00 3.632620539001152338e-03 3.628224853304229391e-02 3.534726515217552489e-02 3.135305575246708637e-02
-1.832154289967361365e+02 -3.173094611367384459e+03 -6.451696091687658452e+01 0.000000000000000000e+00 0.000000000000000000e+00 1.505414747509661311e-01 4.020380718383172874e-02 3.849947523034919633e-02 3.433763726953965867e-02
1.926212730403978526e+02 -3.172462143900323554e+03 -6.451926218753936837e+01 0.000000000000000000e+00 0.000000000000000000e+00 1.109144725621717953e-01 3.991071114160639477e-02 3.742726192403322133e-02 3.433212505312281670e-02
-4.772808534024566143e+02 -2.751592025930738146e+03 -5.038498492925604921e+01 0.000000000000000000e+00 0.000000000000000000e+00 7.613042095286459698e-02 3.644117432141946722e-02 3.535642076805575046e-02 3.227510545156479782e-02
-6.733661198577610776e+02 -2.918606656406414913e+03 -5.809343739220612690e+01 0.000000000000000000e+00 0.000000000000000000e+00 1.065273913443576248e-02 3.674988910637125988e-02 3.644741533837893288e-02 3.228120955137380593e-02
-8.509537133006109570e+02 -2.750938956108618186e+03 -5.423449726136136917e+01 0.000000000000000000e+00 0.000000000000000000e+00 9.970543313883695191e-03 3.582362891967604684e-02 3.614586971403193488e-02 3.221477626884809015e-02
-4.834433194561074743e+02 -3.172657422417850739e+03 -6.604091525564167853e+01 0.000000000000000000e+00 0.000000000000000000e+00 1.332911815959363366e-01 3.956336972949198172e-02 3.926984459955640966e-02 3.427362754571339210e-02
-8.574626561227743196e+02 -3.169947387470697777e+03 -6.978486288511324176e+01 0.000000000000000000e+00 0.000000000000000000e+00 1.291913503060442281e-01 4.085688193827193004e-02 4.151202465600953989e-02 3.798246647311711438e-02
-1.147311996009545055e+03 -2.750593592958251975e+03 -5.882246663139230236e+01 0.000000000000000000e+00 0.000000000000000000e+00 3.935591167433472037e-02 3.631427933792878010e-02 3.726393442834174952e-02 3.314597659772690330e-02
-1.150015527878675357e+03 -3.172363638130367235e+03 -7.436687544351919144e+01 0.000000000000000000e+00 0.000000000000000000e+00 -2.009384631607247229e-02 3.945336694040505604e-02 4.119866832513692512e-02 3.514275300295701537e-02
-1.338715620471893317e+03 -2.919039617964217996e+03 -6.843676001919682506e+01 0.000000000000000000e+00 0.000000000000000000e+00 4.771954159703284404e-02 3.821600379853980212e-02 3.979850200313946734e-02 3.507302690285369479e-02
-1.520032889156404735e+03 -2.752668280364661314e+03 -6.656565811571869062e+01 0.000000000000000000e+00 0.000000000000000000e+00 4.242172186343395879e-02 3.732614346505775532e-02 3.952253248754901416e-02 3.501195188434613748e-02
-1.524500612681111079e+03 -3.172126287216231503e+03 -8.195714126873980376e+01 0.000000000000000000e+00 0.000000000000000000e+00 1.136700332172608796e-01 4.377760212121929728e-02 4.630668821554295711e-02 4.177785749466941118e-02
-1.815706086527799243e+03 -2.753436192203338578e+03 -7.414048395154459570e+01 0.000000000000000000e+00 0.000000000000000000e+00 1.844058030401640735e-02 3.802231341037145412e-02 4.067100138420590844e-02 3.687633121139205494e-02
-2.006548081787660294e+03 -2.918962432593154062e+03 -8.540941818192102630e+01 0.000000000000000000e+00 0.000000000000000000e+00 -4.477060352486716965e-02 3.994488506711654091e-02 4.322085174741600172e-02 3.880556588264091888e-02
-1.819496607083105346e+03 -3.173899908809137742e+03 -8.944417373167134144e+01 0.000000000000000000e+00 0.000000000000000000e+00 3.586301544935110996e-02 4.203649344880668742e-02 4.488145346433076305e-02 3.892859108865621282e-02
-2.188035189150654332e+03 -2.752526911909015780e+03 -8.540109185979088124e+01 0.000000000000000000e+00 0.000000000000000000e+00 -3.884217265306233458e-02 3.909439707514639900e-02 4.296686907732030769e-02 3.875042197612128120e-02
-2.191073111430591325e+03 -3.171596388429381477e+03 -1.004394390518262270e+02 0.000000000000000000e+00 0.000000000000000000e+00 -7.313390074116910000e-03 4.380092013953823527e-02 4.832855851643920453e-02 4.266414996259244863e-02
-2.862535074080594768e+03 -1.673212864394074813e+03 -8.188344347061466522e+01 0.000000000000000000e+00 0.000000000000000000e+00 1.056563400581040923e-01 3.412873838728269077e-02 3.852442864795949801e-02 3.572719138511055298e-02
-2.489535834729190810e+03 -1.251104095783783350e+03 -5.894111150505175090e+01 0.000000000000000000e+00 0.000000000000000000e+00 -5.825122263019011370e-04 3.044564883866430344e-02 3.341070859644765245e-02 3.280175789401487685e-02
-2.490520556761596254e+03 -1.671025578589970110e+03 -6.668102398535829423e+01 0.000000000000000000e+00 0.000000000000000000e+00 -5.935729173013726268e-02 3.300826325578035819e-02 3.620306618856360126e-02 3.384701350819100535e-02
-2.680476762668203264e+03 -1.419786445067207296e+03 -6.935141405212669952e+01 0.000000000000000000e+00 0.000000000000000000e+00 -3.617601493425581793e-02 3.238312423844820487e-02 3.597146492774959403e-02 3.473188652042775992e-02
-2.862136727911226899e+03 -1.256371449213859705e+03 -7.429755150363394023e+01 0.000000000000000000e+00 0.000000000000000000e+00 4.544727878567300650e-03 3.258292252025384028e-02 3.598156885038648195e-02 3.566802992165404168e-02
-2.483285318118053965e+03 -2.000396710843609299e+03 -7.392135676650008236e+01 0.000000000000000000e+00 0.000000000000000000e+00 -3.990149435165335490e-02 3.439162991026807614e-02 3.760541305539313872e-02 3.483811358031922017e-02
-2.676926522374267279e+03 -2.169544166421910631e+03 -8.582212427248720132e+01 0.000000000000000000e+00 0.000000000000000000e+00 -3.959350784967341497e-02 3.688089732560845269e-02 4.132184848051860537e-02 3.770701465394327156e-02
-2.486215392068344499e+03 -2.421505415726297997e+03 -8.546594266846693699e+01 0.000000000000000000e+00 0.000000000000000000e+00 -1.411994157621165868e-01 3.965660708824545605e-02 4.299571644166854528e-02 4.154905916843699282e-02
-2.858826122162290176e+03 -2.002944607531107522e+03 -8.914771977428799232e+01 0.000000000000000000e+00 0.000000000000000000e+00 1.741400586081454094e-02 3.707084501283675060e-02 4.133136731111865247e-02 3.864111328133843642e-02
-2.862080883877801170e+03 -2.424982463677808482e+03 -1.005729264512033581e+02 0.000000000000000000e+00 0.000000000000000000e+00 1.282155917823502023e-02 3.982876376069174190e-02 4.413192891265261403e-02 4.062210010995703779e-02
-1.817610909900857223e+03 -2.004560826380141862e+03 -5.197543608821176520e+01 0.000000000000000000e+00 0.000000000000000000e+00 -4.803588354629795276e-02 3.331729694052077556e-02 3.531120857518608297e-02 3.296196288136548497e-02
-2.008635310260693359e+03 -2.172656177638736153e+03 -6.204796049007090630e+01 0.000000000000000000e+00 0.000000000000000000e+00 -6.295246023782397060e-03 3.523882670846227583e-02 3.785996364780552098e-02 3.489116371627395269e-02
-2.189911723530881318e+03 -2.007035997153630433e+03 -6.358785097651484364e+01 0.000000000000000000e+00 0.000000000000000000e+00 -5.859242256592978038e-02 3.439162991026807614e-02 3.760541305539313872e-02 3.483746087541850917e-02
-2.192513444964691189e+03 -2.425251712743197004e+03 -7.517528351243366558e+01 0.000000000000000000e+00 0.000000000000000000e+00 -1.827196907130712589e-02 3.716474283786305732e-02 4.041204824268275486e-02 3.682078896040610894e-02
-1.819148677485020698e+03 -2.425867659814606668e+03 -6.372375401342142709e+01 0.000000000000000000e+00 0.000000000000000000e+00 -2.762555148529344251e-02 3.628345994658215001e-02 3.813406729796509076e-02 3.587766530485468619e-02
