# x y z x_res y_res z_res x_res_err y_res_err z_res_err
2.589683063629647222e+03 -1.610808231321606854e+03 1.346084427724432828e+02 0.000000000000000000e+00 0.000000000000000000e+00 -4.302978631756104733e-04 4.080974659696499918e-03 4.080974659696492979e-03 2.887720562222058709e-03
2.583464494924012342e+03 -1.223263141122177103e+03 1.219427382303989162e+02 0.000000000000000000e+00 0.000000000000000000e+00 -9.843112120506702922e-04 4.080974659696499918e-03 4.080974659696492979e-03 2.887518066651723579e-03
2.768585734969786245e+03 -1.394230291445608373e+03 1.399675352406127615e+02 0.000000000000000000e+00 0.000000000000000000e+00 -2.229325506189638872e-02 4.080974659696499918e-03 4.080974659696492979e-03 2.887838642560707110e-03
2.973705116146766159e+03 -1.604113834053379151e+03 1.626221994552684862e+02 0.000000000000000000e+00 0.000000000000000000e+00 -1.695992204511753698e-02 4.080974659696499918e-03 4.080974659696492979e-03 2.888244380747871480e-03
2.961863627434276168e+03 -1.239206361490859763e+03 1.501188849006922794e+02 0.000000000000000000e+00 0.000000000000000000e+00 1.546638804816780066e-02 4.080974659696499918e-03 4.080974659696492979e-03 2.888043042504956012e-03
2.583159261755348325e+03 -9.200112061349857413e+02 1.147750105215952203e+02 0.000000000000000000e+00 0.000000000000000000e+00 3.561005928673921517e-03 4.080974659696499918e-03 4.080974659696492979e-03 2.887410790387730502e-03
2.581835330082149994e+03 -5.173184806656597630e+02 1.085069326754014867e+02 0.000000000000000000e+00 0.000000000000000000e+00 4.450261250011067204e-02 4.080974659696499918e-03 4.080974659696492979e-03 2.887328968788554356e-03
2.769718997637507982e+03 -6.972973793918664569e+02 1.240920609324217878e+02 0.000000000000000000e+00 0.000000000000000000e+00 2.663955106683602025e-03 4.080974659696499918e-03 4.080974659696492979e-03 2.887605924072218170e-03
2.961234642194393018e+03 -9.078268133986069870e+02 1.422851765290141373e+02 0.000000000000000000e+00 0.000000000000000000e+00 5.155251640559299631e-03 4.080974659696499918e-03 4.080974659696492979e-03 2.887928246368010737e-03
2.961126417960354047e+03 -5.249107588590103433e+02 1.365161535313722823e+02 0.000000000000000000e+00 0.000000000000000000e+00 -4.715210547686865539e-03 4.080974659696499918e-03 4.080974659696492979e-03 2.887859401728113447e-03
2.583818069600763920e+03 -2.070841458240703048e+02 1.064822969260024763e+02 0.000000000000000000e+00 0.000000000000000000e+00 2.060982113972897878e-02 4.080974659696499918e-03 4.080974659696492979e-03 2.887318471561192701e-03
2.576018211366233118e+03 1.956766927154835969e+02 1.065650231727433237e+02 0.000000000000000000e+00 0.000000000000000000e+00 1.469914464728105941e-02 4.080974659696499918e-03 4.080974659696492979e-03 2.887355677445666707e-03
2.763590499151167478e+03 2.785736999061676400e+01 1.192021908517258169e+02 0.000000000000000000e+00 0.000000000000000000e+00 -3.303092195827161959e-02 4.080974659696499918e-03 4.080974659696492979e-03 2.887585480415010095e-03
2.957271015744101987e+03 -2.057058631546180720e+02 1.340787576059521484e+02 0.000000000000000000e+00 0.000000000000000000e+00 -2.092069534489837679e-02 4.080974659696499918e-03 4.080974659696492979e-03 2.887848247255844422e-03
2.968687295233130953e+03 1.948268777692385640e+02 1.357972699298026953e+02 0.000000000000000000e+00 0.000000000000000000e+00 -1.120440536695355149e-02 4.080974659696499918e-03 4.080974659696492979e-03 2.887927638512886429e-03
2.579931431014802911e+03 5.232442248697740297e+02 1.102414283954384615e+02 0.000000000000000000e+00 0.000000000000000000e+00 3.336640318995875987e-02 4.080974659696499918e-03 4.080974659696492979e-03 2.887454929773314999e-03
2.573240853921424787e+03 9.034511315596871555e+02 1.170706433736290251e+02 0.000000000000000000e+00 0.000000000000000000e+00 3.060985991052689315e-02 4.080974659696499918e-03 4.080974659696492979e-03 2.887619195133720503e-03
2.955487405832454897e+03 5.274910246024492153e+02 1.384051835345656514e+02 0.000000000000000000e+00 0.000000000000000000e+00 4.195072322465875914e-02 4.080974659696499918e-03 4.080974659696492979e-03 2.888016922783796618e-03
2.956785305870624143e+03 8.865059517742720345e+02 1.455805625763339322e+02 0.000000000000000000e+00 0.000000000000000000e+00 2.183677998846178525e-02 4.080974659696499918e-03 4.080974659696492979e-03 2.888200077679809689e-03
2.581534883629128672e+03 1.222511705938437672e+03 1.266140671583255966e+02 0.000000000000000000e+00 0.000000000000000000e+00 8.384908364661214364e-03 4.080974659696499918e-03 4.080974659696492979e-03 2.887832729977347999e-03
2.580327938065665421e+03 1.632805271722745601e+03 1.419715401674222619e+02 0.000000000000000000e+00 0.000000000000000000e+00 -3.481101911958717210e-02 4.080974659696499918e-03 4.080974659696492979e-03 2.888168937364732260e-03
2.759515156847641265e+03 1.456649277257112317e+03 1.480066916898014142e+02 0.000000000000000000e+00 0.000000000000000000e+00 -3.604254260596917447e-02 4.080974659696499918e-03 4.080974659696492979e-03 2.888293233243043479e-03
2.955319115847609282e+03 1.232993109024085243e+03 1.554255289909757209e+02 0.000000000000000000e+00 0.000000000000000000e+00 -1.239441332720048194e-02 4.080974659696499918e-03 4.080974659696492979e-03 2.888435927450585475e-03
2.954849053766587531e+03 1.606962939394287332e+03 1.696958429352039275e+02 0.000000000000000000e+00 0.000000000000000000e+00 -2.704245555372608578e-02 4.080974659696499918e-03 4.080974659696492979e-03 2.888765583658817193e-03
1.878830067128799783e+03 1.949183524781017013e+03 1.135065061450939936e+02 0.000000000000000000e+00 0.000000000000000000e+00 -2.442980638006986283e-02 4.080974659696499918e-03 4.080974659696492979e-03 2.887539799164170334e-03
1.876409238075262692e+03 2.319546874390149696e+03 1.339202453246836910e+02 0.000000000000000000e+00 0.000000000000000000e+00 2.054318556278644792e-02 4.080974659696499918e-03 4.080974659696492979e-03 2.887947096156537677e-03
2.067567046474070594e+03 2.174994659141138072e+03 1.359508529885461598e+02 0.000000000000000000e+00 0.000000000000000000e+00 1.490141604563177680e-03 4.080974659696499918e-03 4.080974659696492979e-03 2.888011572013683172e-03
2.318339975859566039e+03 1.952145501997887095e+03 1.392202310097172813e+02 0.000000000000000000e+00 0.000000000000000000e+00 1.971732456695463043e-02 4.080974659696499918e-03 4.080974659696492979e-03 2.888102248003805023e-03
2.252887794610427136e+03 2.326918391315603003e+03 1.561796859117536087e+02 0.000000000000000000e+00 0.000000000000000000e+00 3.262325556448786301e-02 4.080974659696499918e-03 4.080974659696492979e-03 2.888448913656873739e-03
1.878719647320382364e+03 1.228356379973467710e+03 8.420766016797225006e+01 0.000000000000000000e+00 0.000000000000000000e+00 -4.012606153239062223e-03 4.080974659696499918e-03 4.080974659696492979e-03 2.886955671101735458e-03
1.879393345950443745e+03 1.608276176074467912e+03 9.795836569683299899e+01 0.000000000000000000e+00 0.000000000000000000e+00 3.918473637634178885e-02 4.080974659696499918e-03 4.080974659696492979e-03 2.887230254320880506e-03
2.060983568658142303e+03 1.457400935785615729e+03 1.017920566636439332e+02 0.000000000000000000e+00 0.000000000000000000e+00 5.355657925591117419e-03 4.080974659696499918e-03 4.080974659696492979e-03 2.887316688342431679e-03
2.267192354435967445e+03 1.231881734959237747e+03 1.061255840064868039e+02 0.000000000000000000e+00 0.000000000000000000e+00 -2.638989629514298940e-02 4.080974659696499918e-03 4.080974659696492979e-03 2.887407723492958506e-03
2.268631966695664232e+03 1.603493705169585610e+03 1.198730748478666328e+02 0.000000000000000000e+00 0.000000000000000000e+00 1.045955678449672632e-03 4.080974659696499918e-03 4.080974659696492979e-03 2.887696155645836423e-03
1.927268381280455742e+03 5.066826199644786470e+02 7.075974114680676053e+01 0.000000000000000000e+00 0.000000000000000000e+00 -6.256443083486828982e-03 4.080974659696499918e-03 4.080974659696492979e-03 2.886676985234140277e-03
1.915299767015357247e+03 8.867804536042921200e+02 7.691218205346828540e+01 0.000000000000000000e+00 0.000000000000000000e+00 1.112758337360730820e-02 4.080974659696499918e-03 4.080974659696492979e-03 2.886807784156125798e-03
2.076058777766821095e+03 7.592297945048201200e+02 8.280556193201567794e+01 0.000000000000000000e+00 0.000000000000000000e+00 3.140064089470229192e-02 4.080974659696499918e-03 4.080974659696492979e-03 2.886922735237524608e-03
2.269185198619684343e+03 5.072793920939537884e+02 8.983690487193780427e+01 0.000000000000000000e+00 0.000000000000000000e+00 4.957592989973136355e-02 4.080974659696499918e-03 4.080974659696492979e-03 2.887050825595157723e-03
2.270579983830740275e+03 9.133762964832925491e+02 9.748533284794207532e+01 0.000000000000000000e+00 0.000000000000000000e+00 1.118004293365970625e-02 4.080974659696499918e-03 4.080974659696492979e-03 2.887222545069263215e-03
1.897012094361701429e+03 -1.819596249086264663e+02 6.591324063793075538e+01 0.000000000000000000e+00 0.000000000000000000e+00 6.450384064947911611e-03 4.080974659696499918e-03 4.080974659696492979e-03 2.886552891989300259e-03
1.884945578729566023e+03 1.918386075212167157e+02 6.570884638809367573e+01 0.000000000000000000e+00 0.000000000000000000e+00 4.644701527999473001e-02 4.080974659696499918e-03 4.080974659696492979e-03 2.886567192049480091e-03
2.068864414297170242e+03 4.952901238841599252e+01 7.471501863124066745e+01 0.000000000000000000e+00 0.000000000000000000e+00 3.199068422202344664e-02 4.080974659696499918e-03 4.080974659696492979e-03 2.886731978340907005e-03
1.914466095213351764e+03 -8.585167161508404661e+02 7.433206026228492647e+01 0.000000000000000000e+00 0.000000000000000000e+00 7.688952467717058425e-03 4.080974659696499918e-03 4.080974659696492979e-03 2.886668683763509574e-03
1.891192572351229956e+03 -5.177644308073420234e+02 6.806040720430115698e+01 0.000000000000000000e+00 0.000000000000000000e+00 -2.900477722231187272e-02 4.080974659696499918e-03 4.080974659696492979e-03 2.886574078250026508e-03
2.079452354628042031e+03 -6.599627967523302914e+02 7.958288889860189386e+01 0.000000000000000000e+00 0.000000000000000000e+00 -5.283186387146088236e-03 4.080974659696499918e-03 4.080974659696492979e-03 2.886778046951456612e-03
2.269499873006395774e+03 -8.783303033633518453e+02 9.401107545448121527e+01 0.000000000000000000e+00 0.000000000000000000e+00 -4.129460879181579003e-02 4.080974659696499918e-03 4.080974659696492979e-03 2.887028952990164030e-03
2.278897466357305802e+03 -5.123016611189005971e+02 8.908362795631111908e+01 0.000000000000000000e+00 0.000000000000000000e+00 -6.870513369435116147e-03 4.080974659696499918e-03 4.080974659696492979e-03 2.886964980450357730e-03
1.950827939190217194e+03 -1.598562580433957237e+03 9.637793749672005106e+01 0.000000000000000000e+00 0.000000000000000000e+00 -2.274830352465073702e-02 4.080974659696499918e-03 4.080974659696492979e-03 2.887020136871511211e-03
1.927094104750096221e+03 -1.239933568114365244e+03 8.383281656709472429e+01 0.000000000000000000e+00 0.000000000000000000e+00 4.244684297574963239e-02 4.080974659696499918e-03 4.080974659696492979e-03 2.886817124185512857e-03
2.074409803952151833e+03 -1.366267603903554573e+03 9.512223686599210737e+01 0.000000000000000000e+00 0.000000000000000000e+00 5.597543739725097112e-02 4.080974659696499918e-03 4.080974659696492979e-03 2.887013799977188131e-03
2.266649921729766902e+03 -1.582415192251683038e+03 1.130736423741365400e+02 0.000000000000000000e+00 0.000000000000000000e+00 1.909944109171135551e-02 4.080974659696499918e-03 4.080974659696492979e-03 2.887325837187478244e-03
2.264570619530389649e+03 -1.205446094752162935e+03 1.012386061561491033e+02 0.000000000000000000e+00 0.000000000000000000e+00 2.008226835857840342e-02 4.080974659696499918e-03 4.080974659696492979e-03 2.887137395940798067e-03
1.888220521535126636e+03 -2.300155608882438628e+03 1.239722595183145870e+02 0.000000000000000000e+00 0.000000000000000000e+00 -8.222526217309678032e-04 4.080974659696499918e-03 4.080974659696492979e-03 2.887467507109099836e-03
1.881379732102872822e+03 -1.927488024096276376e+03 1.059303755652392312e+02 0.000000000000000000e+00 0.000000000000000000e+00 -1.319578141495014734e-02 4.080974659696499918e-03 4.080974659696492979e-03 2.887169236647371597e-03
2.078442730560873770e+03 -2.086343198748367286e+03 1.231960436934901963e+02 0.000000000000000000e+00 0.000000000000000000e+00 1.678395750022332322e-02 4.080974659696499918e-03 4.080974659696492979e-03 2.887471641287348272e-03
2.274884872772134258e+03 -2.296219085108361924e+03 1.447221735078317693e+02 0.000000000000000000e+00 0.000000000000000000e+00 -1.038569712710568638e-02 4.080974659696499918e-03 4.080974659696492979e-03 2.887850651190188109e-03
2.276209264669560071e+03 -1.924575549462970002e+03 1.271011241025573923e+02 0.000000000000000000e+00 0.000000000000000000e+00 -6.503850133128707967e-03 4.080974659696499918e-03 4.080974659696492979e-03 2.887556537162165333e-03
1.209197072543412332e+03 2.680828706119578783e+03 1.286619516039421285e+02 0.000000000000000000e+00 0.000000000000000000e+00 -2.200089440933084006e-02 4.080974659696499918e-03 4.080974659696494714e-03 2.887751445557928693e-03
1.202309084631035375e+03 3.012285546930843338e+03 1.532315612565103891e+02 0.000000000000000000e+00 0.000000000000000000e+00 -1.266331336003645447e-02 4.080974659696499918e-03 4.080974659696494714e-03 2.888226164330650898e-03
1.374540239989393967e+03 2.901450532295501944e+03 1.508683975861683564e+02 0.000000000000000000e+00 0.000000000000000000e+00 -5.176180282697373514e-02 4.080974659696499918e-03 4.080974659696494714e-03 2.888206512290808232e-03
1.563660757974685339e+03 2.648218269243812756e+03 1.402125482700435555e+02 0.000000000000000000e+00 0.000000000000000000e+00 -6.895820973795707687e-03 4.080974659696499918e-03 4.080974659696494714e-03 2.888026804637596704e-03
1.583831074836834887e+03 2.349868407441937507e+03 1.216344793620711613e+02 0.000000000000000000e+00 0.000000000000000000e+00 -1.336656332625807408e-02 4.080974659696499918e-03 4.080974659696494714e-03 2.887665422269219354e-03
1.589495119415379577e+03 1.968826209135429508e+03 1.006729156713775524e+02 0.000000000000000000e+00 0.000000000000000000e+00 -9.390569873914955679e-03 4.080974659696499918e-03 4.080974659696494714e-03 2.887258089707394476e-03
1.386306734492769465e+03 2.139263769229122772e+03 1.013094501972809951e+02 0.000000000000000000e+00 0.000000000000000000e+00 1.477370087407336996e-02 4.080974659696499918e-03 4.080974659696494714e-03 2.887248345335990084e-03
1.199113835737608497e+03 2.303111295015840369e+03 1.039539473628476003e+02 0.000000000000000000e+00 0.000000000000000000e+00 -2.478375267656929282e-02 4.080974659696499918e-03 4.080974659696494714e-03 2.887277841545982365e-03
1.208560962139957837e+03 1.650846547424977643e+03 7.155933976402876340e+01 0.000000000000000000e+00 0.000000000000000000e+00 -3.426194892061573682e-02 4.080974659696499918e-03 4.080974659696494714e-03 2.886668877858003957e-03
1.215472294512355120e+03 1.251311977542929981e+03 5.736700484540786249e+01 0.000000000000000000e+00 0.000000000000000000e+00 -1.945648597116900191e-02 4.080974659696499918e-03 4.080974659696494714e-03 2.886405184756266583e-03
1.366794271675201344e+03 1.462514992214035146e+03 6.973244910568224952e+01 0.000000000000000000e+00 0.000000000000000000e+00 3.368500514100958299e-02 4.080974659696499918e-03 4.080974659696494714e-03 2.886646601404240300e-03
1.573837167572180533e+03 1.617376725393756942e+03 8.396527279803952126e+01 0.000000000000000000e+00 0.000000000000000000e+00 1.963453054258934571e-04 4.080974659696499918e-03 4.080974659696494714e-03 2.886933659591214060e-03
1.578003720562723174e+03 1.255053858527892771e+03 7.105214613116868350e+01 0.000000000000000000e+00 0.000000000000000000e+00 3.971168822630488648e-02 4.080974659696499918e-03 4.080974659696494714e-03 2.886684928495784636e-03
1.610848589909854809e+03 9.409918318411520204e+02 6.383680810461633826e+01 0.000000000000000000e+00 0.000000000000000000e+00 -4.982344655648773823e-02 4.080974659696499918e-03 4.080974659696494714e-03 2.886545970484925405e-03
1.411333043495265883e+03 7.904294591928402269e+02 5.260102248829159066e+01 0.000000000000000000e+00 0.000000000000000000e+00 -2.661250347831867202e-02 4.080974659696499918e-03 4.080974659696494714e-03 2.886324149285823728e-03
1.225591951145299390e+03 9.363872690454709300e+02 4.921938246161989383e+01 0.000000000000000000e+00 0.000000000000000000e+00 2.524024816811021310e-02 4.080974659696499918e-03 4.080974659696494714e-03 2.886254252543282717e-03
1.237399310667152804e+03 5.640677204996035243e+02 4.276702791388652258e+01 0.000000000000000000e+00 0.000000000000000000e+00 4.058907007075873707e-02 4.080974659696499918e-03 4.080974659696494714e-03 2.886133441306287448e-03
1.571599034995483635e+03 5.373515668877515736e+02 5.473654565620238088e+01 0.000000000000000000e+00 0.000000000000000000e+00 -4.763887532152466520e-02 4.080974659696499918e-03 4.080974659696494714e-03 2.886365588149380438e-03
1.604380529208488497e+03 2.350246554382150919e+02 5.312845709881512590e+01 0.000000000000000000e+00 0.000000000000000000e+00 2.251289895902175431e-03 4.080974659696499918e-03 4.080974659696494714e-03 2.886328461756885837e-03
1.416387575835565031e+03 7.550776593728429020e+01 4.504481693860094538e+01 0.000000000000000000e+00 0.000000000000000000e+00 3.691542422778582022e-03 4.080974659696499918e-03 4.080974659696494714e-03 2.886171107824694361e-03
1.240689255066017495e+03 1.900461430392717261e+02 3.938842092123405081e+01 0.000000000000000000e+00 0.000000000000000000e+00 -2.579204305433790978e-03 4.080974659696499918e-03 4.080974659696494714e-03 2.886066663772370033e-03
1.236840547045161884e+03 -1.521170272900054101e+02 3.897163458479897713e+01 0.000000000000000000e+00 0.000000000000000000e+00 4.362230713080350597e-02 4.080974659696499918e-03 4.080974659696494714e-03 2.886051793142661512e-03
1.575647251836018086e+03 -1.930429106952733775e+02 5.143893828800068491e+01 0.000000000000000000e+00 0.000000000000000000e+00 1.826572484368682581e-03 4.080974659696499918e-03 4.080974659696494714e-03 2.886281996222820039e-03
1.595375901874728925e+03 -4.754152655301688242e+02 5.425420073173144431e+01 0.000000000000000000e+00 0.000000000000000000e+00 -9.383964206570283295e-03 4.080974659696499918e-03 4.080974659696494714e-03 2.886321865609738687e-03
1.418357377581083256e+03 -6.191953585560690954e+02 4.911402537593455975e+01 0.000000000000000000e+00 0.000000000000000000e+00 2.394251295360305676e-02 4.080974659696499918e-03 4.080974659696494714e-03 2.886221367831475360e-03
1.230550728278145016e+03 -5.051023728300893367e+02 4.130616730251827562e+01 0.000000000000000000e+00 0.000000000000000000e+00 3.236123068263196956e-02 4.080974659696499918e-03 4.080974659696494714e-03 2.886083634643051878e-03
1.230384627020078369e+03 -8.794122242910808609e+02 4.708067897907490362e+01 0.000000000000000000e+00 0.000000000000000000e+00 -8.645938647234174823e-03 4.080974659696499918e-03 4.080974659696494714e-03 2.886173179410709937e-03
1.585031151379064795e+03 -8.949034852638628763e+02 6.017564130268198852e+01 0.000000000000000000e+00 0.000000000000000000e+00 2.468996088688868440e-02 4.080974659696499918e-03 4.080974659696494714e-03 2.886408885225733890e-03
1.616885693423484554e+03 -1.185107029271920737e+03 6.820383590130555262e+01 0.000000000000000000e+00 0.000000000000000000e+00 -3.995278587039763352e-02 4.080974659696499918e-03 4.080974659696494714e-03 2.886537751195906911e-03
1.267176694325373546e+03 -1.203309795033895170e+03 5.579134151836166211e+01 0.000000000000000000e+00 0.000000000000000000e+00 5.093672077364885808e-03 4.080974659696499918e-03 4.080974659696494714e-03 2.886313882380911987e-03
1.430353495359860517e+03 -1.347271311405044798e+03 6.550933254953784513e+01 0.000000000000000000e+00 0.000000000000000000e+00 -2.343589848456417712e-02 4.080974659696499918e-03 4.080974659696494714e-03 2.886479940536878369e-03
1.231546240749933077e+03 -1.580903667142075619e+03 6.640199467125776778e+01 0.000000000000000000e+00 0.000000000000000000e+00 -1.805085960100427656e-03 4.080974659696499918e-03 4.080974659696494714e-03 2.886482134783808357e-03
1.571074090937388746e+03 -1.601670791137969900e+03 7.928978172960646020e+01 0.000000000000000000e+00 0.000000000000000000e+00 1.813361894517129258e-02 4.080974659696499918e-03 4.080974659696494714e-03 2.886711410360440211e-03
1.621819391716342807e+03 -1.902723974421405046e+03 9.316517293177420811e+01 0.000000000000000000e+00 0.000000000000000000e+00 -2.169198963504470612e-02 4.080974659696499918e-03 4.080974659696494714e-03 2.886940067371948464e-03
1.427082215173560144e+03 -2.047374941128844966e+03 9.195366274839329890e+01 0.000000000000000000e+00 0.000000000000000000e+00 -4.580074834420599927e-02 4.080974659696499918e-03 4.080974659696494714e-03 2.886907272271690191e-03
1.247575618374955184e+03 -1.923885884981119034e+03 8.033752398846590381e+01 0.000000000000000000e+00 0.000000000000000000e+00 -5.594540347050269702e-02 4.080974659696499918e-03 4.080974659696494714e-03 2.886708198726658809e-03
1.258769926905974216e+03 -2.302720700447045601e+03 9.860972288652094164e+01 0.000000000000000000e+00 0.000000000000000000e+00 -1.196131292847724126e-02 4.080974659696499918e-03 4.080974659696494714e-03 2.887005923090180896e-03
1.574388502105781072e+03 -2.317342392069012476e+03 1.108374732217092173e+02 0.000000000000000000e+00 0.000000000000000000e+00 6.879590415309166929e-03 4.080974659696499918e-03 4.080974659696494714e-03 2.887226116132834367e-03
1.614107583867848462e+03 -2.608710034088954217e+03 1.286265477633168359e+02 0.000000000000000000e+00 0.000000000000000000e+00 2.254863438309939738e-03 4.080974659696499918e-03 4.080974659696494714e-03 2.887522911789975992e-03
1.428910259049033357e+03 -2.752478075973106115e+03 1.300419454352673370e+02 0.000000000000000000e+00 0.000000000000000000e+00 -1.281748095021839617e-02 4.080974659696499918e-03 4.080974659696494714e-03 2.887532858932207857e-03
1.264766416459914808e+03 -2.625967808468552903e+03 1.166833258749252025e+02 0.000000000000000000e+00 0.000000000000000000e+00 -9.245178261366504557e-03 4.080974659696499918e-03 4.080974659696494714e-03 2.887302032780498812e-03
1.267143709945346245e+03 -3.019597156855242247e+03 1.418280775216496750e+02 0.000000000000000000e+00 0.000000000000000000e+00 -5.583775386412526132e-02 4.080974659696499918e-03 4.080974659696494714e-03 2.887716718118748735e-03
1.590686758521972706e+03 -3.023358658545267190e+03 1.540895396329819391e+02 0.000000000000000000e+00 0.000000000000000000e+00 1.418686548493042210e-02 4.080974659696499918e-03 4.080974659696494714e-03 2.887945666531438818e-03
5.065766433924156900e+02 -3.064477740709302452e+03 1.275189533114864702e+02 0.000000000000000000e+00 0.000000000000000000e+00 1.635176759037904048e-02 4.080974659696499918e-03 4.080974659696494714e-03 2.887444392594945564e-03
5.144074395802938398e+02 -2.668282736592619131e+03 1.021152594477527202e+02 0.000000000000000000e+00 0.000000000000000000e+00 2.943832261001944062e-02 4.080974659696499918e-03 4.080974659696494714e-03 2.887032360208431538e-03
6.881026706023671977e+02 -2.793808931531844792e+03 1.124683335722226900e+02 0.000000000000000000e+00 0.000000000000000000e+00 3.562074189105146615e-03 4.080974659696499918e-03 4.080974659696494714e-03 2.887205445778966151e-03
8.940073723220340298e+02 -2.998847191499752171e+03 1.300095835190047069e+02 0.000000000000000000e+00 0.000000000000000000e+00 2.933618743662691486e-02 4.080974659696499918e-03 4.080974659696494714e-03 2.887500181449679376e-03
5.332101029811080934e+02 -2.354420096794881374e+03 8.474026206596727206e+01 0.000000000000000000e+00 0.000000000000000000e+00 -1.088459811489883577e-02 4.080974659696499918e-03 4.080974659696494714e-03 2.886752141164993998e-03
5.265191859566411949e+02 -1.969253635247571310e+03 6.607009495941780131e+01 0.000000000000000000e+00 0.000000000000000000e+00 -1.128444091411040517e-02 4.080974659696499918e-03 4.080974659696494714e-03 2.886451153812887721e-03
6.674966586950669125e+02 -2.084823225776220625e+03 7.342673324936291124e+01 0.000000000000000000e+00 0.000000000000000000e+00 3.841821984632076692e-02 4.080974659696499918e-03 4.080974659696494714e-03 2.886573135348506191e-03
8.757263121245758839e+02 -2.325275808532963310e+03 8.934813083654813681e+01 0.000000000000000000e+00 0.000000000000000000e+00 -4.328772521573398535e-02 4.080974659696499918e-03 4.080974659696494714e-03 2.886837294376774863e-03
9.069734734303646064e+02 -1.968533423557681090e+03 7.294626129145684956e+01 0.000000000000000000e+00 0.000000000000000000e+00 -9.900484011396315509e-03 4.080974659696499918e-03 4.080974659696494714e-03 2.886573198823788079e-03
5.289100195923582532e+02 -1.644278677338979605e+03 5.300054889963828941e+01 0.000000000000000000e+00 0.000000000000000000e+00 -2.749560364538439217e-02 4.080974659696499918e-03 4.080974659696494714e-03 2.886240775452172513e-03
5.149623491951008418e+02 -1.256823273592752003e+03 4.024889877884473322e+01 0.000000000000000000e+00 0.000000000000000000e+00 -1.198445781984958103e-02 4.080974659696499918e-03 4.080974659696494714e-03 2.886034963268487106e-03
6.777423974330715737e+02 -1.371632862524691291e+03 4.608157691177648729e+01 0.000000000000000000e+00 0.000000000000000000e+00 -6.269416026015051102e-03 4.080974659696499918e-03 4.080974659696494714e-03 2.886132829112308344e-03
8.634139250895841542e+02 -1.619799437733079913e+03 5.799920278787877237e+01 0.000000000000000000e+00 0.000000000000000000e+00 2.322044636976272614e-03 4.080974659696499918e-03 4.080974659696494714e-03 2.886330538982135284e-03
8.965625578886310905e+02 -1.245967194401453526e+03 4.676370223926834058e+01 0.000000000000000000e+00 0.000000000000000000e+00 1.636446816754499878e-02 4.080974659696499918e-03 4.080974659696494714e-03 2.886150895087900587e-03
5.488052057653980000e+02 -9.147386263233972841e+02 3.236451580165215347e+01 0.000000000000000000e+00 0.000000000000000000e+00 -1.318682475518073716e-02 4.080974659696499918e-03 4.080974659696494714e-03 2.885908326186791082e-03
5.201966303259773667e+02 -5.372946923380767430e+02 2.579047451483783959e+01 0.000000000000000000e+00 0.000000000000000000e+00 1.663514021809930910e-02 4.080974659696499918e-03 4.080974659696494714e-03 2.885801276930247301e-03
6.823651406860433326e+02 -6.648317287529066562e+02 3.000434253646736948e+01 0.000000000000000000e+00 0.000000000000000000e+00 2.756000789394619233e-02 4.080974659696499918e-03 4.080974659696494714e-03 2.885873905181777360e-03
8.988531490335474246e+02 -8.714041723427420720e+02 3.792758471092359684e+01 0.000000000000000000e+00 0.000000000000000000e+00 3.374521276351316601e-02 4.080974659696499918e-03 4.080974659696494714e-03 2.886009214874824674e-03
5.112928253965297927e+02 -2.279150756852074267e+02 2.298904915675432292e+01 0.000000000000000000e+00 0.000000000000000000e+00 -5.433997895870845696e-03 4.080974659696499918e-03 4.080974659696494714e-03 2.885755889173341991e-03
5.201108117119428016e+02 1.727375539166702936e+02 2.288301706116258671e+01 0.000000000000000000e+00 0.000000000000000000e+00 1.087241351351764251e-02 4.080974659696499918e-03 4.080974659696494714e-03 2.885755929558238807e-03
6.790733075699833989e+02 5.671783984873173523e+01 2.501945099507242531e+01 0.000000000000000000e+00 0.000000000000000000e+00 -1.503977696163616429e-03 4.080974659696499918e-03 4.080974659696494714e-03 2.885795817802855410e-03
8.711747638205358726e+02 -1.595402580941969291e+02 2.907156242620177977e+01 0.000000000000000000e+00 0.000000000000000000e+00 -1.414174623926811591e-02 4.080974659696499918e-03 4.080974659696494714e-03 2.885868625374384856e-03
8.792326674095997987e+02 1.820446393345439446e+02 2.941524094055903760e+01 0.000000000000000000e+00 0.000000000000000000e+00 6.615758262249471500e-03 4.080974659696499918e-03 4.080974659696494714e-03 2.885878554142387933e-03
5.352222896540398551e+02 4.955388034016469874e+02 2.563991931385854173e+01 0.000000000000000000e+00 0.000000000000000000e+00 3.261392254316319850e-02 4.080974659696499918e-03 4.080974659696494714e-03 2.885804390545459314e-03
5.081188045382360201e+02 8.918308845541757819e+02 3.182182019514073090e+01 0.000000000000000000e+00 0.000000000000000000e+00 3.071452875631308643e-02 4.080974659696499918e-03 4.080974659696494714e-03 2.885911275000356373e-03
6.888969908262424724e+02 7.224211401903039587e+02 3.138589770946322943e+01 0.000000000000000000e+00 0.000000000000000000e+00 5.551654539679873324e-03 4.080974659696499918e-03 4.080974659696494714e-03 2.885909491080560201e-03
8.714836833184566558e+02 5.451405287376173874e+02 3.241790207732042006e+01 0.000000000000000000e+00 0.000000000000000000e+00 -5.910598646536868728e-03 4.080974659696499918e-03 4.080974659696494714e-03 2.885933681890370806e-03
8.755702253963937665e+02 8.892181985870578274e+02 3.845646335015644723e+01 0.000000000000000000e+00 0.000000000000000000e+00 5.032961476736375062e-03 4.080974659696499918e-03 4.080974659696494714e-03 2.886042367725934459e-03
5.352577094889530827e+02 1.194349742279900738e+03 3.980539637507708051e+01 0.000000000000000000e+00 0.000000000000000000e+00 -4.469995413330707379e-02 4.080974659696499918e-03 4.080974659696494714e-03 2.886052315986727731e-03
5.046693824820378040e+02 1.588725966619227620e+03 5.279888039538619182e+01 0.000000000000000000e+00 0.000000000000000000e+00 1.895664433580890318e-02 4.080974659696499918e-03 4.080974659696494714e-03 2.886281893908423501e-03
6.884536403376755516e+02 1.490131222649629080e+03 5.200476462798121702e+01 0.000000000000000000e+00 0.000000000000000000e+00 3.260041022009829703e-02 4.080974659696499918e-03 4.080974659696494714e-03 2.886276180899952689e-03
9.073900755004441407e+02 1.251033354802656049e+03 4.863136390582911872e+01 0.000000000000000000e+00 0.000000000000000000e+00 4.320540789381510649e-02 4.080974659696499918e-03 4.080974659696494714e-03 2.886227201630359868e-03
8.910221673332075625e+02 1.586958058283359833e+03 5.998184643391632420e+01 0.000000000000000000e+00 0.000000000000000000e+00 3.933653153468696928e-02 4.080974659696499918e-03 4.080974659696494714e-03 2.886432240148780175e-03
5.568376261734383661e+02 1.928821160310035111e+03 6.839827469529978998e+01 0.000000000000000000e+00 0.000000000000000000e+00 3.287866683152174119e-03 4.080974659696499918e-03 4.080974659696494714e-03 2.886565246223533540e-03
5.221764629378778864e+02 2.303292709629665751e+03 8.787058263045206274e+01 0.000000000000000000e+00 0.000000000000000000e+00 -1.018173918107834197e-02 4.080974659696499918e-03 4.080974659696494714e-03 2.886919264544892446e-03
7.039413245947232554e+02 2.198639011257098900e+03 8.495660381202611688e+01 0.000000000000000000e+00 0.000000000000000000e+00 1.771492523707252076e-02 4.080974659696499918e-03 4.080974659696494714e-03 2.886877034583994455e-03
9.040937929752249147e+02 1.962432308134235200e+03 7.694782108140614696e+01 0.000000000000000000e+00 0.000000000000000000e+00 1.219684110549223988e-02 4.080974659696499918e-03 4.080974659696494714e-03 2.886744285627014777e-03
9.014225261343584634e+02 2.311209198887780076e+03 9.578423618864702860e+01 0.000000000000000000e+00 0.000000000000000000e+00 1.436758234478929808e-02 4.080974659696499918e-03 4.080974659696494714e-03 2.887093821895129944e-03
5.268275064711862115e+02 2.625632265010263836e+03 1.082821149938537388e+02 0.000000000000000000e+00 0.000000000000000000e+00 -3.936540012934131028e-02 4.080974659696499918e-03 4.080974659696494714e-03 2.887297799304366658e-03
5.134757977831072822e+02 3.018228391678032949e+03 1.369261603358586399e+02 0.000000000000000000e+00 0.000000000000000000e+00 -2.972781523624234978e-03 4.080974659696499918e-03 4.080974659696494714e-03 2.887835876807566711e-03
6.911821040013443280e+02 2.910422250791655642e+03 1.315749438929490225e+02 0.000000000000000000e+00 0.000000000000000000e+00 -3.307864938187776715e-02 4.080974659696499918e-03 4.080974659696494714e-03 2.887748534783665579e-03
8.963789825186305507e+02 2.681519441992733391e+03 1.194713104380940223e+02 0.000000000000000000e+00 0.000000000000000000e+00 1.106579935216700505e-02 4.080974659696499918e-03 4.080974659696494714e-03 2.887538994354690858e-03
8.861885562446954054e+02 3.008018557105701802e+03 1.435118547446944035e+02 0.000000000000000000e+00 0.000000000000000000e+00 -4.039463291206857321e-02 4.080974659696499918e-03 4.080974659696494714e-03 2.887996254513334332e-03
-2.011854865169805748e+02 3.016681371695346115e+03 1.336442741982704661e+02 0.000000000000000000e+00 0.000000000000000000e+00 -5.657759904198655931e-02 4.080974659696499050e-03 4.080974659696493846e-03 2.887758495919014005e-03
-3.771992357352567993e+00 2.916133917158901113e+03 1.252728057772803680e+02 0.000000000000000000e+00 0.000000000000000000e+00 -1.936579843459185213e-02 4.080974659696499050e-03 4.080974659696493846e-03 2.887598193737136044e-03
1.588821386651415537e+02 3.014385906766679454e+03 1.332473132878727142e+02 0.000000000000000000e+00 0.000000000000000000e+00 -4.312452127248889155e-02 4.080974659696499050e-03 4.080974659696493846e-03 2.887749955042689682e-03
1.623637184209962356e+02 2.649338370277227568e+03 1.063911583659607629e+02 0.000000000000000000e+00 0.000000000000000000e+00 8.290675506444245002e-03 4.080974659696499050e-03 4.080974659696493846e-03 2.887247463480378112e-03
-1.832876820154752409e+02 2.671180817255207785e+03 1.079902649289913086e+02 0.000000000000000000e+00 0.000000000000000000e+00 1.560953506385942546e-02 4.080974659696499050e-03 4.080974659696493846e-03 2.887277601080828933e-03
-1.894484577097084070e+02 2.352063281481424383e+03 8.749292292892042155e+01 0.000000000000000000e+00 0.000000000000000000e+00 2.093399247374350125e-02 4.080974659696499050e-03 4.080974659696493846e-03 2.886899507973173570e-03
1.829907990293619378e+02 2.349719090251615398e+03 8.731966555461178814e+01 0.000000000000000000e+00 0.000000000000000000e+00 -3.569347348172868806e-02 4.080974659696499050e-03 4.080974659696493846e-03 2.886896201108572844e-03
1.554296833933600119e+01 2.203669598948404655e+03 7.843914093340910654e+01 0.000000000000000000e+00 0.000000000000000000e+00 -1.633823976702331038e-02 4.080974659696499050e-03 4.080974659696493846e-03 2.886732326441785422e-03
-1.986711632508441312e+02 1.962477345426211741e+03 6.635649331819197982e+01 0.000000000000000000e+00 0.000000000000000000e+00 1.798494478005352448e-02 4.080974659696499050e-03 4.080974659696493846e-03 2.886515606766181224e-03
1.894335830004955596e+02 1.956295637052067150e+03 6.600522386995109514e+01 0.000000000000000000e+00 0.000000000000000000e+00 3.372430928803282768e-02 4.080974659696499050e-03 4.080974659696493846e-03 2.886509107322592430e-03
1.740148339149819208e+02 1.633488739583470306e+03 5.155974065405016660e+01 0.000000000000000000e+00 0.000000000000000000e+00 -4.104966917982721952e-02 4.080974659696499050e-03 4.080974659696493846e-03 2.886250475629213025e-03
-1.892277978647762779e+02 1.648877078401082599e+03 5.225602864844049122e+01 0.000000000000000000e+00 0.000000000000000000e+00 -8.195883768387091095e-03 4.080974659696499050e-03 4.080974659696493846e-03 2.886263082879509702e-03
-2.910043411170358585e+00 1.489555334029204232e+03 4.563840046468965994e+01 0.000000000000000000e+00 0.000000000000000000e+00 1.430004809819251932e-04 4.080974659696499050e-03 4.080974659696493846e-03 2.886144429097734117e-03
-1.873837031376613140e+02 1.241504450471758446e+03 3.786205135625363027e+01 0.000000000000000000e+00 0.000000000000000000e+00 1.004339607600002182e-02 4.080974659696499050e-03 4.080974659696493846e-03 2.886009279733306974e-03
1.754773618395469157e+02 1.246459414447300787e+03 3.795398338589281195e+01 0.000000000000000000e+00 0.000000000000000000e+00 5.385679807346832604e-03 4.080974659696499050e-03 4.080974659696493846e-03 2.886010726605128546e-03
1.924623971411065213e+02 9.372131870284606521e+02 2.990869066292114553e+01 0.000000000000000000e+00 0.000000000000000000e+00 2.404668214122551717e-02 4.080974659696499050e-03 4.080974659696493846e-03 2.885871139695574909e-03
-1.793655236587994182e+02 9.427709713529976625e+02 2.996962233364513040e+01 0.000000000000000000e+00 0.000000000000000000e+00 3.755845115958678093e-02 4.080974659696499050e-03 4.080974659696493846e-03 2.885872031862197172e-03
2.430403208168652185e+01 7.728472727577122896e+02 2.608117215684465862e+01 0.000000000000000000e+00 0.000000000000000000e+00 4.130041796249628305e-02 4.080974659696499050e-03 4.080974659696493846e-03 2.885804137757312995e-03
-1.700921308555353448e+02 5.330599149902976706e+02 2.274767229113148659e+01 0.000000000000000000e+00 0.000000000000000000e+00 1.147323234268071701e-02 4.080974659696499050e-03 4.080974659696493846e-03 2.885748075885512329e-03
1.967036306015385208e+02 5.385376423636464551e+02 2.294368380251279049e+01 0.000000000000000000e+00 0.000000000000000000e+00 -2.835715245668524176e-02 4.080974659696499050e-03 4.080974659696493846e-03 2.885751685858428412e-03
-2.011529873964674380e+02 2.371519243374791301e+02 2.022495004525538320e+01 0.000000000000000000e+00 0.000000000000000000e+00 -4.705205567826098445e-02 4.080974659696499050e-03 4.080974659696493846e-03 2.885705597542278806e-03
1.983377755808135134e+02 2.237121249521542552e+02 2.013819593460432955e+01 0.000000000000000000e+00 0.000000000000000000e+00 -1.237034018871696617e-02 4.080974659696499050e-03 4.080974659696493846e-03 2.885704103467113136e-03
4.753406388339391242e+01 5.442806220551043594e+01 1.911328046269802172e+01 0.000000000000000000e+00 0.000000000000000000e+00 -1.267159380894611331e-03 4.080974659696499050e-03 4.080974659696493846e-03 2.885685966088599123e-03
-1.813554774492789647e+02 -1.712141140784745801e+02 1.980797035489060676e+01 0.000000000000000000e+00 0.000000000000000000e+00 2.563660961271452265e-02 4.080974659696499050e-03 4.080974659696493846e-03 2.885698167293284603e-03
-1.660305386351420793e+02 -4.884814313438213276e+02 2.212965369684202344e+01 0.000000000000000000e+00 0.000000000000000000e+00 -4.855747775982877101e-02 4.080974659696499050e-03 4.080974659696493846e-03 2.885736208377945398e-03
2.085069280362401400e+02 -4.845478083457316529e+02 2.228847404196882565e+01 0.000000000000000000e+00 0.000000000000000000e+00 -3.396332637080234917e-02 4.080974659696499050e-03 4.080974659696493846e-03 2.885739148173040256e-03
1.764558089143851305e+01 -6.469654667174171436e+02 2.382759439533376877e+01 0.000000000000000000e+00 0.000000000000000000e+00 4.061225982731286877e-03 4.080974659696499050e-03 4.080974659696493846e-03 2.885763460330409164e-03
-1.435517795221657025e+02 -8.860253494598501902e+02 2.822885820685963409e+01 0.000000000000000000e+00 0.000000000000000000e+00 -2.415123991848133755e-02 4.080974659696499050e-03 4.080974659696493846e-03 2.885835633023508835e-03
2.003103972260286127e+02 -8.778616563962739292e+02 2.831342394442297561e+01 0.000000000000000000e+00 0.000000000000000000e+00 -3.791061823085328797e-02 4.080974659696499050e-03 4.080974659696493846e-03 2.885837385917033177e-03
-1.657170082424458428e+02 -1.202450476842880789e+03 3.574733857928954706e+01 0.000000000000000000e+00 0.000000000000000000e+00 -1.880327599106834668e-02 4.080974659696499050e-03 4.080974659696493846e-03 2.885957689817075615e-03
1.114752356869751537e+01 -1.351797916862297598e+03 3.967733934878977209e+01 0.000000000000000000e+00 0.000000000000000000e+00 -1.688188059575423949e-02 4.080974659696499050e-03 4.080974659696493846e-03 2.886020696070710177e-03
-1.532205032956605919e+02 -1.621933890153801258e+03 4.895186415200232943e+01 0.000000000000000000e+00 0.000000000000000000e+00 4.066018955561645498e-02 4.080974659696499050e-03 4.080974659696493846e-03 2.886170660950663960e-03
1.957649451456853171e+02 -1.645819917341910923e+03 5.001049162511102963e+01 0.000000000000000000e+00 0.000000000000000000e+00 1.426487621613858892e-02 4.080974659696499050e-03 4.080974659696493846e-03 2.886187988059862354e-03
1.861761193168946420e+02 -1.242352813631493973e+03 3.693223523507260353e+01 0.000000000000000000e+00 0.000000000000000000e+00 -4.120036918315861385e-02 4.080974659696499050e-03 4.080974659696493846e-03 2.885976986930294599e-03
-1.556688318028043909e+02 -1.908268831254608131e+03 6.023777527987607527e+01 0.000000000000000000e+00 0.000000000000000000e+00 -1.375438772751635952e-02 4.080974659696499050e-03 4.080974659696493846e-03 2.886352255986044443e-03
2.067059748896417659e+02 -1.907202080339203349e+03 6.042577961128447583e+01 0.000000000000000000e+00 0.000000000000000000e+00 3.215602469117584405e-02 4.080974659696499050e-03 4.080974659696493846e-03 2.886355644539104117e-03
2.600248347208635025e+01 -2.058918203849884776e+03 6.660291622222629826e+01 0.000000000000000000e+00 0.000000000000000000e+00 1.512604072767942398e-02 4.080974659696499050e-03 4.080974659696493846e-03 2.886454116687025163e-03
2.193330119639357463e+02 -2.287983329206175313e+03 7.830473657703248591e+01 0.000000000000000000e+00 0.000000000000000000e+00 -3.841576184569817087e-03 4.080974659696499050e-03 4.080974659696493846e-03 2.886643290093261413e-03
-1.675059906073023512e+02 -2.303873746509898865e+03 7.886486403563097269e+01 0.000000000000000000e+00 0.000000000000000000e+00 9.888991273385272507e-03 4.080974659696499050e-03 4.080974659696493846e-03 2.886651866804323258e-03
2.017320243869402248e+02 -2.619999720928007719e+03 9.640782061204832587e+01 0.000000000000000000e+00 0.000000000000000000e+00 4.622328730491176429e-03 4.080974659696499050e-03 4.080974659696493846e-03 2.886934719086025822e-03
2.849381614292596154e+01 -2.782506685487205687e+03 1.057265287346670704e+02 0.000000000000000000e+00 0.000000000000000000e+00 9.376123918514167599e-03 4.080974659696499050e-03 4.080974659696493846e-03 2.887084141027734027e-03
2.114532203405645987e+02 -3.004718703018711039e+03 1.207195742483041698e+02 0.000000000000000000e+00 0.000000000000000000e+00 -2.243264646558884579e-02 4.080974659696499050e-03 4.080974659696493846e-03 2.887327956956583716e-03
-1.513136715373478864e+02 -3.053704422565412187e+03 1.237780830620754671e+02 0.000000000000000000e+00 0.000000000000000000e+00 -9.740133855700605636e-03 4.080974659696499050e-03 4.080974659696493846e-03 2.887376953798425749e-03
-5.126562554115143939e+02 -3.015151333477192111e+03 1.242216732648549851e+02 0.000000000000000000e+00 0.000000000000000000e+00 -1.965393766467116166e-02 4.080974659696501652e-03 4.080974659696492979e-03 2.887390910903197584e-03
-7.105969081340721232e+02 -2.825995978247845869e+03 1.149018713238287859e+02 0.000000000000000000e+00 0.000000000000000000e+00 3.699896450619633015e-02 4.080974659696501652e-03 4.080974659696492979e-03 2.887245813995435381e-03
-8.374587675024590681e+02 -3.014033892894065957e+03 1.297794064082088710e+02 0.000000000000000000e+00 0.000000000000000000e+00 5.497107064891793016e-02 4.080974659696501652e-03 4.080974659696492979e-03 2.887493725760292233e-03
-8.650827836809988867e+02 -2.669808509042255537e+03 1.083811591837580579e+02 0.000000000000000000e+00 0.000000000000000000e+00 -1.500279590629816084e-02 4.080974659696501652e-03 4.080974659696492979e-03 2.887145840149769015e-03
-5.139110970435248191e+02 -2.637604794057498566e+03 1.002864114704625820e+02 0.000000000000000000e+00 0.000000000000000000e+00 -1.914791103872914846e-02 4.080974659696501652e-03 4.080974659696492979e-03 2.887002762920518918e-03
-5.263779306392818853e+02 -2.348527833944227041e+03 8.433900418311790759e+01 0.000000000000000000e+00 0.000000000000000000e+00 -3.988410077595005987e-02 4.080974659696501652e-03 4.080974659696492979e-03 2.886745508618635079e-03
-6.545120139909384989e+02 -2.116737481144216872e+03 7.470541634308885648e+01 0.000000000000000000e+00 0.000000000000000000e+00 -2.787114539502510979e-02 4.080974659696501652e-03 4.080974659696492979e-03 2.886593395748031365e-03
-8.696449239116273020e+02 -1.965227826968608497e+03 7.195980627220492920e+01 0.000000000000000000e+00 0.000000000000000000e+00 -3.135282161395025469e-03 4.080974659696501652e-03 4.080974659696492979e-03 2.886555899069262032e-03
-5.439887247412194711e+02 -1.918247013468994510e+03 6.409498395181088881e+01 0.000000000000000000e+00 0.000000000000000000e+00 -1.283741398822257906e-03 4.080974659696501652e-03 4.080974659696492979e-03 2.886419729040435971e-03
-5.380374788681124301e+02 -1.613483548671788867e+03 5.200339685869765560e+01 0.000000000000000000e+00 0.000000000000000000e+00 -3.935052310865216896e-03 4.080974659696501652e-03 4.080974659696492979e-03 2.886224905226979481e-03
-6.796421614493842753e+02 -1.405208788334707833e+03 4.715699615393208433e+01 0.000000000000000000e+00 0.000000000000000000e+00 -4.720187787697227577e-03 4.080974659696501652e-03 4.080974659696492979e-03 2.886150206996173327e-03
-5.209426777321185682e+02 -1.254673359844227207e+03 4.026670052808009359e+01 0.000000000000000000e+00 0.000000000000000000e+00 -1.540721834772540433e-02 4.080974659696501652e-03 4.080974659696492979e-03 2.886035371373434077e-03
-8.454659333203192091e+02 -1.244717506325068143e+03 4.560036939757826957e+01 0.000000000000000000e+00 0.000000000000000000e+00 5.456500816080733784e-02 4.080974659696501652e-03 4.080974659696492979e-03 2.886130300333750696e-03
-5.426882440101792326e+02 -9.061003387216246665e+02 3.210286370590333860e+01 0.000000000000000000e+00 0.000000000000000000e+00 6.577109211015397250e-03 4.080974659696501652e-03 4.080974659696492979e-03 2.885903956272431459e-03
-6.420929251629307828e+02 -6.569739717872661231e+02 2.920870927252059346e+01 0.000000000000000000e+00 0.000000000000000000e+00 1.686845096172007175e-02 4.080974659696501652e-03 4.080974659696492979e-03 2.885859821256536468e-03
-8.363518365591877455e+02 -5.082676408252157785e+02 3.091509177312656576e+01 0.000000000000000000e+00 0.000000000000000000e+00 -2.612175865447596834e-03 4.080974659696501652e-03 4.080974659696492979e-03 2.885894666717187928e-03
-5.204703013601426846e+02 -4.961025424563106867e+02 2.531191905042526002e+01 0.000000000000000000e+00 0.000000000000000000e+00 -1.966273230713966313e-03 4.080974659696501652e-03 4.080974659696492979e-03 2.885793542053304364e-03
-8.461269372006917138e+02 -1.860668669790551917e+02 2.861974319363681474e+01 0.000000000000000000e+00 0.000000000000000000e+00 -3.002495990867615205e-02 4.080974659696501652e-03 4.080974659696492979e-03 2.885859861693109828e-03
-6.849473884647710520e+02 7.242064356602944564e+00 2.507971391055014720e+01 0.000000000000000000e+00 0.000000000000000000e+00 -8.959189817172585890e-03 4.080974659696501652e-03 4.080974659696492979e-03 2.885796681873890619e-03
-5.382635255203950919e+02 1.775825010548729210e+02 2.315100229532750120e+01 0.000000000000000000e+00 0.000000000000000000e+00 1.156285847410032375e-02 4.080974659696501652e-03 4.080974659696492979e-03 2.885760933887666219e-03
-8.485348870509609469e+02 2.122770064599823741e+02 2.887411599952147867e+01 0.000000000000000000e+00 0.000000000000000000e+00 -8.254563876210596618e-03 4.080974659696501652e-03 4.080974659696492979e-03 2.885868432591769464e-03
-5.586986639435712050e+02 5.210675822690122914e+02 2.628160258511675451e+01 0.000000000000000000e+00 0.000000000000000000e+00 -3.166684997100333021e-02 4.080974659696501652e-03 4.080974659696492979e-03 2.885816150133137942e-03
-8.219894176021672365e+02 5.183662934054923426e+02 3.098306172973649808e+01 0.000000000000000000e+00 0.000000000000000000e+00 1.082970119912474161e-02 4.080974659696501652e-03 4.080974659696492979e-03 2.885906489839749206e-03
-6.979809680362569679e+02 7.296940586164754450e+02 3.167731885377602197e+01 0.000000000000000000e+00 0.000000000000000000e+00 -7.914268416950420715e-03 4.080974659696501652e-03 4.080974659696492979e-03 2.885914938237480604e-03
-5.466475755439080331e+02 8.815120510156217506e+02 3.213657512778662806e+01 0.000000000000000000e+00 0.000000000000000000e+00 -3.470943039290119714e-02 4.080974659696501652e-03 4.080974659696492979e-03 2.885917970109748171e-03
-8.306101213798930303e+02 9.140271184372419384e+02 3.798635156637693200e+01 0.000000000000000000e+00 0.000000000000000000e+00 1.649825028467688526e-02 4.080974659696501652e-03 4.080974659696492979e-03 2.886032062019736749e-03
-5.343538258056436234e+02 1.197417956074244103e+03 3.988156592686718227e+01 0.000000000000000000e+00 0.000000000000000000e+00 -3.882914363055789408e-02 4.080974659696501652e-03 4.080974659696492979e-03 2.886053627082492239e-03
-8.193594464163038538e+02 1.220156909723407580e+03 4.567523585297155364e+01 0.000000000000000000e+00 0.000000000000000000e+00 3.789846606991886802e-03 4.080974659696501652e-03 4.080974659696492979e-03 2.886169287763243850e-03
-7.426378519488491747e+02 1.452531298539227009e+03 5.168312133969287459e+01 0.000000000000000000e+00 0.000000000000000000e+00 -5.415754371393433075e-02 4.080974659696501652e-03 4.080974659696492979e-03 2.886273233768207012e-03
-5.215600961365735202e+02 1.582713783745275123e+03 5.279685045718760250e+01 0.000000000000000000e+00 0.000000000000000000e+00 6.253728515943635102e-04 4.080974659696501652e-03 4.080974659696492979e-03 2.886282556700323423e-03
-8.514923191800723998e+02 1.637084054404233939e+03 6.105770888218128789e+01 0.000000000000000000e+00 0.000000000000000000e+00 -7.587999793130961734e-03 4.080974659696501652e-03 4.080974659696492979e-03 2.886449274751943551e-03
-5.522785160476792043e+02 1.906717773072533419e+03 6.726988059758309646e+01 0.000000000000000000e+00 0.000000000000000000e+00 -8.400751985305987546e-03 4.080974659696501652e-03 4.080974659696492979e-03 2.886544552755451656e-03
-8.301308004141234278e+02 1.928906947323125223e+03 7.355978172286019401e+01 0.000000000000000000e+00 0.000000000000000000e+00 -2.667117268622121173e-02 4.080974659696501652e-03 4.080974659696492979e-03 2.886676369570116175e-03
-7.566513009754264658e+02 2.154799647021814508e+03 8.359585016490225939e+01 0.000000000000000000e+00 0.000000000000000000e+00 7.509947047765308525e-03 4.080974659696501652e-03 4.080974659696492979e-03 2.886855713485974965e-03
-5.295182472634497799e+02 2.305780300644780709e+03 8.812270569231679929e+01 0.000000000000000000e+00 0.000000000000000000e+00 6.867768472062607543e-03 4.080974659696501652e-03 4.080974659696492979e-03 2.886924314185734634e-03
-8.405045800636338527e+02 2.332199742457843968e+03 9.556319147197075381e+01 0.000000000000000000e+00 0.000000000000000000e+00 -1.295681153224848003e-02 4.080974659696501652e-03 4.080974659696492979e-03 2.887084329695380203e-03
-8.696537779498894452e+02 2.600889681372495033e+03 1.132926176501091078e+02 0.000000000000000000e+00 0.000000000000000000e+00 -1.075884817012706662e-02 4.080974659696501652e-03 4.080974659696492979e-03 2.887419502803737891e-03
-5.411576956791651583e+02 2.627848337882758642e+03 1.086457364082465062e+02 0.000000000000000000e+00 0.000000000000000000e+00 -3.630699733948006269e-02 4.080974659696501652e-03 4.080974659696492979e-03 2.887305493761689254e-03
-1.381347792104174914e+03 2.839131219474872523e+03 1.464122338568878661e+02 0.000000000000000000e+00 0.000000000000000000e+00 3.349759598197010746e-02 4.080974659696501652e-03 4.080974659696492979e-03 2.888120366758680380e-03
-1.602013286929137166e+03 3.010496975856948666e+03 1.690736017880220174e+02 0.000000000000000000e+00 0.000000000000000000e+00 -3.768231058131732425e-03 4.080974659696501652e-03 4.080974659696492979e-03 2.888605011639508620e-03
-1.221533965799559155e+03 3.002354167869760659e+03 1.531037690062925947e+02 0.000000000000000000e+00 0.000000000000000000e+00 -6.179260314041812308e-03 4.080974659696501652e-03 4.080974659696492979e-03 2.888226557662187510e-03
-1.222267712213023060e+03 2.660554964748055227e+03 1.276956164663515381e+02 0.000000000000000000e+00 0.000000000000000000e+00 3.031420543062779416e-02 4.080974659696501652e-03 4.080974659696492979e-03 2.887734566562523766e-03
-1.582335723152795254e+03 2.668573468932285323e+03 1.424624248816693068e+02 0.000000000000000000e+00 0.000000000000000000e+00 1.332442312119042072e-02 4.080974659696501652e-03 4.080974659696492979e-03 2.888073965991712518e-03
-1.593524531424413453e+03 2.351450429292794524e+03 1.221602473686098023e+02 0.000000000000000000e+00 0.000000000000000000e+00 1.089250879377345882e-02 4.080974659696501652e-03 4.080974659696492979e-03 2.887676972138830851e-03
-1.199942222530615709e+03 2.356256291472064731e+03 1.071640779150987157e+02 0.000000000000000000e+00 0.000000000000000000e+00 -2.061885455017886670e-02 4.080974659696501652e-03 4.080974659696492979e-03 2.887338946656727977e-03
-1.383561657643655053e+03 2.200598824414546471e+03 1.046176735014612404e+02 0.000000000000000000e+00 0.000000000000000000e+00 -1.379786428830698242e-02 4.080974659696501652e-03 4.080974659696492979e-03 2.887311413882236253e-03
-1.554529009309943604e+03 1.936018987587787024e+03 9.752517106074833464e+01 0.000000000000000000e+00 0.000000000000000000e+00 3.311616105665393661e-02 4.080974659696501652e-03 4.080974659696492979e-03 2.887193573307029158e-03
-1.205277799964459518e+03 1.967738482459576289e+03 8.589071872867037882e+01 0.000000000000000000e+00 0.000000000000000000e+00 3.998972334619566027e-02 4.080974659696501652e-03 4.080974659696492979e-03 2.886937111094757969e-03
-1.216030405296086883e+03 1.631320143392083764e+03 7.100251107031191111e+01 0.000000000000000000e+00 0.000000000000000000e+00 -1.523501896615186979e-02 4.080974659696501652e-03 4.080974659696492979e-03 2.886659072294549874e-03
-1.583930534486376473e+03 1.656112906439679819e+03 8.600257712981265001e+01 0.000000000000000000e+00 0.000000000000000000e+00 -3.392584759973260589e-02 4.080974659696501652e-03 4.080974659696492979e-03 2.886973772200293869e-03
-1.381104862833116385e+03 1.493237291833723020e+03 7.139803859680624498e+01 0.000000000000000000e+00 0.000000000000000000e+00 -3.671631836456867859e-02 4.080974659696501652e-03 4.080974659696492979e-03 2.886679090526490018e-03
-1.572609162379545751e+03 1.238048104380211498e+03 7.029338078015997837e+01 0.000000000000000000e+00 0.000000000000000000e+00 -1.312960145412489510e-03 4.080974659696501652e-03 4.080974659696492979e-03 2.886670009757049370e-03
-1.194297007523751290e+03 1.248851021727805801e+03 5.660917432106054292e+01 0.000000000000000000e+00 0.000000000000000000e+00 5.324609613278852294e-02 4.080974659696501652e-03 4.080974659696492979e-03 2.886389864017774916e-03
-1.206687642786736660e+03 9.242925288414700162e+02 4.833498171112570674e+01 0.000000000000000000e+00 0.000000000000000000e+00 -4.056095579448282251e-02 4.080974659696501652e-03 4.080974659696492979e-03 2.886237010664255333e-03
-1.572374180735160962e+03 9.317997700821568969e+02 6.199214464222745846e+01 0.000000000000000000e+00 0.000000000000000000e+00 3.323196474499212627e-02 4.080974659696501652e-03 4.080974659696492979e-03 2.886509166626945958e-03
-1.381829277353242105e+03 7.785453782770815678e+02 5.128199894142279902e+01 0.000000000000000000e+00 0.000000000000000000e+00 -1.179406740345001481e-02 4.080974659696501652e-03 4.080974659696492979e-03 2.886298258474018913e-03
-1.211426621895918061e+03 5.259779818536403582e+02 4.142570199097632155e+01 0.000000000000000000e+00 0.000000000000000000e+00 -2.388932024923207109e-02 4.080974659696501652e-03 4.080974659696492979e-03 2.886107635940902104e-03
-1.555331997745619447e+03 4.685908241248581589e+02 5.319920116514611408e+01 0.000000000000000000e+00 0.000000000000000000e+00 1.599244183759651605e-02 4.080974659696501652e-03 4.080974659696492979e-03 2.886334842569381835e-03
-1.567637114260813632e+03 1.876897593542695404e+02 5.133770577123203083e+01 0.000000000000000000e+00 0.000000000000000000e+00 -1.162510251758419599e-02 4.080974659696501652e-03 4.080974659696492979e-03 2.886293077284206657e-03
-1.236862600449630690e+03 2.020059026902250423e+02 3.932508545297043412e+01 0.000000000000000000e+00 0.000000000000000000e+00 -1.743222620019935221e-02 4.080974659696501652e-03 4.080974659696492979e-03 2.886065630469560831e-03
-1.385050495487088256e+03 5.453104851125218744e+01 4.386159186482412764e+01 0.000000000000000000e+00 0.000000000000000000e+00 1.116186720927458964e-02 4.080974659696501652e-03 4.080974659696492979e-03 2.886148331075547458e-03
-1.188225214012242759e+03 -1.626845616731446853e+02 3.748540351408672677e+01 0.000000000000000000e+00 0.000000000000000000e+00 5.079522855993445773e-03 4.080974659696501652e-03 4.080974659696492979e-03 2.886023992753324139e-03
-1.564809730707397648e+03 -4.885349943821667011e+02 5.314536903670018120e+01 0.000000000000000000e+00 0.000000000000000000e+00 4.227037806349187576e-02 4.080974659696501652e-03 4.080974659696492979e-03 2.886300894299435350e-03
-1.253945587762335890e+03 -5.007788862269073320e+02 4.200371477398161346e+01 0.000000000000000000e+00 0.000000000000000000e+00 -4.660147982896489793e-03 4.080974659696501652e-03 4.080974659696492979e-03 2.886096509214373246e-03
-1.388532264630703366e+03 -6.625170586503411414e+02 4.865487182761860652e+01 0.000000000000000000e+00 0.000000000000000000e+00 -1.629870238281228012e-02 4.080974659696501652e-03 4.080974659696492979e-03 2.886211131374136034e-03
-1.192810288501839295e+03 -8.797540047375432550e+02 4.592494955843604032e+01 0.000000000000000000e+00 0.000000000000000000e+00 -8.452827114538763453e-03 4.080974659696501652e-03 4.080974659696492979e-03 2.886152374888003788e-03
-1.571009081979010261e+03 -8.823348532499431940e+02 5.935903464546096586e+01 0.000000000000000000e+00 0.000000000000000000e+00 2.839888930120082478e-02 4.080974659696501652e-03 4.080974659696492979e-03 2.886394752143495949e-03
-1.554488825219241335e+03 -1.212318772776228116e+03 6.639443203570043295e+01 0.000000000000000000e+00 0.000000000000000000e+00 -1.854186731250706544e-03 4.080974659696501652e-03 4.080974659696492979e-03 2.886503588878574708e-03
-1.234046407179319203e+03 -1.214191021034358073e+03 5.502923051139838151e+01 0.000000000000000000e+00 0.000000000000000000e+00 -1.079459282297534628e-02 4.080974659696501652e-03 4.080974659696492979e-03 2.886299699355284343e-03
-1.373205687134696973e+03 -1.348221402665772985e+03 6.349212713906939598e+01 0.000000000000000000e+00 0.000000000000000000e+00 3.053893381746064506e-02 4.080974659696501652e-03 4.080974659696492979e-03 2.886443772138345704e-03
-1.531698753127237524e+03 -1.614062768618715154e+03 7.817105075358709598e+01 0.000000000000000000e+00 0.000000000000000000e+00 4.194770069858577699e-02 4.080974659696501652e-03 4.080974659696492979e-03 2.886690517685570109e-03
-1.373055281083202999e+03 -2.065111968839804376e+03 9.083512473610386451e+01 0.000000000000000000e+00 0.000000000000000000e+00 1.312308931339600804e-02 4.080974659696501652e-03 4.080974659696492979e-03 2.886885772457012476e-03
-1.193602126614801819e+03 -2.298720539770248251e+03 9.636080369820159319e+01 0.000000000000000000e+00 0.000000000000000000e+00 4.738636527665107678e-02 4.080974659696501652e-03 4.080974659696492979e-03 2.886965729627352911e-03
-1.541241572607119679e+03 -2.329950616419813741e+03 1.101673189439241014e+02 0.000000000000000000e+00 0.000000000000000000e+00 -5.396925029390331474e-02 4.080974659696501652e-03 4.080974659696492979e-03 2.887212788778435041e-03
-1.561785849062434863e+03 -1.970310159031005469e+03 9.364429734597726451e+01 0.000000000000000000e+00 0.000000000000000000e+00 -4.714702931096326211e-03 4.080974659696501652e-03 4.080974659696492979e-03 2.886943636260849017e-03
-1.569244735966093231e+03 -2.610376645134577757e+03 1.268792854773181205e+02 0.000000000000000000e+00 0.000000000000000000e+00 2.081509374590950756e-03 4.080974659696501652e-03 4.080974659696492979e-03 2.887490591619148571e-03
-1.174743700201222737e+03 -2.611572398081477786e+03 1.130169635995357851e+02 0.000000000000000000e+00 0.000000000000000000e+00 -2.716210362034132686e-02 4.080974659696501652e-03 4.080974659696492979e-03 2.887236703183128101e-03
-1.346498515365061621e+03 -2.776460397330699379e+03 1.285861310875357333e+02 0.000000000000000000e+00 0.000000000000000000e+00 3.201957325578064228e-02 4.080974659696501652e-03 4.080974659696492979e-03 2.887503157046298740e-03
-1.528071278848443853e+03 -3.017770558013080517e+03 1.511650812928374705e+02 0.000000000000000000e+00 0.000000000000000000e+00 6.173038457546908830e-03 4.080974659696501652e-03 4.080974659696492979e-03 2.887891559880362193e-03
-1.908616943688311039e+03 -2.307362951595469440e+03 1.253497388733693185e+02 0.000000000000000000e+00 0.000000000000000000e+00 -2.337252664672462288e-02 4.080974659696501652e-03 4.080974659696495581e-03 2.887492125066771793e-03
-2.215625604574792760e+03 -2.325998944716809547e+03 1.428007738278014358e+02 0.000000000000000000e+00 0.000000000000000000e+00 -4.082136497521560159e-02 4.080974659696501652e-03 4.080974659696495581e-03 2.887812332596662035e-03
-2.139563485023303201e+03 -2.111555383982228250e+03 1.277387160114450637e+02 0.000000000000000000e+00 0.000000000000000000e+00 -2.213129121987833514e-02 4.080974659696501652e-03 4.080974659696495581e-03 2.887552942186806266e-03
-2.253106962592341006e+03 -1.916716533016020094e+03 1.253976451038578972e+02 0.000000000000000000e+00 0.000000000000000000e+00 3.867845153395421676e-02 4.080974659696501652e-03 4.080974659696495581e-03 2.887525844573337209e-03
-1.936254883279153091e+03 -1.940106773877616888e+03 1.091837954792489853e+02 0.000000000000000000e+00 0.000000000000000000e+00 -3.107927798978948886e-03 4.080974659696501652e-03 4.080974659696495581e-03 2.887227421164145248e-03
-2.215785997738620608e+03 -1.620149235480126208e+03 1.114595188035692530e+02 0.000000000000000000e+00 0.000000000000000000e+00 -2.295480477687306120e-02 4.080974659696501652e-03 4.080974659696495581e-03 2.887293396517376636e-03
-2.104328071886955513e+03 -1.406843156811049539e+03 9.799645958575180771e+01 0.000000000000000000e+00 0.000000000000000000e+00 -2.202617935779471736e-03 4.080974659696501652e-03 4.080974659696495581e-03 2.887063288530118243e-03
-1.945235320852421864e+03 -1.251537873062309018e+03 8.506172951257823911e+01 0.000000000000000000e+00 0.000000000000000000e+00 -5.223569876419276170e-02 4.080974659696501652e-03 4.080974659696495581e-03 2.886838674489398005e-03
-2.259761787026044203e+03 -9.408873493635314844e+02 9.468341059252193759e+01 0.000000000000000000e+00 0.000000000000000000e+00 -4.153753700042273067e-02 4.080974659696501652e-03 4.080974659696495581e-03 2.887036671589302342e-03
-1.970879617842662356e+03 -9.268853045358052896e+02 7.851547244331166553e+01 0.000000000000000000e+00 0.000000000000000000e+00 -1.804890020885352442e-02 4.080974659696501652e-03 4.080974659696495581e-03 2.886740816408859406e-03
-2.096846372933217026e+03 -6.508038042952999831e+02 8.039856325375197343e+01 0.000000000000000000e+00 0.000000000000000000e+00 2.173309877693441194e-02 4.080974659696501652e-03 4.080974659696495581e-03 2.886793739360497216e-03
-1.965798054133593041e+03 -5.395503304802543880e+02 7.204546009459404843e+01 0.000000000000000000e+00 0.000000000000000000e+00 4.264544889939259065e-02 4.080974659696501652e-03 4.080974659696495581e-03 2.886646447135159717e-03
-2.241480183730893714e+03 -5.041678999608949425e+02 8.678205473427505012e+01 0.000000000000000000e+00 0.000000000000000000e+00 1.996153063878125522e-02 4.080974659696501652e-03 4.080974659696495581e-03 2.886922614787137964e-03
-2.245985984495891898e+03 -1.897865441981958270e+02 8.487692623078100951e+01 0.000000000000000000e+00 0.000000000000000000e+00 -4.521700498023051296e-02 4.080974659696501652e-03 4.080974659696495581e-03 2.886909494951380665e-03
-1.944901433594263608e+03 -1.726585686966646733e+02 6.828530270013129666e+01 0.000000000000000000e+00 0.000000000000000000e+00 -2.391334954239709987e-02 4.080974659696501652e-03 4.080974659696495581e-03 2.886597906501027315e-03
-2.050689513629751673e+03 2.241049620257094688e+01 7.367809905000009962e+01 0.000000000000000000e+00 0.000000000000000000e+00 -1.341785206254542118e-02 4.080974659696501652e-03 4.080974659696495581e-03 2.886710706632180518e-03
-1.908089180502386171e+03 1.635610363950075907e+02 6.671637859095515921e+01 0.000000000000000000e+00 0.000000000000000000e+00 -3.315716948517888341e-02 4.080974659696501652e-03 4.080974659696495581e-03 2.886585206829204043e-03
-2.277758213684061047e+03 4.773552484486890535e+02 8.996111459021125256e+01 0.000000000000000000e+00 0.000000000000000000e+00 2.370467578822399446e-02 4.080974659696501652e-03 4.080974659696495581e-03 2.887051572380097599e-03
-1.956393620848048158e+03 4.865092444732937906e+02 7.199744431611816253e+01 0.000000000000000000e+00 0.000000000000000000e+00 2.647910452353130495e-03 4.080974659696501652e-03 4.080974659696495581e-03 2.886700435550390315e-03
-2.039159488219984951e+03 7.416902142675669438e+02 8.043884907018326658e+01 0.000000000000000000e+00 0.000000000000000000e+00 1.086804370599736558e-02 4.080974659696501652e-03 4.080974659696495581e-03 2.886875112132564637e-03
-1.954414422611324198e+03 8.811946829987256251e+02 7.881047108538382417e+01 0.000000000000000000e+00 0.000000000000000000e+00 1.584131722118797825e-02 4.080974659696501652e-03 4.080974659696495581e-03 2.886845752398396053e-03
-2.245649200896583807e+03 9.098830419121655950e+02 9.588608565189490207e+01 0.000000000000000000e+00 0.000000000000000000e+00 3.992343119080032920e-03 4.080974659696501652e-03 4.080974659696495581e-03 2.887190100537428191e-03
-2.251403556158501033e+03 1.186466305170636588e+03 1.037362700681768928e+02 0.000000000000000000e+00 0.000000000000000000e+00 2.435401906346612577e-02 4.080974659696501652e-03 4.080974659696495581e-03 2.887357643967510511e-03
-1.954940317231382551e+03 1.192869077513889351e+03 8.705809197997186288e+01 0.000000000000000000e+00 0.000000000000000000e+00 -1.196464696464261124e-02 4.080974659696501652e-03 4.080974659696495581e-03 2.887014598961097547e-03
-2.082346012912332753e+03 1.420060419676040283e+03 1.016182353403226557e+02 0.000000000000000000e+00 0.000000000000000000e+00 8.045138984925870318e-03 4.080974659696501652e-03 4.080974659696495581e-03 2.887313774496962950e-03
-1.945556069892654705e+03 1.586067578398204660e+03 1.005049510772681458e+02 0.000000000000000000e+00 0.000000000000000000e+00 -1.054506377698771757e-03 4.080974659696501652e-03 4.080974659696495581e-03 2.887285271402546122e-03
-2.232577779124711924e+03 1.642759068195518239e+03 1.192977275463328652e+02 0.000000000000000000e+00 0.000000000000000000e+00 2.933166296632805370e-02 4.080974659696501652e-03 4.080974659696495581e-03 2.887682989827565754e-03
-2.251150435367484988e+03 1.893000978559785608e+03 1.319754787194886205e+02 0.000000000000000000e+00 0.000000000000000000e+00 -8.316560531426375746e-03 4.080974659696501652e-03 4.080974659696495581e-03 2.887946876806454875e-03
-1.931256065061023264e+03 1.894722589842853267e+03 1.135592228988817567e+02 0.000000000000000000e+00 0.000000000000000000e+00 2.362018941101950986e-02 4.080974659696501652e-03 4.080974659696495581e-03 2.887545788288804500e-03
-2.093510037486632882e+03 2.126625057511823798e+03 1.347333067516821075e+02 0.000000000000000000e+00 0.000000000000000000e+00 3.718057763569504459e-02 4.080974659696501652e-03 4.080974659696495581e-03 2.887989615290872600e-03
-1.933724419922265952e+03 2.294656029556459544e+03 1.354709737362758517e+02 0.000000000000000000e+00 0.000000000000000000e+00 7.546495051258261810e-04 4.080974659696501652e-03 4.080974659696495581e-03 2.887985664813790421e-03
-2.231995324460072879e+03 2.301731425941728958e+03 1.533185725979185463e+02 0.000000000000000000e+00 0.000000000000000000e+00 1.640178638797351596e-02 4.080974659696501652e-03 4.080974659696495581e-03 2.888387098855760889e-03
-2.992780155335692143e+03 -1.672337382427778948e+03 1.666495513745478547e+02 0.000000000000000000e+00 0.000000000000000000e+00 5.366872043316561758e-02 4.080974659696501652e-03 4.080974659696495581e-03 2.888314099394034568e-03
-2.777321403742098937e+03 -1.423008922633957127e+03 1.415111975631166388e+02 0.000000000000000000e+00 0.000000000000000000e+00 3.108634331795201433e-02 4.080974659696501652e-03 4.080974659696495581e-03 2.887864920452900934e-03
-2.974706459219356475e+03 -9.507222535528422895e+02 1.442117462718113643e+02 0.000000000000000000e+00 0.000000000000000000e+00 2.038342447099239507e-02 4.080974659696501652e-03 4.080974659696495581e-03 2.887960258178025146e-03
-2.789812774980203812e+03 -7.158497136963255798e+02 1.258505050864653754e+02 0.000000000000000000e+00 0.000000000000000000e+00 -5.277703691101010008e-02 4.080974659696501652e-03 4.080974659696495581e-03 2.887637279814337689e-03
-2.963788840867988711e+03 -5.482192038908510767e+02 1.369779689147154897e+02 0.000000000000000000e+00 0.000000000000000000e+00 -5.617751933669978825e-03 4.080974659696501652e-03 4.080974659696495581e-03 2.887865664125304106e-03
-2.641814338561531258e+03 -5.445528135971484289e+02 1.129455498396643378e+02 0.000000000000000000e+00 0.000000000000000000e+00 -4.073158689294587020e-02 4.080974659696501652e-03 4.080974659696495581e-03 2.887410185941657013e-03
-2.953354430919830520e+03 -2.152570706192433647e+02 1.337966448561435868e+02 0.000000000000000000e+00 0.000000000000000000e+00 3.042272938938594962e-02 4.080974659696501652e-03 4.080974659696495581e-03 2.887841724034300762e-03
-2.658577692800296973e+03 -2.172621777651616242e+02 1.117200079248429603e+02 0.000000000000000000e+00 0.000000000000000000e+00 -2.352590543959820479e-02 4.080974659696501652e-03 4.080974659696495581e-03 2.887417549192970809e-03
-2.794492679919105285e+03 -5.564639067538654338e+00 1.214283661768386082e+02 0.000000000000000000e+00 0.000000000000000000e+00 -1.084945897291333949e-02 4.080974659696501652e-03 4.080974659696495581e-03 2.887625242331987811e-03
-2.958884864867584838e+03 1.612819037094565147e+02 1.347950038012353673e+02 0.000000000000000000e+00 0.000000000000000000e+00 -2.805447315571996114e-02 4.080974659696501652e-03 4.080974659696495581e-03 2.887904097627079329e-03
-2.620478582720368649e+03 1.543245602666956700e+02 1.094061722097597738e+02 0.000000000000000000e+00 0.000000000000000000e+00 -1.852834735849739900e-02 4.080974659696501652e-03 4.080974659696495581e-03 2.887407314173597982e-03
-2.980230405105628506e+03 4.783338733140392947e+02 1.396847731028902047e+02 0.000000000000000000e+00 0.000000000000000000e+00 1.169238113752157915e-02 4.080974659696501652e-03 4.080974659696495581e-03 2.888037086143721913e-03
-2.621140971746873220e+03 4.732034500140575801e+02 1.124304907716781656e+02 0.000000000000000000e+00 0.000000000000000000e+00 3.585650535953277540e-03 4.080974659696501652e-03 4.080974659696495581e-03 2.887494274648062537e-03
-3.002578993276359142e+03 8.680095943877120135e+02 1.488759649796024576e+02 0.000000000000000000e+00 0.000000000000000000e+00 4.637050667867015363e-03 4.080974659696501652e-03 4.080974659696495581e-03 2.888265779467719205e-03
-2.636617952113121646e+03 8.831833213876652735e+02 1.210709014248307369e+02 0.000000000000000000e+00 0.000000000000000000e+00 2.206623887332170852e-03 4.080974659696501652e-03 4.080974659696495581e-03 2.887699224225041827e-03
-3.002634199769415318e+03 1.182940988493345913e+03 1.576869090570363880e+02 0.000000000000000000e+00 0.000000000000000000e+00 -6.068096890629703921e-03 4.080974659696501652e-03 4.080974659696495581e-03 2.888479114380324442e-03
-2.645633089079381989e+03 1.195411646706183546e+03 1.303363119832457642e+02 0.000000000000000000e+00 0.000000000000000000e+00 1.437210676920130936e-02 4.080974659696501652e-03 4.080974659696495581e-03 2.887908891906863697e-03
-2.797958762725405450e+03 1.422151632686426183e+03 1.496400150392479134e+02 0.000000000000000000e+00 0.000000000000000000e+00 1.994896531138579121e-02 4.080974659696501652e-03 4.080974659696495581e-03 2.888326307524894526e-03
-2.968528080920772027e+03 1.590534434007745176e+03 1.701200817221361206e+02 0.000000000000000000e+00 0.000000000000000000e+00 3.455603172679388990e-02 4.080974659696501652e-03 4.080974659696495581e-03 2.888773849301843125e-03
-2.632238189369749307e+03 1.577444090278476779e+03 1.433702070516708886e+02 0.000000000000000000e+00 0.000000000000000000e+00 5.405088699171756161e-02 4.080974659696501652e-03 4.080974659696495581e-03 2.888198147494428370e-03
