# x y z x_res y_res z_res x_res_err y_res_err z_res_err
2.589825133704772270e+03 -1.610386274682795147e+03 1.346028842894079958e+02 0.000000000000000000e+00 0.000000000000000000e+00 -1.248073907220259571e-02 4.080825935311614347e-03 4.080825935311615214e-03 2.887615255807646393e-03
2.583255074887068076e+03 -1.224148613173239710e+03 1.219525165678895178e+02 0.000000000000000000e+00 0.000000000000000000e+00 -1.753048988585703682e-02 4.080825935311614347e-03 4.080825935311615214e-03 2.887412942505119748e-03
2.768770358767023026e+03 -1.393873390575804478e+03 1.399699617817170179e+02 0.000000000000000000e+00 0.000000000000000000e+00 -2.843993049691562192e-02 4.080825935311614347e-03 4.080825935311615214e-03 2.887733476700315039e-03
2.973745362471699082e+03 -1.603775145188295483e+03 1.626131892756499155e+02 0.000000000000000000e+00 0.000000000000000000e+00 -8.459320260442382278e-03 4.080825935311614347e-03 4.080825935311615214e-03 2.888138984318749502e-03
2.961879003109298537e+03 -1.238840499452856875e+03 1.501100740500341999e+02 0.000000000000000000e+00 0.000000000000000000e+00 -7.673866032291698502e-04 4.080825935311614347e-03 4.080825935311615214e-03 2.887937661841810666e-03
2.583126331074016434e+03 -9.197405609246434324e+02 1.147673482252256463e+02 0.000000000000000000e+00 0.000000000000000000e+00 -5.721281547565126857e-03 4.080825935311614347e-03 4.080825935311615214e-03 2.887305444160510187e-03
2.581404349412201100e+03 -5.177772605338930134e+02 1.084824189853778194e+02 0.000000000000000000e+00 0.000000000000000000e+00 -6.395994053889353381e-04 4.080825935311614347e-03 4.080825935311615214e-03 2.887223241901017406e-03
2.769699097513794641e+03 -6.969856460909726366e+02 1.240860109012979393e+02 0.000000000000000000e+00 0.000000000000000000e+00 -3.439223677460745421e-03 4.080825935311614347e-03 4.080825935311615214e-03 2.887500606236204342e-03
2.961181519364777159e+03 -9.076735649150725749e+02 1.422779863244822707e+02 0.000000000000000000e+00 0.000000000000000000e+00 5.988763668057117684e-03 4.080825935311614347e-03 4.080825935311615214e-03 2.887822880425174998e-03
2.961091842868445383e+03 -5.245386886303703022e+02 1.365095145070744991e+02 0.000000000000000000e+00 0.000000000000000000e+00 -6.613026274209232724e-03 4.080825935311614347e-03 4.080825935311615214e-03 2.887754072477638663e-03
2.583747865843616182e+03 -2.068594825582321732e+02 1.064767475151933240e+02 0.000000000000000000e+00 0.000000000000000000e+00 2.720085258984283882e-02 4.080825935311614347e-03 4.080825935311615214e-03 2.887213162302477466e-03
2.575719327379621063e+03 1.958767087353001557e+02 1.065457403008964548e+02 0.000000000000000000e+00 0.000000000000000000e+00 -1.733540390603138803e-03 4.080825935311614347e-03 4.080825935311615214e-03 2.887250094470061607e-03
2.763501776915198661e+03 2.820332221770844328e+01 1.191965160897889575e+02 0.000000000000000000e+00 0.000000000000000000e+00 -2.636892450979644309e-02 4.080825935311614347e-03 4.080825935311615214e-03 2.887480171817065778e-03
2.956880483741744229e+03 -2.052726882276281231e+02 1.340465488623030410e+02 0.000000000000000000e+00 0.000000000000000000e+00 -3.478430072260607631e-02 4.080825935311614347e-03 4.080825935311615214e-03 2.887742431585048081e-03
2.968543379654484397e+03 1.951990216859282441e+02 1.357883067738956981e+02 0.000000000000000000e+00 0.000000000000000000e+00 -1.368153352754575280e-02 4.080825935311614347e-03 4.080825935311615214e-03 2.887822259042389927e-03
2.579594160759244460e+03 5.234185746338881700e+02 1.102205467612224794e+02 0.000000000000000000e+00 0.000000000000000000e+00 3.267877175797195832e-02 4.080825935311614347e-03 4.080825935311615214e-03 2.887349300685080559e-03
2.573142984287052968e+03 9.037274926184938977e+02 1.170704378913430617e+02 0.000000000000000000e+00 0.000000000000000000e+00 3.585664798660559427e-02 4.080825935311614347e-03 4.080825935311615214e-03 2.887513973662244552e-03
2.763565097094836801e+03 7.463584575344009409e+02 1.273779157965006164e+02 0.000000000000000000e+00 0.000000000000000000e+00 3.301902951966440014e-02 4.080825935311614347e-03 4.080825935311615214e-03 2.887711235809079565e-03
2.955352887593075138e+03 5.278389326120859550e+02 1.383996535497059597e+02 0.000000000000000000e+00 0.000000000000000000e+00 5.161108084305965349e-02 4.080825935311614347e-03 4.080825935311615214e-03 2.887911600998005219e-03
2.956360188881320937e+03 8.868458402214589569e+02 1.455543706889394002e+02 0.000000000000000000e+00 0.000000000000000000e+00 3.292113245129257848e-02 4.080825935311614347e-03 4.080825935311615214e-03 2.888094318465525990e-03
2.581276160628324760e+03 1.222821038242281702e+03 1.266057543708445792e+02 0.000000000000000000e+00 0.000000000000000000e+00 8.567692714962049649e-03 4.080825935311614347e-03 4.080825935311615214e-03 2.887727328180946917e-03
2.580114781788386153e+03 1.633161962771230037e+03 1.419716830493111388e+02 0.000000000000000000e+00 0.000000000000000000e+00 -3.661647593969519221e-02 4.080825935311614347e-03 4.080825935311615214e-03 2.888063689037710744e-03
2.759322192175734017e+03 1.456907029800519467e+03 1.480019502278608172e+02 0.000000000000000000e+00 0.000000000000000000e+00 -2.566679044954867095e-02 4.080825935311614347e-03 4.080825935311615214e-03 2.888187884632019507e-03
2.955040892898542097e+03 1.233399416254917696e+03 1.554163222822232342e+02 0.000000000000000000e+00 0.000000000000000000e+00 -2.897169310392655461e-02 4.080825935311614347e-03 4.080825935311615214e-03 2.888330502703514817e-03
2.954429374301605094e+03 1.607227635131204806e+03 1.696726514258465670e+02 0.000000000000000000e+00 0.000000000000000000e+00 -3.491953368180134021e-02 4.080825935311614347e-03 4.080825935311615214e-03 2.888659820230816445e-03
1.878498744349458775e+03 1.949183308632760827e+03 1.134893152752300978e+02 0.000000000000000000e+00 0.000000000000000000e+00 -7.424302476280786323e-03 4.080825935311614347e-03 4.080825935311615214e-03 2.887434192688333526e-03
1.876102188105137202e+03 2.319666206311295809e+03 1.339113754067120681e+02 0.000000000000000000e+00 0.000000000000000000e+00 2.361965595486026359e-02 4.080825935311614347e-03 4.080825935311615214e-03 2.887841631780213147e-03
2.067182576561702717e+03 2.175155232338257974e+03 1.359378151826842327e+02 0.000000000000000000e+00 0.000000000000000000e+00 5.280674189577894140e-03 4.080825935311614347e-03 4.080825935311615214e-03 2.887906014681945743e-03
2.318058106612802476e+03 1.952319637273133822e+03 1.392109733974508856e+02 0.000000000000000000e+00 0.000000000000000000e+00 2.038303120312434658e-02 4.080825935311614347e-03 4.080825935311615214e-03 2.887996783065340748e-03
2.252337876557005984e+03 2.327110134143925734e+03 1.561566289167311083e+02 0.000000000000000000e+00 0.000000000000000000e+00 4.140738122185894099e-02 4.080825935311614347e-03 4.080825935311615214e-03 2.888343104177092981e-03
1.877878981888397675e+03 1.228341272501861113e+03 8.416459643874699736e+01 0.000000000000000000e+00 0.000000000000000000e+00 -6.593533654907446362e-03 4.080825935311614347e-03 4.080825935311615214e-03 2.886849576032376671e-03
1.879253340077235862e+03 1.608117134853363041e+03 9.794464700654225453e+01 0.000000000000000000e+00 0.000000000000000000e+00 3.355191898060638778e-02 4.080825935311614347e-03 4.080825935311615214e-03 2.887124751625662344e-03
2.060720666791059102e+03 1.457571152429633003e+03 1.017836600932793090e+02 0.000000000000000000e+00 0.000000000000000000e+00 4.950150111241669038e-03 4.080825935311614347e-03 4.080825935311615214e-03 2.887211284827328160e-03
2.266867176078662396e+03 1.232152895451858967e+03 1.061141888629308170e+02 0.000000000000000000e+00 0.000000000000000000e+00 -3.045913676172062878e-02 4.080825935311614347e-03 4.080825935311615214e-03 2.887302264819610262e-03
2.268040624715289141e+03 1.603773896262425069e+03 1.198478795307744917e+02 0.000000000000000000e+00 0.000000000000000000e+00 3.415078493588907804e-03 4.080825935311614347e-03 4.080825935311615214e-03 2.887590376030931428e-03
1.926945927273963207e+03 5.070051590328143902e+02 7.074751861886753090e+01 0.000000000000000000e+00 0.000000000000000000e+00 -1.082487982080237998e-02 4.080825935311614347e-03 4.080825935311615214e-03 2.886571557266250174e-03
1.915003979411877481e+03 8.870517338198480957e+02 7.690314664083138041e+01 0.000000000000000000e+00 0.000000000000000000e+00 1.408171469545038690e-02 4.080825935311614347e-03 4.080825935311615214e-03 2.886702401531932374e-03
2.269083446899093360e+03 5.075447690703292096e+02 8.983435063648630603e+01 0.000000000000000000e+00 0.000000000000000000e+00 5.117153063496004961e-02 4.080825935311614347e-03 4.080825935311615214e-03 2.886945576355401041e-03
2.270535589169915966e+03 9.136255906962255722e+02 9.748852966485054594e+01 0.000000000000000000e+00 0.000000000000000000e+00 2.106878815796164872e-02 4.080825935311614347e-03 4.080825935311615214e-03 2.887117398770296106e-03
1.897048930519312535e+03 -1.817187285476220495e+02 6.591425975638306056e+01 0.000000000000000000e+00 0.000000000000000000e+00 -1.933812253525957203e-03 4.080825935311614347e-03 4.080825935311615214e-03 2.886447728202546324e-03
1.884866727237110126e+03 1.921115047021252735e+02 6.570643638864228819e+01 0.000000000000000000e+00 0.000000000000000000e+00 3.386902208340814013e-02 4.080825935311614347e-03 4.080825935311615214e-03 2.886461961494652881e-03
2.068779156107092604e+03 4.976630342662699746e+01 7.471092020866862526e+01 0.000000000000000000e+00 0.000000000000000000e+00 3.024008695841473582e-02 4.080825935311614347e-03 4.080825935311615214e-03 2.886626711552800397e-03
2.271379055563731072e+03 1.850972920025241706e+02 8.685979426803122294e+01 0.000000000000000000e+00 0.000000000000000000e+00 5.507233699279368011e-02 4.080825935311614347e-03 4.080825935311615214e-03 2.886867894012901028e-03
1.914520409133321209e+03 -8.584534480528139966e+02 7.433355347270382651e+01 0.000000000000000000e+00 0.000000000000000000e+00 -8.623793160666082258e-03 4.080825935311614347e-03 4.080825935311615214e-03 2.886563515151059807e-03
1.891210851075450364e+03 -5.175854459449994920e+02 6.805931197292659363e+01 0.000000000000000000e+00 0.000000000000000000e+00 -3.101822281820432181e-02 4.080825935311614347e-03 4.080825935311615214e-03 2.886468871981253802e-03
2.079345345518226168e+03 -6.597030146569936733e+02 7.957338534306444444e+01 0.000000000000000000e+00 0.000000000000000000e+00 -2.828904212805127827e-02 4.080825935311614347e-03 4.080825935311615214e-03 2.886672684901793549e-03
2.269544865628740808e+03 -8.781374386883262559e+02 9.401003357672259142e+01 0.000000000000000000e+00 0.000000000000000000e+00 -1.830972337940295347e-02 4.080825935311614347e-03 4.080825935311615214e-03 2.886923735222539540e-03
2.278812501419989530e+03 -5.120050504953131849e+02 8.907537021540987610e+01 0.000000000000000000e+00 0.000000000000000000e+00 -1.219458347097202022e-02 4.080825935311614347e-03 4.080825935311615214e-03 2.886859637719825598e-03
1.949673678914580250e+03 -1.598816128098604167e+03 9.632886422314467723e+01 0.000000000000000000e+00 0.000000000000000000e+00 2.577627129113579940e-03 4.080825935311614347e-03 4.080825935311615214e-03 2.886914015609431689e-03
2.074495037007548035e+03 -1.365979605793096653e+03 9.511804848378564259e+01 0.000000000000000000e+00 0.000000000000000000e+00 5.496487921317338987e-02 4.080825935311614347e-03 4.080825935311615214e-03 2.886908531668094628e-03
2.266848942171328417e+03 -1.582068750312870634e+03 1.130731259093503240e+02 0.000000000000000000e+00 0.000000000000000000e+00 1.063853168086836831e-02 4.080825935311614347e-03 4.080825935311615214e-03 2.887220630433980865e-03
2.264628408337201563e+03 -1.205132043931417456e+03 1.012336169645395785e+02 0.000000000000000000e+00 0.000000000000000000e+00 2.004507731624016742e-02 4.080825935311614347e-03 4.080825935311615214e-03 2.887032111000150791e-03
1.888445461351478571e+03 -2.299804350348622393e+03 1.239650598796406342e+02 0.000000000000000000e+00 0.000000000000000000e+00 -1.092678934230661980e-02 4.080825935311614347e-03 4.080825935311615214e-03 2.887362177623697523e-03
1.881621599336591316e+03 -1.927376181267991569e+03 1.059372882111700847e+02 0.000000000000000000e+00 0.000000000000000000e+00 -1.097375315120530104e-02 4.080825935311614347e-03 4.080825935311615214e-03 2.887064152740336821e-03
2.078667967368986865e+03 -2.086060949352129228e+03 1.231949481308647876e+02 0.000000000000000000e+00 0.000000000000000000e+00 8.314966199023388072e-03 4.080825935311614347e-03 4.080825935311615214e-03 2.887366415416974409e-03
2.275153007126228658e+03 -2.295903501643265372e+03 1.447217333596098001e+02 0.000000000000000000e+00 0.000000000000000000e+00 -1.703454951672256357e-02 4.080825935311614347e-03 4.080825935311615214e-03 2.887745428264172978e-03
2.276373584077302894e+03 -1.924236445539575698e+03 1.270961971539451838e+02 0.000000000000000000e+00 0.000000000000000000e+00 1.646333269746946826e-04 4.080825935311614347e-03 4.080825935311615214e-03 2.887451241612662683e-03
1.208830127532380629e+03 2.680922354746684050e+03 1.286560408916110987e+02 0.000000000000000000e+00 0.000000000000000000e+00 -1.983885092658965732e-02 4.080825935311614347e-03 4.080825935311616949e-03 2.887646044211826264e-03
1.201832708356285593e+03 3.012073057655926277e+03 1.531983187437113827e+02 0.000000000000000000e+00 0.000000000000000000e+00 -4.531451392466578909e-03 4.080825935311614347e-03 4.080825935311616949e-03 2.888120189240056448e-03
1.374164236560582594e+03 2.901562973885267184e+03 1.508623533796661036e+02 0.000000000000000000e+00 0.000000000000000000e+00 -4.337908361941344992e-02 4.080825935311614347e-03 4.080825935311616949e-03 2.888101078761651837e-03
1.568573171254806766e+03 3.006042903348758045e+03 1.672011818177123814e+02 0.000000000000000000e+00 0.000000000000000000e+00 -5.419700704447905082e-02 4.080825935311614347e-03 4.080825935311616949e-03 2.888456402984594228e-03
1.563233788359598975e+03 2.648237175849938012e+03 1.401950565456660627e+02 0.000000000000000000e+00 0.000000000000000000e+00 -1.178619239368572380e-03 4.080825935311614347e-03 4.080825935311616949e-03 2.887921146350715725e-03
1.583368962516136889e+03 2.349841694256080700e+03 1.216124553797601067e+02 0.000000000000000000e+00 0.000000000000000000e+00 -6.231592699009524949e-03 4.080825935311614347e-03 4.080825935311616949e-03 2.887559695189656321e-03
1.589188044054206557e+03 1.968993460873903587e+03 1.006679238786647943e+02 0.000000000000000000e+00 0.000000000000000000e+00 -8.053168018022915930e-03 4.080825935311614347e-03 4.080825935311616949e-03 2.887152739690757464e-03
1.386024405425038367e+03 2.139466552067923658e+03 1.013097659679300762e+02 0.000000000000000000e+00 0.000000000000000000e+00 1.599731058006170770e-02 4.080825935311614347e-03 4.080825935311616949e-03 2.887143099034331518e-03
1.198838726415789324e+03 2.303268187184829458e+03 1.039540908263382448e+02 0.000000000000000000e+00 0.000000000000000000e+00 -2.385316264191317259e-02 4.080825935311614347e-03 4.080825935311616949e-03 2.887172591626080507e-03
1.208279444542252122e+03 1.651091550497510070e+03 7.156025495988973262e+01 0.000000000000000000e+00 0.000000000000000000e+00 -4.042206025269479142e-02 4.080825935311614347e-03 4.080825935311616949e-03 2.886563672706830754e-03
1.215290485067084091e+03 1.251437916189862108e+03 5.736499143058854600e+01 0.000000000000000000e+00 0.000000000000000000e+00 -2.843274008517227003e-02 4.080825935311614347e-03 4.080825935311616949e-03 2.886299946269375947e-03
1.366544954847302506e+03 1.462753203673630424e+03 6.973196918048935800e+01 0.000000000000000000e+00 0.000000000000000000e+00 3.515751259499211301e-02 4.080825935311614347e-03 4.080825935311616949e-03 2.886541375613956018e-03
1.573576093909975498e+03 1.617551056376397810e+03 8.396123874502740136e+01 0.000000000000000000e+00 0.000000000000000000e+00 4.410689895337327471e-03 4.080825935311614347e-03 4.080825935311616949e-03 2.886828351765257251e-03
1.577691590279336424e+03 1.255359264041489041e+03 7.104851361294954870e+01 0.000000000000000000e+00 0.000000000000000000e+00 2.963734501842907321e-02 4.080825935311614347e-03 4.080825935311616949e-03 2.886579642109279170e-03
1.610700137858776770e+03 9.412625900336011000e+02 6.383679837791165568e+01 0.000000000000000000e+00 0.000000000000000000e+00 -5.013236936263609778e-02 4.080825935311614347e-03 4.080825935311616949e-03 2.886440772150254425e-03
1.409794365321151645e+03 7.891154199945755181e+02 5.251802203893122112e+01 0.000000000000000000e+00 0.000000000000000000e+00 5.398262407943832386e-03 4.080825935311614347e-03 4.080825935311616949e-03 2.886217337494804622e-03
1.225617078393603606e+03 9.365897770140558123e+02 4.922484712415098329e+01 0.000000000000000000e+00 0.000000000000000000e+00 2.308344889447511150e-02 4.080825935311614347e-03 4.080825935311616949e-03 2.886149170615353622e-03
1.237280328335196600e+03 5.641822431375103406e+02 4.276474900693932568e+01 0.000000000000000000e+00 0.000000000000000000e+00 2.973245483829600744e-02 4.080825935311614347e-03 4.080825935311616949e-03 2.886028216298015207e-03
1.571488726532651299e+03 5.375201420507620469e+02 5.473425194291424134e+01 0.000000000000000000e+00 0.000000000000000000e+00 -3.762904091259144934e-02 4.080825935311614347e-03 4.080825935311616949e-03 2.886260356826739464e-03
1.604321858591463069e+03 2.354453536079697642e+02 5.312861766375672090e+01 0.000000000000000000e+00 0.000000000000000000e+00 -5.758534482779964492e-02 4.080825935311614347e-03 4.080825935311616949e-03 2.886223288848268047e-03
1.240576408328317484e+03 1.899150569984455501e+02 3.938414454723784530e+01 0.000000000000000000e+00 0.000000000000000000e+00 2.503263007133682549e-02 4.080825935311614347e-03 4.080825935311616949e-03 2.885961403164865463e-03
1.236776154929821359e+03 -1.521024301538810164e+02 3.896953359390406035e+01 0.000000000000000000e+00 0.000000000000000000e+00 4.235307880543359715e-02 4.080825935311614347e-03 4.080825935311616949e-03 2.885946577190390879e-03
1.575615373668035318e+03 -1.927550149393351830e+02 5.143652851625078881e+01 0.000000000000000000e+00 0.000000000000000000e+00 8.082374902372180259e-03 4.080825935311614347e-03 4.080825935311616949e-03 2.886176776946451465e-03
1.595601948215369930e+03 -4.749642885872968350e+02 5.425885057635213826e+01 0.000000000000000000e+00 0.000000000000000000e+00 -4.846196724862750216e-02 4.080825935311614347e-03 4.080825935311616949e-03 2.886216784735256419e-03
1.418445479346903085e+03 -6.190126651405945495e+02 4.911473080216399723e+01 0.000000000000000000e+00 0.000000000000000000e+00 1.670423275817256581e-02 4.080825935311614347e-03 4.080825935311616949e-03 2.886116205045913610e-03
1.230634207784166847e+03 -5.050294356172430525e+02 4.130798534992661075e+01 0.000000000000000000e+00 0.000000000000000000e+00 1.907875535871994543e-02 4.080825935311614347e-03 4.080825935311616949e-03 2.885978491828453812e-03
1.230477988618045174e+03 -8.790317069546912307e+02 4.707613609630465135e+01 0.000000000000000000e+00 0.000000000000000000e+00 1.705251069358837412e-02 4.080825935311614347e-03 4.080825935311616949e-03 2.886067932581618239e-03
1.585055750007664983e+03 -8.946325050643335999e+02 6.017125545041332657e+01 0.000000000000000000e+00 0.000000000000000000e+00 3.195385702898079217e-02 4.080825935311614347e-03 4.080825935311616949e-03 2.886303629733461343e-03
1.617137639887409478e+03 -1.184899718559994653e+03 6.820881207084181597e+01 0.000000000000000000e+00 0.000000000000000000e+00 -4.149241996181274317e-02 4.080825935311614347e-03 4.080825935311616949e-03 2.886432657892931512e-03
1.267356019276254301e+03 -1.203092261237266484e+03 5.579128657205440334e+01 0.000000000000000000e+00 0.000000000000000000e+00 7.992882611816298777e-03 4.080825935311614347e-03 4.080825935311616949e-03 2.886208705679419763e-03
1.430445976642808091e+03 -1.347244697840850222e+03 6.551191183098231363e+01 0.000000000000000000e+00 0.000000000000000000e+00 -6.662757199606517133e-03 4.080825935311614347e-03 4.080825935311616949e-03 2.886374795278126484e-03
1.231654802614195432e+03 -1.580841937026040796e+03 6.640321854602966312e+01 0.000000000000000000e+00 0.000000000000000000e+00 1.577985548614435629e-02 4.080825935311614347e-03 4.080825935311616949e-03 2.886376967250330137e-03
1.570901052850423639e+03 -1.601333874732910090e+03 7.927076166700753390e+01 0.000000000000000000e+00 0.000000000000000000e+00 4.791969161956899370e-03 4.080825935311614347e-03 4.080825935311616949e-03 2.886605889398643262e-03
1.621941957719819129e+03 -1.902630956843613149e+03 9.316631205414911676e+01 0.000000000000000000e+00 0.000000000000000000e+00 -1.839995467358335191e-02 4.080825935311614347e-03 4.080825935311616949e-03 2.886834885041223916e-03
1.427220712775108268e+03 -2.047000885603737743e+03 9.194157812002694641e+01 0.000000000000000000e+00 0.000000000000000000e+00 -6.609919566574262717e-02 4.080825935311614347e-03 4.080825935311616949e-03 2.886801875431470842e-03
1.247183974464521725e+03 -1.924391322178915289e+03 8.034680892069084734e+01 0.000000000000000000e+00 0.000000000000000000e+00 -3.474844108022523415e-02 4.080825935311614347e-03 4.080825935311616949e-03 2.886603127054656031e-03
1.258934592124229766e+03 -2.302693413475290072e+03 9.861361705900668539e+01 0.000000000000000000e+00 0.000000000000000000e+00 -9.719647915332529919e-03 4.080825935311614347e-03 4.080825935311616949e-03 2.886900783625565448e-03
1.574606739205747317e+03 -2.316968932035177204e+03 1.108268732817276003e+02 0.000000000000000000e+00 0.000000000000000000e+00 1.486346701409502202e-02 4.080825935311614347e-03 4.080825935311616949e-03 2.887120736917293210e-03
1.614384819346296581e+03 -2.608533410750093026e+03 1.286277230306795332e+02 0.000000000000000000e+00 0.000000000000000000e+00 -3.905596047218296007e-03 4.080825935311614347e-03 4.080825935311616949e-03 2.887417721265929989e-03
1.429123609562242564e+03 -2.752148147249071371e+03 1.300293257502136726e+02 0.000000000000000000e+00 0.000000000000000000e+00 -2.484354774315988834e-02 4.080825935311614347e-03 4.080825935311616949e-03 2.887427433751345741e-03
1.264589860669284462e+03 -2.625621339732355864e+03 1.166571296676055169e+02 0.000000000000000000e+00 0.000000000000000000e+00 -2.370278634681710628e-02 4.080825935311614347e-03 4.080825935311616949e-03 2.887196369186461210e-03
1.267285995445329263e+03 -3.019277240151293427e+03 1.418108786442440419e+02 0.000000000000000000e+00 0.000000000000000000e+00 -3.619866765961887722e-02 4.080825935311614347e-03 4.080825935311616949e-03 2.887611205049285274e-03
1.591192819147000591e+03 -3.022985117219230233e+03 1.540848453405903911e+02 0.000000000000000000e+00 0.000000000000000000e+00 -3.199154593573894090e-03 4.080825935311614347e-03 4.080825935311616949e-03 2.887840383998734311e-03
5.071291890571571912e+02 -3.064070742868075740e+03 1.274980474130637305e+02 0.000000000000000000e+00 0.000000000000000000e+00 4.247311532040498605e-02 4.080825935311614347e-03 4.080825935311616949e-03 2.887338840029778520e-03
5.147895879360413574e+02 -2.668099307902458804e+03 1.021093107690438302e+02 0.000000000000000000e+00 0.000000000000000000e+00 2.662747393966924392e-02 4.080825935311614347e-03 4.080825935311616949e-03 2.886927060459609177e-03
6.884121323107004855e+02 -2.793670192441524705e+03 1.124650800847819170e+02 0.000000000000000000e+00 0.000000000000000000e+00 -6.407414683451406745e-05 4.080825935311614347e-03 4.080825935311616949e-03 2.887100184347686938e-03
8.943843777961571959e+02 -2.998669024302477737e+03 1.300062105169318158e+02 0.000000000000000000e+00 0.000000000000000000e+00 4.772206707102100154e-02 4.080825935311614347e-03 4.080825935311616949e-03 2.887394914471398937e-03
8.950281279261034797e+02 -2.676167690127547303e+03 1.094365403965237107e+02 0.000000000000000000e+00 0.000000000000000000e+00 -3.387807544599752418e-02 4.080825935311614347e-03 4.080825935311616949e-03 2.887059085170734160e-03
5.336189253752947934e+02 -2.354106090358839538e+03 8.472928674565000051e+01 0.000000000000000000e+00 0.000000000000000000e+00 -6.042143907919239609e-02 4.080825935311614347e-03 4.080825935311616949e-03 2.886646770865326957e-03
5.268092417581399332e+02 -1.969195765271419077e+03 6.607141593632060506e+01 0.000000000000000000e+00 0.000000000000000000e+00 5.589783633202216606e-02 4.080825935311614347e-03 4.080825935311616949e-03 2.886345989311410801e-03
6.678297945812723810e+02 -2.084529271545063693e+03 7.341869362053260772e+01 0.000000000000000000e+00 0.000000000000000000e+00 2.431281622563119527e-02 4.080825935311614347e-03 4.080825935311616949e-03 2.886467818577956052e-03
8.760058067813658909e+02 -2.325141622865030058e+03 8.934738447120503224e+01 0.000000000000000000e+00 0.000000000000000000e+00 -3.665994612148892884e-02 4.080825935311614347e-03 4.080825935311616949e-03 2.886732087071419879e-03
9.072264008922645644e+02 -1.968335994370736671e+03 7.294340683930903424e+01 0.000000000000000000e+00 0.000000000000000000e+00 -1.693796294944149849e-03 4.080825935311614347e-03 4.080825935311616949e-03 2.886467965833037878e-03
5.291135365994330186e+02 -1.644305841261538262e+03 5.300426568498180302e+01 0.000000000000000000e+00 0.000000000000000000e+00 -1.410996021993327076e-02 4.080825935311614347e-03 4.080825935311616949e-03 2.886135655211286444e-03
5.150920788309589398e+02 -1.256785569913438849e+03 4.024952580371967770e+01 0.000000000000000000e+00 0.000000000000000000e+00 -2.876979946266544630e-02 4.080825935311614347e-03 4.080825935311616949e-03 2.885929799211277205e-03
6.779248279135607618e+02 -1.371489100008854621e+03 4.608029346409323068e+01 0.000000000000000000e+00 0.000000000000000000e+00 -1.655114666677093282e-02 4.080825935311614347e-03 4.080825935311616949e-03 2.886027633006446515e-03
8.635778094028629539e+02 -1.619904738743964117e+03 5.800659757965162555e+01 0.000000000000000000e+00 0.000000000000000000e+00 -1.277218165505189518e-03 4.080825935311614347e-03 4.080825935311616949e-03 2.886225476301833119e-03
8.966939048613754721e+02 -1.245794652895717263e+03 4.676187764573047900e+01 0.000000000000000000e+00 0.000000000000000000e+00 5.343614605507696069e-03 4.080825935311614347e-03 4.080825935311616949e-03 2.886045689781894207e-03
5.488929808641270256e+02 -9.142644965816289186e+02 3.235597678586170645e+01 0.000000000000000000e+00 0.000000000000000000e+00 -5.453439093152212536e-03 4.080825935311614347e-03 4.080825935311616949e-03 2.885803017976772567e-03
5.201780744385595199e+02 -5.373366987797973024e+02 2.579073997937128482e+01 0.000000000000000000e+00 0.000000000000000000e+00 2.038128093145274988e-02 4.080825935311614347e-03 4.080825935311616949e-03 2.885696112504040033e-03
6.824123060390090814e+02 -6.649553601449654252e+02 3.000701554593935327e+01 0.000000000000000000e+00 0.000000000000000000e+00 2.523143128872717966e-02 4.080825935311614347e-03 4.080825935311616949e-03 2.885768778805317906e-03
8.989620836291875321e+02 -8.711783621977127723e+02 3.792565843398185166e+01 0.000000000000000000e+00 0.000000000000000000e+00 2.814448645266054427e-02 4.080825935311614347e-03 4.080825935311616949e-03 2.885904012982212427e-03
8.885798197858888443e+02 -5.399325357272244901e+02 3.243837811786102776e+01 0.000000000000000000e+00 0.000000000000000000e+00 7.742596194759698847e-05 4.080825935311614347e-03 4.080825935311616949e-03 2.885816217315569868e-03
5.082620757064103145e+02 -2.270426162607934657e+02 2.294501856211150326e+01 0.000000000000000000e+00 0.000000000000000000e+00 -5.446104061576306776e-03 4.080825935311614347e-03 4.080825935311616949e-03 2.885649927244398130e-03
5.201373994031192751e+02 1.729161161604043286e+02 2.288410492257227702e+01 0.000000000000000000e+00 0.000000000000000000e+00 1.520563143754216640e-02 4.080825935311614347e-03 4.080825935311616949e-03 2.885650782647599961e-03
6.790203291759826243e+02 5.680910227932469070e+01 2.501865576651032441e+01 0.000000000000000000e+00 0.000000000000000000e+00 -1.435382241712801488e-02 4.080825935311614347e-03 4.080825935311616949e-03 2.885690635299389267e-03
8.712302965112043012e+02 -1.594617540869863888e+02 2.907253225361881022e+01 0.000000000000000000e+00 0.000000000000000000e+00 2.399268146646704736e-05 4.080825935311614347e-03 4.080825935311616949e-03 2.885763473826131499e-03
8.792257465998294492e+02 1.821771144537113400e+02 2.941567413054342239e+01 0.000000000000000000e+00 0.000000000000000000e+00 5.118558175265519594e-03 4.080825935311614347e-03 4.080825935311616949e-03 2.885773391628053668e-03
5.352540803143074299e+02 4.961275726438890388e+02 2.564727791029816117e+01 0.000000000000000000e+00 0.000000000000000000e+00 6.611046490252903141e-03 4.080825935311614347e-03 4.080825935311616949e-03 2.885699350930545724e-03
5.079314107572395187e+02 8.918099745924262152e+02 3.181887081718463506e+01 0.000000000000000000e+00 0.000000000000000000e+00 3.848129540707745377e-02 4.080825935311614347e-03 4.080825935311616949e-03 2.885806045581920925e-03
6.887771228642321830e+02 7.225178885620739493e+02 3.138540843794400459e+01 0.000000000000000000e+00 0.000000000000000000e+00 -3.680803804684273928e-05 4.080825935311614347e-03 4.080825935311616949e-03 2.885804306244410099e-03
8.714564887421093999e+02 5.450722863225876154e+02 3.241639013701629324e+01 0.000000000000000000e+00 0.000000000000000000e+00 -8.467820677978465937e-03 4.080825935311614347e-03 4.080825935311616949e-03 2.885828480751182791e-03
8.754067733911613232e+02 8.892316409628303973e+02 3.845298155873686596e+01 0.000000000000000000e+00 0.000000000000000000e+00 7.200691023001581925e-03 4.080825935311614347e-03 4.080825935311616949e-03 2.885937121338938774e-03
5.350959522818149026e+02 1.194596019119754374e+03 3.981023429229169608e+01 0.000000000000000000e+00 0.000000000000000000e+00 -4.703367864945562360e-02 4.080825935311614347e-03 4.080825935311616949e-03 2.885947218050325877e-03
5.044570962425624998e+02 1.588921412480519166e+03 5.280365280961009944e+01 0.000000000000000000e+00 0.000000000000000000e+00 1.245297499610131808e-02 4.080825935311614347e-03 4.080825935311616949e-03 2.886176784751659334e-03
6.882565282795753774e+02 1.490187855088518972e+03 5.200320348853118446e+01 0.000000000000000000e+00 0.000000000000000000e+00 3.750942971554849237e-02 4.080825935311614347e-03 4.080825935311616949e-03 2.886170957220935297e-03
9.072664412873158426e+02 1.251076792702082003e+03 4.862970553305488863e+01 0.000000000000000000e+00 0.000000000000000000e+00 4.136123579400674544e-02 4.080825935311614347e-03 4.080825935311616949e-03 2.886121981094846162e-03
8.908099879160665751e+02 1.587175689859101340e+03 5.998531647765076968e+01 0.000000000000000000e+00 0.000000000000000000e+00 3.273126647886925866e-02 4.080825935311614347e-03 4.080825935311616949e-03 2.886327098336600311e-03
5.563787175416251785e+02 1.929021956299131716e+03 6.840101714958781542e+01 0.000000000000000000e+00 0.000000000000000000e+00 7.794395858084612883e-03 4.080825935311614347e-03 4.080825935311616949e-03 2.886460076445532177e-03
5.218873992657888721e+02 2.303401450955861492e+03 8.787279128686033403e+01 0.000000000000000000e+00 0.000000000000000000e+00 2.739899900319642256e-03 4.080825935311614347e-03 4.080825935311616949e-03 2.886814080183540930e-03
7.036789540006153629e+02 2.198599565526271817e+03 8.494933149933363836e+01 0.000000000000000000e+00 0.000000000000000000e+00 2.374475136247156115e-02 4.080825935311614347e-03 4.080825935311616949e-03 2.886771674674098488e-03
9.038296913930671508e+02 1.962561186476031935e+03 7.694767429746411835e+01 0.000000000000000000e+00 0.000000000000000000e+00 -7.822011172919474120e-03 4.080825935311614347e-03 4.080825935311616949e-03 2.886639059651006228e-03
9.010874650732985174e+02 2.311315391639569043e+03 9.578216373293953723e+01 0.000000000000000000e+00 0.000000000000000000e+00 1.782967399429935540e-02 4.080825935311614347e-03 4.080825935311616949e-03 2.886988537575213565e-03
5.265013189825259587e+02 2.625701634231219941e+03 1.082820211721324313e+02 0.000000000000000000e+00 0.000000000000000000e+00 -3.260869868680060790e-02 4.080825935311614347e-03 4.080825935311616949e-03 2.887192554341039014e-03
5.130867493601365368e+02 3.018230224837359401e+03 1.369206491447480118e+02 0.000000000000000000e+00 0.000000000000000000e+00 6.205998672868417998e-03 4.080825935311614347e-03 4.080825935311616949e-03 2.887730502711881482e-03
6.907199300076749751e+02 2.910365306323973982e+03 1.315615918655303744e+02 0.000000000000000000e+00 0.000000000000000000e+00 -1.558774539103069401e-02 4.080825935311614347e-03 4.080825935311616949e-03 2.887643001021585228e-03
8.958661427324381066e+02 2.681500556955911634e+03 1.194571207672868098e+02 0.000000000000000000e+00 0.000000000000000000e+00 1.185381522425643652e-02 4.080825935311614347e-03 4.080825935311616949e-03 2.887433440815967509e-03
8.857875305592950781e+02 3.008199612432968934e+03 1.435161225645000513e+02 0.000000000000000000e+00 0.000000000000000000e+00 -3.753176717202677537e-02 4.080825935311614347e-03 4.080825935311616949e-03 2.887891041806648056e-03
-4.136314771771497867e+00 2.916109469539350812e+03 1.252709866338040854e+02 0.000000000000000000e+00 0.000000000000000000e+00 -2.481072221509350584e-02 4.080825935311613480e-03 4.080825935311616949e-03 2.887492926039642721e-03
1.585341675463570255e+02 3.014278290627304614e+03 1.332372480686309757e+02 0.000000000000000000e+00 0.000000000000000000e+00 -3.900144068413169407e-02 4.080825935311613480e-03 4.080825935311616949e-03 2.887644518290240561e-03
1.619835205117793464e+02 2.649167577130468999e+03 1.063777785338398303e+02 0.000000000000000000e+00 0.000000000000000000e+00 1.961320576057801190e-02 4.080825935311613480e-03 4.080825935311616949e-03 2.887141986670885372e-03
-1.835233319731900110e+02 2.671093856095600131e+03 1.079854789718562671e+02 0.000000000000000000e+00 0.000000000000000000e+00 1.612404413103263323e-02 4.080825935311613480e-03 4.080825935311616949e-03 2.887172295425222829e-03
-1.896986987961258251e+02 2.351889047137051421e+03 8.748381292580475588e+01 0.000000000000000000e+00 0.000000000000000000e+00 3.058627973815930545e-02 4.080825935311613480e-03 4.080825935311616949e-03 2.886794138037632792e-03
1.828129067793172169e+02 2.349403598509590665e+03 8.729992559154264598e+01 0.000000000000000000e+00 0.000000000000000000e+00 -2.467836648099819286e-02 4.080825935311613480e-03 4.080825935311616949e-03 2.886790627775011418e-03
1.523481711332041044e+01 2.203545357842437170e+03 7.843209954057252276e+01 0.000000000000000000e+00 0.000000000000000000e+00 -2.086400915568731307e-02 4.080825935311613480e-03 4.080825935311616949e-03 2.886626995716630017e-03
-1.987659854429971631e+02 1.962585253005244795e+03 6.636229602380215908e+01 0.000000000000000000e+00 0.000000000000000000e+00 -1.086211734414632701e-02 4.080825935311613480e-03 4.080825935311616949e-03 2.886410518816356473e-03
1.890810548133146938e+02 1.956063809750470909e+03 6.599208490917683889e+01 0.000000000000000000e+00 0.000000000000000000e+00 6.100901764304467179e-02 4.080825935311613480e-03 4.080825935311616949e-03 2.886403670249534752e-03
1.737309597083195456e+02 1.633331237766121376e+03 5.155208019939688313e+01 0.000000000000000000e+00 0.000000000000000000e+00 -3.945811891764350321e-02 4.080825935311613480e-03 4.080825935311616949e-03 2.886145150738254461e-03
-1.894787221552945198e+02 1.648914957753253020e+03 5.225884530158975849e+01 0.000000000000000000e+00 0.000000000000000000e+00 -1.554930608723736896e-02 4.080825935311613480e-03 4.080825935311616949e-03 2.886157951933341920e-03
-3.062883825790789327e+00 1.489523538193374407e+03 4.563725430557173013e+01 0.000000000000000000e+00 0.000000000000000000e+00 -2.755617244964980728e-03 4.080825935311613480e-03 4.080825935311616949e-03 2.886039228158788269e-03
-1.870572608515456068e+02 1.241605778719808768e+03 3.786347568695148880e+01 0.000000000000000000e+00 0.000000000000000000e+00 -2.818877451974088899e-02 4.080825935311613480e-03 4.080825935311616949e-03 2.885904124266708802e-03
1.764425187853739203e+02 1.246637922184196213e+03 3.796387944869400854e+01 0.000000000000000000e+00 0.000000000000000000e+00 -1.970987285758241114e-02 4.080825935311613480e-03 4.080825935311616949e-03 2.885905736230028572e-03
1.922153239085214125e+02 9.370226415679394449e+02 2.990317071836462048e+01 0.000000000000000000e+00 0.000000000000000000e+00 4.003567300174992738e-02 4.080825935311613480e-03 4.080825935311616949e-03 2.885765870438074688e-03
-1.796194562331980933e+02 9.430991732437935298e+02 2.997822331224232784e+01 0.000000000000000000e+00 0.000000000000000000e+00 9.208518578496693863e-03 4.080825935311613480e-03 4.080825935311616949e-03 2.885767012554217234e-03
2.431762034290264296e+01 7.729581270722928821e+02 2.608321534185760981e+01 0.000000000000000000e+00 0.000000000000000000e+00 2.657218045662901318e-02 4.080825935311613480e-03 4.080825935311616949e-03 2.885699004398348255e-03
-1.702077184677162904e+02 5.332652648146636238e+02 2.275076169146631244e+01 0.000000000000000000e+00 0.000000000000000000e+00 -7.323110201895133287e-03 4.080825935311613480e-03 4.080825935311616949e-03 2.885642963222256191e-03
1.965793855385011000e+02 5.382519945283842162e+02 2.293942547058921377e+01 0.000000000000000000e+00 0.000000000000000000e+00 1.548603677861137839e-02 4.080825935311613480e-03 4.080825935311616949e-03 2.885646445518626722e-03
-2.012810013489185508e+02 2.370403594196491213e+02 2.022499760141065295e+01 0.000000000000000000e+00 0.000000000000000000e+00 -5.860864517249098071e-03 4.080825935311613480e-03 4.080825935311616949e-03 2.885600434818261575e-03
1.983708418034045735e+02 2.235176734181473535e+02 2.013735101007819850e+01 0.000000000000000000e+00 0.000000000000000000e+00 -3.558956337826657546e-02 4.080825935311613480e-03 4.080825935311616949e-03 2.885598924776417839e-03
4.745676981284763229e+01 5.435425008848819317e+01 1.911309319499430259e+01 0.000000000000000000e+00 0.000000000000000000e+00 -9.820589270319146635e-03 4.080825935311613480e-03 4.080825935311616949e-03 2.885580798721891580e-03
2.103307231803221384e+02 -1.676430191150531073e+02 1.993927281260047124e+01 0.000000000000000000e+00 0.000000000000000000e+00 4.357686484954825801e-03 4.080825935311613480e-03 4.080825935311616949e-03 2.885595436855566825e-03
-1.812026955948826696e+02 -1.712370265349062493e+02 1.980735181735402861e+01 0.000000000000000000e+00 0.000000000000000000e+00 1.458676789988189171e-02 4.080825935311613480e-03 4.080825935311616949e-03 2.885592991277552855e-03
-1.659136080339985710e+02 -4.884626038842924913e+02 2.212895066497317487e+01 0.000000000000000000e+00 0.000000000000000000e+00 -2.632865764898895122e-02 4.080825935311613480e-03 4.080825935311616949e-03 2.885631030141173458e-03
2.106060392241307682e+02 -4.843250525387051653e+02 2.229721059598236721e+01 0.000000000000000000e+00 0.000000000000000000e+00 -3.482208970552491678e-02 4.080825935311613480e-03 4.080825935311616949e-03 2.885634144030606221e-03
1.763947288653522349e+01 -6.470108776646853812e+02 2.382825806396575175e+01 0.000000000000000000e+00 0.000000000000000000e+00 -5.385621268722218247e-03 4.080825935311613480e-03 4.080825935311616949e-03 2.885658304296719479e-03
-1.435591930775592573e+02 -8.860711244102176352e+02 2.822980015745251592e+01 0.000000000000000000e+00 0.000000000000000000e+00 1.512377548582577447e-02 4.080825935311613480e-03 4.080825935311616949e-03 2.885730478869343030e-03
-1.655134303891734930e+02 -1.202513386285950219e+03 3.574818464703945864e+01 0.000000000000000000e+00 0.000000000000000000e+00 -3.716623694351994800e-02 4.080825935311613480e-03 4.080825935311616949e-03 2.885852528277086087e-03
1.131761848795886216e+01 -1.351487181742219263e+03 3.966798296857254513e+01 0.000000000000000000e+00 0.000000000000000000e+00 -2.634697060769752852e-02 4.080825935311613480e-03 4.080825935311616949e-03 2.885915368805488500e-03
1.956144562547342787e+02 -1.645733918785155311e+03 5.000658892655684440e+01 0.000000000000000000e+00 0.000000000000000000e+00 3.131055721460995755e-03 4.080825935311613480e-03 4.080825935311616949e-03 2.886082741751501250e-03
1.863421711576180257e+02 -1.242252121298382690e+03 3.693021103555986429e+01 0.000000000000000000e+00 0.000000000000000000e+00 -5.243124650289132660e-02 4.080825935311613480e-03 4.080825935311616949e-03 2.885871780696323916e-03
-1.553682221679671613e+02 -1.908348889028899066e+03 6.024000210781807141e+01 0.000000000000000000e+00 0.000000000000000000e+00 1.224486079751585521e-02 4.080825935311613480e-03 4.080825935311616949e-03 2.886247101602782382e-03
2.070033271080978068e+02 -1.907169390525945573e+03 6.042594181272009735e+01 0.000000000000000000e+00 0.000000000000000000e+00 9.062558232848516582e-03 4.080825935311613480e-03 4.080825935311616949e-03 2.886250461111299678e-03
2.624998842681761957e+01 -2.058972592583021196e+03 6.660557609272476043e+01 0.000000000000000000e+00 0.000000000000000000e+00 2.324307486613008678e-02 4.080825935311613480e-03 4.080825935311616949e-03 2.886348967651026966e-03
2.195713229956650423e+02 -2.287746342314239882e+03 7.829396474458933142e+01 0.000000000000000000e+00 0.000000000000000000e+00 4.842046377149245018e-03 4.080825935311613480e-03 4.080825935311616949e-03 2.886537920097546547e-03
-1.672020281206979746e+02 -2.303802088267264025e+03 7.885989308069621018e+01 0.000000000000000000e+00 0.000000000000000000e+00 3.477525155949479085e-02 4.080825935311613480e-03 4.080825935311616949e-03 2.886546585357502737e-03
2.021333333760523203e+02 -2.619771743589304151e+03 9.639652301992239813e+01 0.000000000000000000e+00 0.000000000000000000e+00 -2.625765359991305559e-02 4.080825935311613480e-03 4.080825935311616949e-03 2.886829331204190420e-03
2.874703300714806531e+01 -2.782523052857075527e+03 1.057277339122430959e+02 0.000000000000000000e+00 0.000000000000000000e+00 6.601729955350776891e-02 4.080825935311613480e-03 4.080825935311616949e-03 2.886978945849478281e-03
2.118970857013223963e+02 -3.004560159433294302e+03 1.207112689386694484e+02 0.000000000000000000e+00 0.000000000000000000e+00 9.544103793160729765e-03 4.080825935311613480e-03 4.080825935311616949e-03 2.887222603616185299e-03
-1.507368886138533810e+02 -3.053680314783824087e+03 1.237741930749821790e+02 0.000000000000000000e+00 0.000000000000000000e+00 4.144199270483284181e-02 4.080825935311613480e-03 4.080825935311616949e-03 2.887271660045917943e-03
-5.122654908219665231e+02 -3.014957793726403452e+03 1.242033996320930385e+02 0.000000000000000000e+00 0.000000000000000000e+00 -2.301389088155758600e-02 4.080825935311615214e-03 4.080825935311615214e-03 2.887285376325843169e-03
-7.079810529169513984e+02 -2.825724007837276076e+03 1.148371113973570630e+02 0.000000000000000000e+00 0.000000000000000000e+00 2.896003696605475852e-02 4.080825935311615214e-03 4.080825935311615214e-03 2.887139444156214783e-03
-8.370359633131556620e+02 -3.014050961733509212e+03 1.297714581617853185e+02 0.000000000000000000e+00 0.000000000000000000e+00 4.464296298985459543e-02 4.080825935311615214e-03 4.080825935311615214e-03 2.887388346273214376e-03
-8.646680481583600795e+02 -2.669952252353536096e+03 1.083805974364324811e+02 0.000000000000000000e+00 0.000000000000000000e+00 6.165058665573042163e-02 4.080825935311615214e-03 4.080825935311615214e-03 2.887040596267104273e-03
-5.135683124025692905e+02 -2.637637668288178247e+03 1.002838666755869781e+02 0.000000000000000000e+00 0.000000000000000000e+00 -1.360789818146201924e-02 4.080825935311615214e-03 4.080825935311615214e-03 2.886897501184450959e-03
-6.542289452199155448e+02 -2.116790839137491730e+03 7.470324331267585194e+01 0.000000000000000000e+00 0.000000000000000000e+00 -2.085177402480553610e-02 4.080825935311615214e-03 4.080825935311615214e-03 2.886488155826511404e-03
-8.449247716001747222e+02 -2.311150946915452550e+03 8.794192677374110190e+01 0.000000000000000000e+00 0.000000000000000000e+00 -1.502674383044677597e-02 4.080825935311615214e-03 4.080825935311615214e-03 2.886708150490511961e-03
-8.684632642602706483e+02 -1.965151313801367678e+03 7.193040096378143744e+01 0.000000000000000000e+00 0.000000000000000000e+00 4.052785943585490713e-03 4.080825935311615214e-03 4.080825935311615214e-03 2.886450186211089123e-03
-5.435407995317892755e+02 -1.918347229770281047e+03 6.409311433058991270e+01 0.000000000000000000e+00 0.000000000000000000e+00 7.859990390528537318e-04 4.080825935311615214e-03 4.080825935311615214e-03 2.886314498361453301e-03
-5.376272707201088679e+02 -1.613429026136168432e+03 5.199585928107609334e+01 0.000000000000000000e+00 0.000000000000000000e+00 -2.073091489024392331e-02 4.080825935311615214e-03 4.080825935311615214e-03 2.886119591559440679e-03
-6.756615769893148808e+02 -1.404573763544701251e+03 4.706881527203599802e+01 0.000000000000000000e+00 0.000000000000000000e+00 -2.231224912182483422e-02 4.080825935311615214e-03 4.080825935311615214e-03 2.886043498346434026e-03
-5.204187780099465499e+02 -1.254634435746802183e+03 4.025871100941243697e+01 0.000000000000000000e+00 0.000000000000000000e+00 -6.454366970804414905e-02 4.080825935311615214e-03 4.080825935311615214e-03 2.885930055007813067e-03
-8.453085114958321356e+02 -1.244500078768104686e+03 4.559093752120764975e+01 0.000000000000000000e+00 0.000000000000000000e+00 -2.093132392231211725e-02 4.080825935311615214e-03 4.080825935311615214e-03 2.886024962760412680e-03
-8.432141972828613916e+02 -9.233213506231127212e+02 3.774162204734971482e+01 0.000000000000000000e+00 0.000000000000000000e+00 6.670416675789425653e-02 4.080825935311615214e-03 4.080825935311615214e-03 2.885898762534593216e-03
-5.424420613227576951e+02 -9.063032350566645619e+02 3.210361767650235265e+01 0.000000000000000000e+00 0.000000000000000000e+00 -1.839435105062392495e-02 4.080825935311615214e-03 4.080825935311615214e-03 2.885798790889502943e-03
-6.420101582302286261e+02 -6.570500155887200435e+02 2.920848526309654858e+01 0.000000000000000000e+00 0.000000000000000000e+00 3.179211525324987520e-02 4.080825935311615214e-03 4.080825935311615214e-03 2.885754644723278160e-03
-8.363227403227149352e+02 -5.077858980005221383e+02 3.090896459817680153e+01 0.000000000000000000e+00 0.000000000000000000e+00 1.709819857008554322e-02 4.080825935311615214e-03 4.080825935311615214e-03 2.885789396839004949e-03
-5.365404061936300195e+02 -2.129178683831443664e+02 2.325271920513361579e+01 0.000000000000000000e+00 0.000000000000000000e+00 6.473256733713128597e-03 4.080825935311615214e-03 4.080825935311615214e-03 2.885655736988210901e-03
-8.462297967720352290e+02 -1.858568965220583209e+02 2.862111732102179218e+01 0.000000000000000000e+00 0.000000000000000000e+00 -5.188690999588985164e-02 4.080825935311615214e-03 4.080825935311615214e-03 2.885754720111930946e-03
-6.847726724527166198e+02 7.031175840320769588e+00 2.507657297143445874e+01 0.000000000000000000e+00 0.000000000000000000e+00 5.312756865352952218e-02 4.080825935311615214e-03 4.080825935311615214e-03 2.885691454120375542e-03
-5.383379104231180463e+02 1.776439451346909095e+02 2.315229440228307567e+01 0.000000000000000000e+00 0.000000000000000000e+00 -8.841986173322879949e-03 4.080825935311615214e-03 4.080825935311615214e-03 2.885655791084149567e-03
-8.485404435531305580e+02 2.123719092564892321e+02 2.887472711177782969e+01 0.000000000000000000e+00 0.000000000000000000e+00 -5.044660085831509377e-02 4.080825935311615214e-03 4.080825935311615214e-03 2.885763273486967404e-03
-5.587293115466250129e+02 5.212061224327979971e+02 2.628376091384313185e+01 0.000000000000000000e+00 0.000000000000000000e+00 -2.421836510070463078e-02 4.080825935311615214e-03 4.080825935311615214e-03 2.885711019727613211e-03
-8.218644054505029999e+02 5.179614959267423728e+02 3.097535780437776509e+01 0.000000000000000000e+00 0.000000000000000000e+00 -6.635504032168171307e-03 4.080825935311615214e-03 4.080825935311615214e-03 2.885801175982215683e-03
-6.980618560187850790e+02 7.293710118591209266e+02 3.167315400821051341e+01 0.000000000000000000e+00 0.000000000000000000e+00 5.537914347490868749e-02 4.080825935311615214e-03 4.080825935311615214e-03 2.885809695042413844e-03
-5.469679975245343257e+02 8.814865182725726527e+02 3.214064056641436196e+01 0.000000000000000000e+00 0.000000000000000000e+00 -1.700458240001267995e-02 4.080825935311615214e-03 4.080825935311615214e-03 2.885812878901228892e-03
-8.304526450502947910e+02 9.140275242667188422e+02 3.798291296160869024e+01 0.000000000000000000e+00 0.000000000000000000e+00 -3.517717558447230886e-02 4.080825935311615214e-03 4.080825935311615214e-03 2.885926817263819149e-03
-5.345653093761061427e+02 1.197049466772766436e+03 3.987386408246163683e+01 0.000000000000000000e+00 0.000000000000000000e+00 1.091915051705427686e-02 4.080825935311615214e-03 4.080825935311615214e-03 2.885948321418193002e-03
-8.196333042368647739e+02 1.219684318164808019e+03 4.566713382776227803e+01 0.000000000000000000e+00 0.000000000000000000e+00 1.043794427819477733e-02 4.080825935311615214e-03 4.080825935311615214e-03 2.886063974467424631e-03
-7.428039837990642127e+02 1.452187396396117038e+03 5.167414643632405102e+01 0.000000000000000000e+00 0.000000000000000000e+00 -3.164919014789546736e-02 4.080825935311615214e-03 4.080825935311615214e-03 2.886167895755855153e-03
-5.203860872370081552e+02 1.582172559814099031e+03 5.275932278966573108e+01 0.000000000000000000e+00 0.000000000000000000e+00 1.216837310025198349e-02 4.080825935311615214e-03 4.080825935311615214e-03 2.886176650806338787e-03
-8.522215306918023998e+02 1.637348499564382792e+03 6.108520560097068852e+01 0.000000000000000000e+00 0.000000000000000000e+00 -1.310225425103084262e-02 4.080825935311615214e-03 4.080825935311615214e-03 2.886344630387764881e-03
-5.524399473866740209e+02 1.906782367233780633e+03 6.727538048381367730e+01 0.000000000000000000e+00 0.000000000000000000e+00 -3.064737746312573563e-02 4.080825935311615214e-03 4.080825935311615214e-03 2.886439465199036169e-03
-8.302347673292127865e+02 1.928778029769932800e+03 7.355588965818850511e+01 0.000000000000000000e+00 0.000000000000000000e+00 -2.469849528802114946e-02 4.080825935311615214e-03 4.080825935311615214e-03 2.886571105455956569e-03
-7.567270601424195320e+02 2.154589374620693434e+03 8.358595109023829650e+01 0.000000000000000000e+00 0.000000000000000000e+00 -3.370947072006913459e-02 4.080825935311615214e-03 4.080825935311615214e-03 2.886750329730273026e-03
-5.298476779387004854e+02 2.305518377269243501e+03 8.811216101278563428e+01 0.000000000000000000e+00 0.000000000000000000e+00 4.419914503941413386e-02 4.080825935311615214e-03 4.080825935311615214e-03 2.886818929392097333e-03
-8.416125584673450248e+02 2.331789120219017150e+03 9.556448144711987425e+01 0.000000000000000000e+00 0.000000000000000000e+00 1.979226921183396826e-02 4.080825935311615214e-03 4.080825935311615214e-03 2.886979233919821034e-03
-8.698243922619400337e+02 2.600615926171406045e+03 1.132783478599075266e+02 0.000000000000000000e+00 0.000000000000000000e+00 -1.041185741398464870e-02 4.080825935311615214e-03 4.080825935311615214e-03 2.887314023141298539e-03
-5.414741216737537570e+02 2.627602191294391105e+03 1.086338279765546275e+02 0.000000000000000000e+00 0.000000000000000000e+00 -2.240592855520162630e-02 4.080825935311615214e-03 4.080825935311615214e-03 2.887200068747937387e-03
-6.941416097112694388e+02 2.847566646683178078e+03 1.269034793008609370e+02 0.000000000000000000e+00 0.000000000000000000e+00 -5.239674290235996068e-02 4.080825935311615214e-03 4.080825935311615214e-03 2.887555032846668510e-03
-1.381347977152603562e+03 2.838710926242370988e+03 1.463807831507050423e+02 0.000000000000000000e+00 0.000000000000000000e+00 3.028606742134343222e-03 4.080825935311615214e-03 4.080825935311615214e-03 2.888014499091316398e-03
-1.602393000016821816e+03 3.010139954279328776e+03 1.690623113105927757e+02 0.000000000000000000e+00 0.000000000000000000e+00 2.541121348625097198e-02 4.080825935311615214e-03 4.080825935311615214e-03 2.888499584843265498e-03
-1.222428947350982298e+03 3.002252456651161083e+03 1.531268005639480805e+02 0.000000000000000000e+00 0.000000000000000000e+00 -1.915149744698396717e-02 4.080825935311615214e-03 4.080825935311615214e-03 2.888121884617302158e-03
-1.222629362818305935e+03 2.660290604399518998e+03 1.276896850151588438e+02 0.000000000000000000e+00 0.000000000000000000e+00 5.079269942434905261e-02 4.080825935311615214e-03 4.080825935311615214e-03 2.887629261230812653e-03
-1.582638895920778168e+03 2.668262847295691245e+03 1.424541614948879840e+02 0.000000000000000000e+00 0.000000000000000000e+00 3.585643800377624757e-02 4.080825935311615214e-03 4.080825935311615214e-03 2.887968598785767369e-03
-1.593510785111148152e+03 2.351212837988679894e+03 1.221451302683923927e+02 0.000000000000000000e+00 0.000000000000000000e+00 -2.951389987055108577e-02 4.080825935311615214e-03 4.080825935311615214e-03 2.887571438079730712e-03
-1.200294302669133685e+03 2.356010270768034843e+03 1.071608856828823377e+02 0.000000000000000000e+00 0.000000000000000000e+00 -1.693031087512508748e-02 4.080825935311615214e-03 4.080825935311615214e-03 2.887233701723898073e-03
-1.383835382698954163e+03 2.200172517232266273e+03 1.046040606085948070e+02 0.000000000000000000e+00 0.000000000000000000e+00 7.311566295655325121e-03 4.080825935311615214e-03 4.080825935311615214e-03 2.887205960978101674e-03
-1.554554903283284830e+03 1.935640521199015893e+03 9.750756678214678175e+01 0.000000000000000000e+00 0.000000000000000000e+00 4.452686717327480892e-02 4.080825935311615214e-03 4.080825935311615214e-03 2.887088016795292481e-03
-1.205333457583157724e+03 1.967380562642555788e+03 8.587471463061250176e+01 0.000000000000000000e+00 0.000000000000000000e+00 4.653667567274055727e-02 4.080825935311615214e-03 4.080825935311615214e-03 2.886831605724460900e-03
-1.216142761422669992e+03 1.631088321492999285e+03 7.099674734762594142e+01 0.000000000000000000e+00 0.000000000000000000e+00 -3.563698863608522061e-02 4.080825935311615214e-03 4.080825935311615214e-03 2.886553773988840502e-03
-1.584081749272350180e+03 1.655723768394153240e+03 8.599277858753296755e+01 0.000000000000000000e+00 0.000000000000000000e+00 8.401465816973541223e-03 4.080825935311615214e-03 4.080825935311615214e-03 2.886868384327142493e-03
-1.381232648614407026e+03 1.492939888185255768e+03 7.139169123517208959e+01 0.000000000000000000e+00 0.000000000000000000e+00 -2.581838920336565479e-02 4.080825935311615214e-03 4.080825935311615214e-03 2.886573779556169100e-03
-1.194654546487900916e+03 1.248871194250300277e+03 5.662120801734612030e+01 0.000000000000000000e+00 0.000000000000000000e+00 2.882980984043825856e-02 4.080825935311615214e-03 4.080825935311615214e-03 2.886284918593608976e-03
-1.206977740224668878e+03 9.241691766494853937e+02 4.834145638091595742e+01 0.000000000000000000e+00 0.000000000000000000e+00 -1.300106478259266396e-02 4.080825935311615214e-03 4.080825935311615214e-03 2.886131958867404427e-03
-1.572024508832608490e+03 9.316100374733962326e+02 6.197311455663173518e+01 0.000000000000000000e+00 0.000000000000000000e+00 3.867438080074947493e-02 4.080825935311615214e-03 4.080825935311615214e-03 2.886403594321170028e-03
-1.383560138904814949e+03 7.789958990451974614e+02 5.135388054124092605e+01 0.000000000000000000e+00 0.000000000000000000e+00 1.850222888818109368e-02 4.080825935311615214e-03 4.080825935311615214e-03 2.886194484097175886e-03
-1.211609486426148578e+03 5.256891964739986634e+02 4.142778940296445001e+01 0.000000000000000000e+00 0.000000000000000000e+00 -1.013632817882381687e-02 4.080825935311615214e-03 4.080825935311615214e-03 2.886002497745290656e-03
-1.555471358890387819e+03 4.684195925666450080e+02 5.320287991634535274e+01 0.000000000000000000e+00 0.000000000000000000e+00 5.868868383745962092e-02 4.080825935311615214e-03 4.080825935311615214e-03 2.886229723438147200e-03
-1.567491774026034363e+03 1.875807714021167953e+02 5.133120273302188252e+01 0.000000000000000000e+00 0.000000000000000000e+00 -3.663703557472075545e-02 4.080825935311615214e-03 4.080825935311615214e-03 2.886187764545224133e-03
-1.236836202799877356e+03 2.015514266226126665e+02 3.932190017660120418e+01 0.000000000000000000e+00 0.000000000000000000e+00 2.260113513941064411e-04 4.080825935311615214e-03 4.080825935311615214e-03 2.885960386222778933e-03
-1.384970261733855295e+03 5.427601602153894333e+01 4.385825193528599186e+01 0.000000000000000000e+00 0.000000000000000000e+00 2.185235922280526211e-02 4.080825935311615214e-03 4.080825935311615214e-03 2.886043081123905365e-03
-1.189157337188393285e+03 -1.625833384638156645e+02 3.751363123994514837e+01 0.000000000000000000e+00 0.000000000000000000e+00 -1.114373382603162099e-02 4.080825935311615214e-03 4.080825935311615214e-03 2.885919341417295288e-03
-1.585847058501938136e+03 -1.695583389565462653e+02 5.177317299271314255e+01 0.000000000000000000e+00 0.000000000000000000e+00 -4.359811596827256608e-02 4.080825935311615214e-03 4.080825935311615214e-03 2.886183958226854265e-03
-1.564429697560062550e+03 -4.887971795915500479e+02 5.313282334938493534e+01 0.000000000000000000e+00 0.000000000000000000e+00 -2.195654323408291475e-03 4.080825935311615214e-03 4.080825935311615214e-03 2.886195465580096865e-03
-1.253648847806651929e+03 -5.010233101733170429e+02 4.199687971352392424e+01 0.000000000000000000e+00 0.000000000000000000e+00 -4.492814589774241085e-03 4.080825935311615214e-03 4.080825935311615214e-03 2.885991196686069418e-03
-1.388439699293103331e+03 -6.625522324142302750e+02 4.865209060637498339e+01 0.000000000000000000e+00 0.000000000000000000e+00 -3.076198500323812368e-02 4.080825935311615214e-03 4.080825935311615214e-03 2.886105896104817440e-03
-1.570886480254795288e+03 -8.821385806289689526e+02 5.935023951774341100e+01 0.000000000000000000e+00 0.000000000000000000e+00 -5.265913188655702015e-02 4.080825935311615214e-03 4.080825935311615214e-03 2.886289413194865691e-03
-1.554573716903463264e+03 -1.212821728016477891e+03 6.641141682213270769e+01 0.000000000000000000e+00 0.000000000000000000e+00 4.259132892279637872e-02 4.080825935311615214e-03 4.080825935311615214e-03 2.886398671711904503e-03
-1.233836868767707074e+03 -1.214374387874209788e+03 5.502761873998288422e+01 0.000000000000000000e+00 0.000000000000000000e+00 1.315804101233908341e-02 4.080825935311615214e-03 4.080825935311615214e-03 2.886194474728818668e-03
-1.372935725512156523e+03 -1.348371585533159305e+03 6.348718833532603867e+01 0.000000000000000000e+00 0.000000000000000000e+00 3.579524289684599125e-02 4.080825935311615214e-03 4.080825935311615214e-03 2.886338483592439975e-03
-1.531528107348417507e+03 -1.614095889633165143e+03 7.816555631034997020e+01 0.000000000000000000e+00 0.000000000000000000e+00 4.173250303406916828e-02 4.080825935311615214e-03 4.080825935311615214e-03 2.886585216271175987e-03
-1.217145004709301475e+03 -1.637890643336433641e+03 6.800201601595014722e+01 0.000000000000000000e+00 0.000000000000000000e+00 1.778016949549510173e-02 4.080825935311615214e-03 4.080825935311615214e-03 2.886401968414959145e-03
-1.372770060919980551e+03 -2.065250531572319233e+03 9.083151692554015710e+01 0.000000000000000000e+00 0.000000000000000000e+00 5.791855799658662818e-02 4.080825935311615214e-03 4.080825935311615214e-03 2.886780488969603771e-03
-1.193249874133959565e+03 -2.298831058387504072e+03 9.635575240694099364e+01 0.000000000000000000e+00 0.000000000000000000e+00 4.582259049500692072e-02 4.080825935311615214e-03 4.080825935311615214e-03 2.886860418082273002e-03
-1.540982598203817815e+03 -2.330153234355790573e+03 1.101676598118589965e+02 0.000000000000000000e+00 0.000000000000000000e+00 -3.026683261865059649e-02 4.080825935311615214e-03 4.080825935311615214e-03 2.887107556841757901e-03
-1.561469732816443639e+03 -1.970520144493772932e+03 9.364090366199656046e+01 0.000000000000000000e+00 0.000000000000000000e+00 -1.407801815659581735e-03 4.080825935311615214e-03 4.080825935311615214e-03 2.886838349271215760e-03
-1.568766980351068469e+03 -2.610458756752241243e+03 1.268647561253706328e+02 0.000000000000000000e+00 0.000000000000000000e+00 -5.337578921796648501e-03 4.080825935311615214e-03 4.080825935311615214e-03 2.887385085876193434e-03
-1.346140462298474858e+03 -2.776587220053670990e+03 1.285816389777121458e+02 0.000000000000000000e+00 0.000000000000000000e+00 6.426350886914633520e-02 4.080825935311615214e-03 4.080825935311615214e-03 2.887397828687319166e-03
-1.527686693814052205e+03 -3.017647719461408542e+03 1.511413839954597620e+02 0.000000000000000000e+00 0.000000000000000000e+00 -6.231439330599641835e-02 4.080825935311615214e-03 4.080825935311615214e-03 2.887785888273129015e-03
-1.185501211943931594e+03 -3.003498675437549082e+03 1.381416634258272893e+02 0.000000000000000000e+00 0.000000000000000000e+00 7.078009622546233004e-03 4.080825935311615214e-03 4.080825935311615214e-03 2.887545127954178111e-03
-1.908296904874679512e+03 -2.307343367172507897e+03 1.253328897992834072e+02 0.000000000000000000e+00 0.000000000000000000e+00 -9.912736252260856418e-03 4.080825935311615214e-03 4.080825935311617816e-03 2.887386587787450255e-03
-2.139294371757390763e+03 -2.111925655330821428e+03 1.277413539018126869e+02 0.000000000000000000e+00 0.000000000000000000e+00 3.842696238783105400e-02 4.080825935311615214e-03 4.080825935311617816e-03 2.887447727578482722e-03
-2.252779341849480716e+03 -1.916515506871487560e+03 1.253697440537470982e+02 0.000000000000000000e+00 0.000000000000000000e+00 -6.487894764120483160e-03 4.080825935311615214e-03 4.080825935311617816e-03 2.887420116785440177e-03
-1.935588484484008859e+03 -1.940315670851625555e+03 1.091595409733231179e+02 0.000000000000000000e+00 0.000000000000000000e+00 -2.198479502447980849e-02 4.080825935311615214e-03 4.080825935311617816e-03 2.887121743199701305e-03
-1.931292008875380361e+03 -1.657764261588419231e+03 9.755465178585771469e+01 0.000000000000000000e+00 0.000000000000000000e+00 -3.818070515512772545e-02 4.080825935311615214e-03 4.080825935311617816e-03 2.886932035803211997e-03
-2.215534773705579937e+03 -1.620358588951432694e+03 1.114526371008821855e+02 0.000000000000000000e+00 0.000000000000000000e+00 -2.089505564411808791e-02 4.080825935311615214e-03 4.080825935311617816e-03 2.887188032031896834e-03
-2.104327351577081572e+03 -1.406836537117357238e+03 9.799621260314282267e+01 0.000000000000000000e+00 0.000000000000000000e+00 -5.597372972728464902e-02 4.080825935311615214e-03 4.080825935311617816e-03 2.886958070247693312e-03
-1.945098346663264010e+03 -1.251860510092259574e+03 8.506383586495037719e+01 0.000000000000000000e+00 0.000000000000000000e+00 2.821828430337802729e-02 4.080825935311615214e-03 4.080825935311617816e-03 2.886733485082224222e-03
-2.259706242379446394e+03 -9.411446947386029933e+02 9.468545651854932999e+01 0.000000000000000000e+00 0.000000000000000000e+00 2.986345693102521182e-03 4.080825935311615214e-03 4.080825935311617816e-03 2.886931476781248295e-03
-1.970740763145274741e+03 -9.271635018622705502e+02 7.851407999714183461e+01 0.000000000000000000e+00 0.000000000000000000e+00 2.153539420737615728e-02 4.080825935311615214e-03 4.080825935311617816e-03 2.886635570373346886e-03
-2.097212251384599313e+03 -6.508277273506949996e+02 8.041887949458984508e+01 0.000000000000000000e+00 0.000000000000000000e+00 -1.584720191176813842e-02 4.080825935311615214e-03 4.080825935311617816e-03 2.886688908954926185e-03
-1.965845410038510408e+03 -5.394736763973435245e+02 7.204699181081653592e+01 0.000000000000000000e+00 0.000000000000000000e+00 -1.209244637900042108e-02 4.080825935311615214e-03 4.080825935311617816e-03 2.886541281101575457e-03
-2.239521414948008442e+03 -5.042487974096287644e+02 8.666802539536470817e+01 0.000000000000000000e+00 0.000000000000000000e+00 -5.711326122897730784e-02 4.080825935311615214e-03 4.080825935311617816e-03 2.886815272019883222e-03
-1.944860206011100217e+03 -1.729743832714128189e+02 6.828418287353989058e+01 0.000000000000000000e+00 0.000000000000000000e+00 -1.471576763397308696e-02 4.080825935311615214e-03 4.080825935311617816e-03 2.886492670790148738e-03
-2.050474549870754345e+03 2.209719502585675244e+01 7.366601166575995308e+01 0.000000000000000000e+00 0.000000000000000000e+00 -2.238499545354954989e-02 4.080825935311615214e-03 4.080825935311617816e-03 2.886605257709860383e-03
-1.908055698094397258e+03 1.631294239961959534e+02 6.671262019263238585e+01 0.000000000000000000e+00 0.000000000000000000e+00 3.986076560441631500e-02 4.080825935311615214e-03 4.080825935311617816e-03 2.886479918759288655e-03
-2.242644008246006706e+03 2.169584559413310103e+02 8.533625184771749161e+01 0.000000000000000000e+00 0.000000000000000000e+00 -5.908537481161602045e-03 4.080825935311615214e-03 4.080825935311617816e-03 2.886840537186615829e-03
-2.277727319494235417e+03 4.770718203542439824e+02 8.995559435485938593e+01 0.000000000000000000e+00 0.000000000000000000e+00 -3.367873919532371474e-02 4.080825935311615214e-03 4.080825935311617816e-03 2.886946233890780051e-03
-2.276893867740073802e+03 4.771403515556028765e+02 8.990586450012811781e+01 0.000000000000000000e+00 0.000000000000000000e+00 -1.690180690061993118e-02 4.080825935311615214e-03 4.080825935311617816e-03 2.886945261498186956e-03
-1.957142808693149618e+03 4.862834650896600692e+02 7.203341214063259201e+01 0.000000000000000000e+00 0.000000000000000000e+00 -2.364724893384106963e-02 4.080825935311615214e-03 4.080825935311617816e-03 2.886595927966703092e-03
-1.954690188364652158e+03 8.810846734713097703e+02 7.882242172109326361e+01 0.000000000000000000e+00 0.000000000000000000e+00 5.179422673757017037e-02 4.080825935311615214e-03 4.080825935311617816e-03 2.886740783915730559e-03
-2.246077539603960759e+03 9.099783449498872869e+02 9.591424155922300088e+01 0.000000000000000000e+00 0.000000000000000000e+00 -3.015027079352705641e-02 4.080825935311615214e-03 4.080825935311617816e-03 2.887085453762767550e-03
-2.251437870312065115e+03 1.186042259094913788e+03 1.037253620721388785e+02 0.000000000000000000e+00 0.000000000000000000e+00 4.811002586683343907e-02 4.080825935311615214e-03 4.080825935311617816e-03 2.887252186905549071e-03
-1.955023841919768302e+03 1.192490822766940028e+03 8.705101899824413181e+01 0.000000000000000000e+00 0.000000000000000000e+00 -4.146584287596510876e-03 4.080825935311615214e-03 4.080825935311617816e-03 2.886909243933334038e-03
-2.082553561397903650e+03 1.419727735149902628e+03 1.016178739543010892e+02 0.000000000000000000e+00 0.000000000000000000e+00 3.727500513205939114e-02 4.080825935311615214e-03 4.080825935311617816e-03 2.887208549161663675e-03
-1.945769617396711283e+03 1.585774845419721260e+03 1.005044039666881588e+02 0.000000000000000000e+00 0.000000000000000000e+00 2.080949814352095473e-02 4.080825935311615214e-03 4.080825935311617816e-03 2.887180050567928358e-03
-2.232663904795050712e+03 1.642638440401657363e+03 1.192978700022913472e+02 0.000000000000000000e+00 0.000000000000000000e+00 -6.784287981787429089e-03 4.080825935311615214e-03 4.080825935311617816e-03 2.887577759208759341e-03
-2.251430253717436244e+03 1.892801097872396895e+03 1.319830596427768228e+02 0.000000000000000000e+00 0.000000000000000000e+00 -2.698871963525562023e-02 4.080825935311615214e-03 4.080825935311617816e-03 2.887841806557733294e-03
-1.931296519544622015e+03 1.894414696414207356e+03 1.135463147382272808e+02 0.000000000000000000e+00 0.000000000000000000e+00 8.807008251253023445e-03 4.080825935311615214e-03 4.080825935311617816e-03 2.887440301647619442e-03
-2.093680694969695651e+03 2.126100975655220736e+03 1.347141074207252700e+02 0.000000000000000000e+00 0.000000000000000000e+00 5.915730714940536927e-02 4.080825935311615214e-03 4.080825935311617816e-03 2.887883993964558173e-03
-1.933907917288783437e+03 2.294131560937077666e+03 1.354494022056133247e+02 0.000000000000000000e+00 0.000000000000000000e+00 3.421133842468293551e-02 4.080825935311615214e-03 4.080825935311617816e-03 2.887880006636223476e-03
-2.232413745834126075e+03 2.301387550781227219e+03 1.533239025934054780e+02 0.000000000000000000e+00 0.000000000000000000e+00 3.838234353440839186e-02 4.080825935311615214e-03 4.080825935311617816e-03 2.888281996291533135e-03
-2.992464992681988406e+03 -1.672582389827852694e+03 1.666336477275258687e+02 0.000000000000000000e+00 0.000000000000000000e+00 3.690674053333964366e-02 4.080825935311615214e-03 4.080825935311617816e-03 2.888208518162611524e-03
-2.635111624563235182e+03 -1.661238237749589416e+03 1.395804279843758877e+02 0.000000000000000000e+00 0.000000000000000000e+00 -6.950863329279854952e-03 4.080825935311615214e-03 4.080825935311617816e-03 2.887703408172368012e-03
-2.777010693254732814e+03 -1.423141939359472644e+03 1.414926081011682868e+02 0.000000000000000000e+00 0.000000000000000000e+00 -8.253717466573107231e-04 4.080825935311615214e-03 4.080825935311617816e-03 2.887759318371200656e-03
-2.965357806017601888e+03 -1.269791565172744640e+03 1.512433463343750191e+02 0.000000000000000000e+00 0.000000000000000000e+00 -5.045483291235086654e-02 4.080825935311615214e-03 4.080825935311617816e-03 2.887956022295172336e-03
-2.668104705679293147e+03 -1.223673376811219896e+03 1.278024648556873757e+02 0.000000000000000000e+00 0.000000000000000000e+00 4.087305902925209011e-02 4.080825935311615214e-03 4.080825935311617816e-03 2.887521672372439074e-03
-2.974365462127187584e+03 -9.509551295776416282e+02 1.441895190287227422e+02 0.000000000000000000e+00 0.000000000000000000e+00 -4.654921423431801486e-02 4.080825935311615214e-03 4.080825935311617816e-03 2.887854567604895405e-03
-2.639116911008369243e+03 -9.377421100139305281e+02 1.189824369645327238e+02 0.000000000000000000e+00 0.000000000000000000e+00 -2.252118265624858395e-02 4.080825935311615214e-03 4.080825935311617816e-03 2.887382481745011907e-03
-2.789374823800604190e+03 -7.162294902863828838e+02 1.258238511977950509e+02 0.000000000000000000e+00 0.000000000000000000e+00 -4.207404474681197826e-02 4.080825935311615214e-03 4.080825935311617816e-03 2.887531504747234065e-03
-2.963665334560834253e+03 -5.486524018317837772e+02 1.369729779518294777e+02 0.000000000000000000e+00 0.000000000000000000e+00 3.112524676447492311e-02 4.080825935311615214e-03 4.080825935311617816e-03 2.887760278167244513e-03
-2.641550125742120144e+03 -5.447145433883282521e+02 1.129289008159808958e+02 0.000000000000000000e+00 0.000000000000000000e+00 -5.437448834754832205e-02 4.080825935311615214e-03 4.080825935311617816e-03 2.887304630055178428e-03
-2.953120695775814056e+03 -2.157048327389662177e+02 1.337795168345962793e+02 0.000000000000000000e+00 0.000000000000000000e+00 -2.914444624951784135e-02 4.080825935311615214e-03 4.080825935311617816e-03 2.887736100464437239e-03
-2.658496745301707051e+03 -2.175425371419250951e+02 1.117152561905205914e+02 0.000000000000000000e+00 0.000000000000000000e+00 -2.576403638521185258e-02 4.080825935311615214e-03 4.080825935311617816e-03 2.887312204795567609e-03
-2.793386400291668906e+03 -6.110069982006006484e+00 1.213446390310012220e+02 0.000000000000000000e+00 0.000000000000000000e+00 -3.726019641304390007e-02 4.080825935311615214e-03 4.080825935311617816e-03 2.887518329182695801e-03
-2.957621887244697518e+03 1.606887217617476153e+02 1.346905870427963805e+02 0.000000000000000000e+00 0.000000000000000000e+00 -5.135284099230830179e-02 4.080825935311615214e-03 4.080825935311617816e-03 2.887796734543493504e-03
-2.620607852921628364e+03 1.539539303455387653e+02 1.094132074074625223e+02 0.000000000000000000e+00 0.000000000000000000e+00 2.418665344421810914e-03 4.080825935311615214e-03 4.080825935311617816e-03 2.887302191029495185e-03
-2.980297945847387837e+03 4.779796157447401015e+02 1.396852954326531062e+02 0.000000000000000000e+00 0.000000000000000000e+00 6.585576223329780987e-02 4.080825935311615214e-03 4.080825935311617816e-03 2.887931806989763473e-03
-2.620972397061954325e+03 4.726902504959947464e+02 1.124118075610186480e+02 0.000000000000000000e+00 0.000000000000000000e+00 1.567407873673687391e-02 4.080825935311615214e-03 4.080825935311617816e-03 2.887388632290444675e-03
-3.002458616150614034e+03 8.676094380589707953e+02 1.488564960936079729e+02 0.000000000000000000e+00 0.000000000000000000e+00 6.337776851353282836e-03 4.080825935311615214e-03 4.080825935311617816e-03 2.888160080537868334e-03
-2.636487803607656588e+03 8.830289756698956580e+02 1.210579413776500814e+02 0.000000000000000000e+00 0.000000000000000000e+00 -5.431268062305605326e-02 4.080825935311615214e-03 4.080825935311617816e-03 2.887593712566170496e-03
-3.001296974962305740e+03 1.182361217201390446e+03 1.575573382378803728e+02 0.000000000000000000e+00 0.000000000000000000e+00 -7.304959167129254638e-04 4.080825935311615214e-03 4.080825935311617816e-03 2.888371081434699950e-03
-2.645732080871340713e+03 1.195147765752149326e+03 1.303351375358565747e+02 0.000000000000000000e+00 0.000000000000000000e+00 1.884503428829020777e-02 4.080825935311615214e-03 4.080825935311617816e-03 2.887803608729128720e-03
-2.798051793477115098e+03 1.421844086398945365e+03 1.496355503857038798e+02 0.000000000000000000e+00 0.000000000000000000e+00 3.274650368075526785e-02 4.080825935311615214e-03 4.080825935311617816e-03 2.888220936809160130e-03
-2.968552356495054028e+03 1.590123345788088045e+03 1.701044710152893344e+02 0.000000000000000000e+00 0.000000000000000000e+00 9.601544402357831132e-03 4.080825935311615214e-03 4.080825935311617816e-03 2.888668212562599952e-03
-2.632282933513291937e+03 1.576958671536420525e+03 1.433532114044440391e+02 0.000000000000000000e+00 0.000000000000000000e+00 6.457414940962280525e-02 4.080825935311615214e-03 4.080825935311617816e-03 2.888092518363289448e-03
