# x y z x_res y_res z_res x_res_err y_res_err z_res_err
2.589018839676008156e+03 -1.612215838751634465e+03 1.346140695326567425e+02 0.000000000000000000e+00 0.000000000000000000e+00 -7.108683988576558477e-03 4.081189664838990108e-03 4.081189664838991843e-03 2.887872689158391907e-03
2.582878721964942997e+03 -1.224637333956231714e+03 1.219402197532840404e+02 0.000000000000000000e+00 0.000000000000000000e+00 -1.265011192502640824e-02 4.081189664838990108e-03 4.081189664838991843e-03 2.887670032145053280e-03
2.767978481384117458e+03 -1.395730722260427228e+03 1.399697327204773103e+02 0.000000000000000000e+00 0.000000000000000000e+00 -8.138263228005371275e-03 4.081189664838990108e-03 4.081189664838991843e-03 2.887990696736883901e-03
2.973043639130421070e+03 -1.605751984362773783e+03 1.626288770729990745e+02 0.000000000000000000e+00 0.000000000000000000e+00 -7.624458541187095761e-03 4.081189664838990108e-03 4.081189664838991843e-03 2.888396525903407300e-03
2.961487807854646235e+03 -1.240805339035371389e+03 1.501331157231894338e+02 0.000000000000000000e+00 0.000000000000000000e+00 1.598171489544597534e-02 4.081189664838990108e-03 4.081189664838991843e-03 2.888195312942028713e-03
2.582778366452486807e+03 -9.214234207436686575e+02 1.147774435405558506e+02 0.000000000000000000e+00 0.000000000000000000e+00 -3.094309473809175870e-03 4.081189664838990108e-03 4.081189664838991843e-03 2.887562835666824135e-03
2.581661028622761933e+03 -5.184380399764727372e+02 1.085069562066426556e+02 0.000000000000000000e+00 0.000000000000000000e+00 9.930228029105592213e-03 4.081189664838990108e-03 4.081189664838991843e-03 2.887480987387018062e-03
2.769551754950028226e+03 -6.986854721926032425e+02 1.241002392436646602e+02 0.000000000000000000e+00 0.000000000000000000e+00 2.370653755775720128e-03 4.081189664838990108e-03 4.081189664838991843e-03 2.887758076260277425e-03
2.961332840847606349e+03 -9.088254833167145534e+02 1.423124868984845079e+02 0.000000000000000000e+00 0.000000000000000000e+00 4.494614268674013147e-02 4.081189664838990108e-03 4.081189664838991843e-03 2.888080809955791139e-03
2.960962886282262843e+03 -5.264609930006686227e+02 1.365195133873764632e+02 0.000000000000000000e+00 0.000000000000000000e+00 -2.057464005642373195e-02 4.081189664838990108e-03 4.081189664838991843e-03 2.888011442431256785e-03
2.583857387702710639e+03 -2.083048109080445727e+02 1.064890201440356066e+02 0.000000000000000000e+00 0.000000000000000000e+00 3.078253311741718790e-02 4.081189664838990108e-03 4.081189664838991843e-03 2.887470607924895374e-03
2.576227839308058265e+03 1.945832417118239448e+02 1.065724742143457462e+02 0.000000000000000000e+00 0.000000000000000000e+00 1.013987911856872870e-02 4.081189664838990108e-03 4.081189664838991843e-03 2.887507848468159975e-03
2.763747738342828143e+03 2.631713614603952323e+01 1.192099043072113176e+02 0.000000000000000000e+00 0.000000000000000000e+00 -1.378205057760339969e-02 4.081189664838990108e-03 4.081189664838991843e-03 2.887737607060947113e-03
2.957364905762195576e+03 -2.073120522729949755e+02 1.340908116996046715e+02 0.000000000000000000e+00 0.000000000000000000e+00 -2.188535874597619113e-02 4.081189664838990108e-03 4.081189664838991843e-03 2.888000443925617128e-03
2.968890810320775017e+03 1.932721392228439754e+02 1.358028636855886475e+02 0.000000000000000000e+00 0.000000000000000000e+00 -5.825442136995206965e-03 4.081189664838990108e-03 4.081189664838991843e-03 2.888079720034270048e-03
2.580303528984577952e+03 5.219645486506595944e+02 1.102487942704501904e+02 0.000000000000000000e+00 0.000000000000000000e+00 1.739877281646329266e-02 4.081189664838990108e-03 4.081189664838991843e-03 2.887607100544883551e-03
2.573902182764844838e+03 9.021399322033192902e+02 1.170854043591296119e+02 0.000000000000000000e+00 0.000000000000000000e+00 4.618045653144520202e-02 4.081189664838990108e-03 4.081189664838991843e-03 2.887771547032144323e-03
2.955933837406073962e+03 5.260080130248203432e+02 1.384185939848227349e+02 0.000000000000000000e+00 0.000000000000000000e+00 4.123278554561693454e-02 4.081189664838990108e-03 4.081189664838991843e-03 2.888169183721681858e-03
2.957231826035084850e+03 8.850232809157377005e+02 1.455807868380330774e+02 0.000000000000000000e+00 0.000000000000000000e+00 3.097064720185471742e-02 4.081189664838990108e-03 4.081189664838991843e-03 2.888352099806453313e-03
2.582326395716528168e+03 1.221270637065917754e+03 1.266300346982368126e+02 0.000000000000000000e+00 0.000000000000000000e+00 1.014333954060475662e-03 4.081189664838990108e-03 4.081189664838991843e-03 2.887985152683421926e-03
2.581390246628996010e+03 1.631598031883805561e+03 1.419954658176502278e+02 0.000000000000000000e+00 0.000000000000000000e+00 -4.462765489446951506e-02 4.081189664838990108e-03 4.081189664838991843e-03 2.888321603098752046e-03
2.760414116425196880e+03 1.455190275555542485e+03 1.480188099834172988e+02 0.000000000000000000e+00 0.000000000000000000e+00 -2.891942718187578976e-02 4.081189664838990108e-03 4.081189664838991843e-03 2.888445595764785930e-03
2.956073034141641529e+03 1.231571333772679509e+03 1.554398412158612075e+02 0.000000000000000000e+00 0.000000000000000000e+00 -3.012217558224961067e-02 4.081189664838990108e-03 4.081189664838991843e-03 2.888588289179244879e-03
2.955831415967093562e+03 1.605440974570763274e+03 1.697111144648885954e+02 0.000000000000000000e+00 0.000000000000000000e+00 -2.123992269130781096e-02 4.081189664838990108e-03 4.081189664838991843e-03 2.888918026512247994e-03
1.879854166611862183e+03 1.948245675390662200e+03 1.135124426475598085e+02 0.000000000000000000e+00 0.000000000000000000e+00 -2.033497232574177360e-02 4.081189664838990108e-03 4.081189664838991843e-03 2.887692146762626654e-03
1.877811433450640607e+03 2.318587356036136043e+03 1.339356527150512477e+02 0.000000000000000000e+00 0.000000000000000000e+00 2.125821856733978166e-02 4.081189664838990108e-03 4.081189664838991843e-03 2.888099739672718349e-03
2.068776848271583276e+03 2.174035013216619518e+03 1.359660429667112851e+02 0.000000000000000000e+00 0.000000000000000000e+00 -4.675713783228729881e-04 4.081189664838990108e-03 4.081189664838991843e-03 2.888164171376650206e-03
2.319546093512156403e+03 1.950998788315620686e+03 1.392392996370143408e+02 0.000000000000000000e+00 0.000000000000000000e+00 1.807534713199743237e-02 4.081189664838990108e-03 4.081189664838991843e-03 2.888254888426572149e-03
2.254064896154534381e+03 2.325926556444545895e+03 1.561932427824038143e+02 0.000000000000000000e+00 0.000000000000000000e+00 3.085271644559384185e-02 4.081189664838990108e-03 4.081189664838991843e-03 2.888601513764629987e-03
1.879184549641874810e+03 1.227404749682413012e+03 8.420158988699776614e+01 0.000000000000000000e+00 0.000000000000000000e+00 -6.005790854700876480e-03 4.081189664838990108e-03 4.081189664838991843e-03 2.887107659404373420e-03
1.880525080599631110e+03 1.607130335162042002e+03 9.796934521892364955e+01 0.000000000000000000e+00 0.000000000000000000e+00 3.524277218824067859e-02 4.081189664838990108e-03 4.081189664838991843e-03 2.887382659882728724e-03
2.061832180282933678e+03 1.456390330537424461e+03 1.018019304000468424e+02 0.000000000000000000e+00 0.000000000000000000e+00 8.542471377381843922e-06 4.081189664838990108e-03 4.081189664838991843e-03 2.887469035537913904e-03
2.267857180512716695e+03 1.230791669539973100e+03 1.061318299530128400e+02 0.000000000000000000e+00 0.000000000000000000e+00 -3.088052925841111573e-02 4.081189664838990108e-03 4.081189664838991843e-03 2.887559959011047270e-03
2.269415765596793335e+03 1.602450034202573306e+03 1.198784784547343065e+02 0.000000000000000000e+00 0.000000000000000000e+00 7.407351083998037211e-03 4.081189664838990108e-03 4.081189664838991843e-03 2.887848427986160118e-03
1.927461622104767002e+03 5.057589115244899745e+02 7.075749345434843462e+01 0.000000000000000000e+00 0.000000000000000000e+00 -5.563969139345203985e-03 4.081189664838990108e-03 4.081189664838991843e-03 2.886828994222620168e-03
1.915786693881560950e+03 8.859129521022978224e+02 7.691759527855086276e+01 0.000000000000000000e+00 0.000000000000000000e+00 1.304963256437474683e-02 4.081189664838990108e-03 4.081189664838991843e-03 2.886959972533287115e-03
2.269664823498955684e+03 5.061308130077531473e+02 8.985035783799091291e+01 0.000000000000000000e+00 0.000000000000000000e+00 4.399065557940673443e-02 4.081189664838990108e-03 4.081189664838991843e-03 2.887203129649688199e-03
2.271055990052813740e+03 9.128418339602642391e+02 9.750178974685418609e+01 0.000000000000000000e+00 0.000000000000000000e+00 1.276658248222872771e-02 4.081189664838990108e-03 4.081189664838991843e-03 2.887374970793817573e-03
1.897148176422417464e+03 -1.827415293141225732e+02 6.592259726024855127e+01 0.000000000000000000e+00 0.000000000000000000e+00 -1.173143197993908871e-02 4.081189664838990108e-03 4.081189664838991843e-03 2.886705103330596944e-03
1.885290641699213211e+03 1.907952113976795374e+02 6.572023706867828707e+01 0.000000000000000000e+00 0.000000000000000000e+00 5.137128508056321152e-02 4.081189664838990108e-03 4.081189664838991843e-03 2.886719443168439710e-03
2.069066255856185307e+03 4.836983282029753894e+01 7.472337954579739971e+01 0.000000000000000000e+00 0.000000000000000000e+00 3.179479629383763495e-02 4.081189664838990108e-03 4.081189664838991843e-03 2.886884158542391172e-03
2.272660736573261147e+03 -1.825857373782246498e+02 8.644013373092414554e+01 0.000000000000000000e+00 0.000000000000000000e+00 4.653384989754272283e-02 4.081189664838990108e-03 4.081189664838991843e-03 2.887091679976803212e-03
1.914076765644343368e+03 -8.596848737238685771e+02 7.433490184384228883e+01 0.000000000000000000e+00 0.000000000000000000e+00 -2.020187681978313776e-03 4.081189664838990108e-03 4.081189664838991843e-03 2.886820746071370059e-03
1.891121683573811652e+03 -5.188174389744427799e+02 6.806866506257055960e+01 0.000000000000000000e+00 0.000000000000000000e+00 -3.661407126016058555e-02 4.081189664838990108e-03 4.081189664838991843e-03 2.886726248112109899e-03
2.079084138194604293e+03 -6.610373625368770263e+02 7.957833450733500058e+01 0.000000000000000000e+00 0.000000000000000000e+00 -1.141307609672992385e-02 4.081189664838990108e-03 4.081189664838991843e-03 2.886929980042435111e-03
2.269171776805184891e+03 -8.796259707812795341e+02 9.401656875414036563e+01 0.000000000000000000e+00 0.000000000000000000e+00 -1.747256706941868742e-02 4.081189664838990108e-03 4.081189664838991843e-03 2.887181059593294657e-03
2.278716814084144517e+03 -5.135064826241164155e+02 8.908579886105360401e+01 0.000000000000000000e+00 0.000000000000000000e+00 -1.268687865048434560e-02 4.081189664838990108e-03 4.081189664838991843e-03 2.887117030030773683e-03
1.949840344329592199e+03 -1.599030353950857943e+03 9.634491518995130832e+01 0.000000000000000000e+00 0.000000000000000000e+00 -2.398427816716264260e-02 4.081189664838990108e-03 4.081189664838991843e-03 2.887171606177591204e-03
2.073756653246972292e+03 -1.367398835495977437e+03 9.512160457007738046e+01 0.000000000000000000e+00 0.000000000000000000e+00 5.077800365720008813e-02 4.081189664838990108e-03 4.081189664838991843e-03 2.887165809697172288e-03
2.266098910095122392e+03 -1.583589430981885926e+03 1.130827110041186643e+02 0.000000000000000000e+00 0.000000000000000000e+00 1.075713061410965565e-02 4.081189664838990108e-03 4.081189664838991843e-03 2.887478031510968927e-03
2.264088915880748118e+03 -1.206714377932517891e+03 1.012441348749130299e+02 0.000000000000000000e+00 0.000000000000000000e+00 2.350874037054495602e-02 4.081189664838990108e-03 4.081189664838991843e-03 2.887289510256137604e-03
1.887119946865751217e+03 -2.301284294104522360e+03 1.239769526738002554e+02 0.000000000000000000e+00 0.000000000000000000e+00 7.903124872683520152e-04 4.081189664838990108e-03 4.081189664838991843e-03 2.887619617425346216e-03
1.880526907520621307e+03 -1.928792036843777623e+03 1.059453612449348014e+02 0.000000000000000000e+00 0.000000000000000000e+00 -1.411408692491988859e-02 4.081189664838990108e-03 4.081189664838991843e-03 2.887321518129253028e-03
2.077516186372666198e+03 -2.087712890003794655e+03 1.232103873416675697e+02 0.000000000000000000e+00 0.000000000000000000e+00 1.439528951868851436e-02 4.081189664838990108e-03 4.081189664838991843e-03 2.887623916661064515e-03
2.273896381141923484e+03 -2.297650907264126545e+03 1.447377907301839741e+02 0.000000000000000000e+00 0.000000000000000000e+00 1.149407116344036694e-02 4.081189664838990108e-03 4.081189664838991843e-03 2.888002958796494213e-03
2.275381036492232397e+03 -1.925942554120393197e+03 1.271111801012496301e+02 0.000000000000000000e+00 0.000000000000000000e+00 2.580471200928968756e-03 4.081189664838990108e-03 4.081189664838991843e-03 2.887708742221134928e-03
1.210606029946012768e+03 2.680260010203174261e+03 1.286700565198155175e+02 0.000000000000000000e+00 0.000000000000000000e+00 -2.509253849339643239e-02 4.081189664838990108e-03 4.081189664838992710e-03 2.887903927429246072e-03
1.203897076158995560e+03 3.011490313388347658e+03 1.532225118292249704e+02 0.000000000000000000e+00 0.000000000000000000e+00 -1.288233824504914082e-02 4.081189664838990108e-03 4.081189664838992710e-03 2.888378390779015956e-03
1.376181677828361671e+03 2.900930694465302622e+03 1.508926122310383278e+02 0.000000000000000000e+00 0.000000000000000000e+00 -4.758884293161713686e-02 4.081189664838990108e-03 4.081189664838992710e-03 2.888359409751361812e-03
1.565053147485776663e+03 2.648115447971239519e+03 1.402667641760953359e+02 0.000000000000000000e+00 0.000000000000000000e+00 -1.529912788848264427e-02 4.081189664838990108e-03 4.081189664838992710e-03 2.888180237774110471e-03
1.585020960361960761e+03 2.349016899783903682e+03 1.216350880009089082e+02 0.000000000000000000e+00 0.000000000000000000e+00 -1.214698362529986753e-02 4.081189664838990108e-03 4.081189664838992710e-03 2.887817725957981651e-03
1.590625313925099590e+03 1.968254065029162803e+03 1.006935037806170357e+02 0.000000000000000000e+00 0.000000000000000000e+00 -1.425124905283325916e-02 4.081189664838990108e-03 4.081189664838992710e-03 2.887410720735060152e-03
1.387516123565255612e+03 2.138752965266675801e+03 1.013277365110612322e+02 0.000000000000000000e+00 0.000000000000000000e+00 1.305212194471039311e-02 4.081189664838990108e-03 4.081189664838992710e-03 2.887400943706577763e-03
1.200532021447297666e+03 2.302582128934144293e+03 1.039697809932690973e+02 0.000000000000000000e+00 0.000000000000000000e+00 -2.664879552223453629e-02 4.081189664838990108e-03 4.081189664838992710e-03 2.887430415406610010e-03
1.181395928458798835e+03 1.945677776004284397e+03 8.401849154741128700e+01 0.000000000000000000e+00 0.000000000000000000e+00 1.069336525313246966e-02 4.081189664838990108e-03 4.081189664838992710e-03 2.887051796576333394e-03
1.209493336048804622e+03 1.650224344391486056e+03 7.156415079632627396e+01 0.000000000000000000e+00 0.000000000000000000e+00 -3.574158817890804585e-02 4.081189664838990108e-03 4.081189664838992710e-03 2.886821125146159413e-03
1.216447916482320352e+03 1.250824247917068533e+03 5.738364162048625872e+01 0.000000000000000000e+00 0.000000000000000000e+00 -1.161067146298933039e-03 4.081189664838990108e-03 4.081189664838992710e-03 2.886557621391903743e-03
1.367591186013156857e+03 1.461852806878746151e+03 6.973762790939127854e+01 0.000000000000000000e+00 0.000000000000000000e+00 3.811231012619487046e-02 4.081189664838990108e-03 4.081189664838992710e-03 2.886798837859590617e-03
1.574750406119496802e+03 1.616519292808077353e+03 8.396928419609699290e+01 0.000000000000000000e+00 0.000000000000000000e+00 1.250939758108415845e-03 4.081189664838990108e-03 4.081189664838992710e-03 2.887085906061401426e-03
1.578754524743002776e+03 1.254374805138800184e+03 7.106264890644176546e+01 0.000000000000000000e+00 0.000000000000000000e+00 3.021803644152498691e-02 4.081189664838990108e-03 4.081189664838992710e-03 2.886837253516952827e-03
1.611310011375156819e+03 9.401977937624792503e+02 6.383796856792014296e+01 0.000000000000000000e+00 0.000000000000000000e+00 -5.610222537039533108e-02 4.081189664838990108e-03 4.081189664838992710e-03 2.886698078661193052e-03
1.412267591286824654e+03 7.899567522316947361e+02 5.262668900840247943e+01 0.000000000000000000e+00 0.000000000000000000e+00 -8.640557555288808089e-03 4.081189664838990108e-03 4.081189664838992710e-03 2.886476726059901236e-03
1.226245574791667195e+03 9.359901548533084679e+02 4.923148984172142661e+01 0.000000000000000000e+00 0.000000000000000000e+00 1.963778787149550453e-02 4.081189664838990108e-03 4.081189664838992710e-03 2.886406566808563407e-03
1.237732275831521292e+03 5.634809995453188094e+02 4.276973548512880541e+01 0.000000000000000000e+00 0.000000000000000000e+00 2.257574716855259567e-02 4.081189664838990108e-03 4.081189664838992710e-03 2.886285551487156875e-03
1.571989134242849332e+03 5.363967055894204350e+02 5.473983988318147453e+01 0.000000000000000000e+00 0.000000000000000000e+00 -3.821607271089533242e-02 4.081189664838990108e-03 4.081189664838992710e-03 2.886517707795723409e-03
1.604648403610656715e+03 2.343038987983545098e+02 5.313521700472621490e+01 0.000000000000000000e+00 0.000000000000000000e+00 -2.193364293976429735e-02 4.081189664838990108e-03 4.081189664838992710e-03 2.886480636431806423e-03
1.240814432702519298e+03 1.896572219624588058e+02 3.939056642868574443e+01 0.000000000000000000e+00 0.000000000000000000e+00 -1.005984576186591539e-02 4.081189664838990108e-03 4.081189664838992710e-03 2.886218750568506509e-03
1.236771493221268429e+03 -1.526915693127226348e+02 3.897122922239313425e+01 0.000000000000000000e+00 0.000000000000000000e+00 3.246822004482652346e-02 4.081189664838990108e-03 4.081189664838992710e-03 2.886203821495588948e-03
1.575556740629892374e+03 -1.939183203022193140e+02 5.143862008650631878e+01 0.000000000000000000e+00 0.000000000000000000e+00 -6.623916536412366440e-03 4.081189664838990108e-03 4.081189664838992710e-03 2.886434018828374845e-03
1.595221882649532517e+03 -4.765012040281800410e+02 5.425910329620616324e+01 0.000000000000000000e+00 0.000000000000000000e+00 -2.500675125631346418e-02 4.081189664838990108e-03 4.081189664838992710e-03 2.886473970543266057e-03
1.417949808233562180e+03 -6.203959717161143317e+02 4.911565770290267352e+01 0.000000000000000000e+00 0.000000000000000000e+00 3.153716729384825612e-02 4.081189664838990108e-03 4.081189664838992710e-03 2.886373405217981369e-03
1.230357720097282709e+03 -5.056716765927878896e+02 4.130646027370483608e+01 0.000000000000000000e+00 0.000000000000000000e+00 2.093565791980722679e-02 4.081189664838990108e-03 4.081189664838992710e-03 2.886235672296164501e-03
1.229983917074017654e+03 -8.801993306763256442e+02 4.708356508347307567e+01 0.000000000000000000e+00 0.000000000000000000e+00 3.946580281606770768e-03 4.081189664838990108e-03 4.081189664838992710e-03 2.886325254048067220e-03
1.584605722854023270e+03 -8.958810973500006867e+02 6.017777008276247130e+01 0.000000000000000000e+00 0.000000000000000000e+00 4.480703427467602751e-02 4.081189664838990108e-03 4.081189664838992710e-03 2.886560941646767325e-03
1.616317719680658684e+03 -1.186395834084356920e+03 6.821434498163901594e+01 0.000000000000000000e+00 0.000000000000000000e+00 1.091183726822464450e-02 4.081189664838990108e-03 4.081189664838992710e-03 2.886689941940591940e-03
1.266674490565808355e+03 -1.203947013778272094e+03 5.579225910719685544e+01 0.000000000000000000e+00 0.000000000000000000e+00 -1.375695644289010033e-02 4.081189664838990108e-03 4.081189664838992710e-03 2.886465930636086807e-03
1.429627276347520592e+03 -1.348152265063326467e+03 6.550931194617130870e+01 0.000000000000000000e+00 0.000000000000000000e+00 2.220986849017947407e-02 4.081189664838990108e-03 4.081189664838992710e-03 2.886631962887000781e-03
1.230796204432869899e+03 -1.581641281050966427e+03 6.640454208659062374e+01 0.000000000000000000e+00 0.000000000000000000e+00 -4.048793270641226627e-02 4.081189664838990108e-03 4.081189664838992710e-03 2.886634209198210739e-03
1.571746069797806740e+03 -1.602332562431981842e+03 7.934051841026425222e+01 0.000000000000000000e+00 0.000000000000000000e+00 -2.354062531168210626e-03 4.081189664838990108e-03 4.081189664838992710e-03 2.886864363984258802e-03
1.621431272767772953e+03 -1.903297271273115939e+03 9.317344729484902643e+01 0.000000000000000000e+00 0.000000000000000000e+00 -1.812261013616023320e-02 4.081189664838990108e-03 4.081189664838992710e-03 2.887092271782988433e-03
1.246987823515276204e+03 -1.924531772761895354e+03 8.034661491677006495e+01 0.000000000000000000e+00 0.000000000000000000e+00 -1.852174924944449685e-02 4.081189664838990108e-03 4.081189664838992710e-03 2.886860400315973720e-03
1.257591856011828895e+03 -2.303552700072683820e+03 9.861474510968594132e+01 0.000000000000000000e+00 0.000000000000000000e+00 -2.945344833818808183e-03 4.081189664838990108e-03 4.081189664838992710e-03 2.887158040598387845e-03
1.573264788457113127e+03 -2.318503493644982427e+03 1.108524322611578299e+02 0.000000000000000000e+00 0.000000000000000000e+00 1.308166922571274426e-02 4.081189664838990108e-03 4.081189664838992710e-03 2.887378396053325458e-03
1.612815956850391103e+03 -2.609755135410638104e+03 1.286341921935375865e+02 0.000000000000000000e+00 0.000000000000000000e+00 -1.584157276710129736e-03 4.081189664838990108e-03 4.081189664838992710e-03 2.887675069328330974e-03
1.427548498881871637e+03 -2.753392819629470978e+03 1.300485521503950679e+02 0.000000000000000000e+00 0.000000000000000000e+00 -2.401487675351177131e-02 4.081189664838990108e-03 4.081189664838992710e-03 2.887685001739053424e-03
1.263651758216793951e+03 -2.626692623835580889e+03 1.166899288398134047e+02 0.000000000000000000e+00 0.000000000000000000e+00 -4.585750490153372994e-02 4.081189664838990108e-03 4.081189664838992710e-03 2.887454190822305242e-03
1.589143295362626304e+03 -3.024426450338643008e+03 1.540990047569053161e+02 0.000000000000000000e+00 0.000000000000000000e+00 1.628308671737954683e-02 4.081189664838990108e-03 4.081189664838992710e-03 2.888097846136639980e-03
5.045627856842158394e+02 -3.064719928645708023e+03 1.275095258701779386e+02 0.000000000000000000e+00 0.000000000000000000e+00 4.521845398016921536e-03 4.081189664838990108e-03 4.081189664838992710e-03 2.887596305574737041e-03
5.130870223501932514e+02 -2.668690163334553290e+03 1.021223186247490844e+02 0.000000000000000000e+00 0.000000000000000000e+00 2.122578524138418743e-02 4.081189664838990108e-03 4.081189664838992710e-03 2.887184543807450564e-03
6.866484237055454969e+02 -2.794283073916454214e+03 1.124725054977450753e+02 0.000000000000000000e+00 0.000000000000000000e+00 -8.167762905443964883e-03 4.081189664838990108e-03 4.081189664838992710e-03 2.887357574252214041e-03
8.924553612152316191e+02 -2.999396972093267323e+03 1.300110896397781630e+02 0.000000000000000000e+00 0.000000000000000000e+00 3.093027637038403554e-02 4.081189664838990108e-03 4.081189664838992710e-03 2.887652257519722227e-03
8.933982360508236980e+02 -2.676925915862035254e+03 1.094447982819041414e+02 0.000000000000000000e+00 0.000000000000000000e+00 -4.994815264488750017e-02 4.081189664838990108e-03 4.081189664838992710e-03 2.887316475967589575e-03
5.321600867810692534e+02 -2.354850281028197514e+03 8.474868948035189931e+01 0.000000000000000000e+00 0.000000000000000000e+00 1.146550660308776060e-03 4.081189664838990108e-03 4.081189664838992710e-03 2.886904340169621670e-03
5.254550633999218689e+02 -1.969684442243065860e+03 6.607486688397051466e+01 0.000000000000000000e+00 0.000000000000000000e+00 2.723847774059606763e-02 4.081189664838990108e-03 4.081189664838992710e-03 2.886603279977619386e-03
6.665002235681679394e+02 -2.085202512922400729e+03 7.342754227881498252e+01 0.000000000000000000e+00 0.000000000000000000e+00 -4.099366670359927411e-03 4.081189664838990108e-03 4.081189664838992710e-03 2.886725199138512245e-03
8.745121961512389817e+02 -2.325925826561830490e+03 8.935489128988919560e+01 0.000000000000000000e+00 0.000000000000000000e+00 -5.342135782896662022e-03 4.081189664838990108e-03 4.081189664838992710e-03 2.886989449301706912e-03
9.059617656353378834e+02 -1.969189704658795790e+03 7.295183737598311779e+01 0.000000000000000000e+00 0.000000000000000000e+00 -6.671179502049540133e-03 4.081189664838990108e-03 4.081189664838992710e-03 2.886725329290414522e-03
5.279565330620748682e+02 -1.644682370864796894e+03 5.300264528307195633e+01 0.000000000000000000e+00 0.000000000000000000e+00 -1.860285773589254177e-02 4.081189664838990108e-03 4.081189664838992710e-03 2.886392850511343422e-03
5.143666772663606253e+02 -1.257069806787436619e+03 4.024809331246812860e+01 0.000000000000000000e+00 0.000000000000000000e+00 -3.951047210995994874e-02 4.081189664838990108e-03 4.081189664838992710e-03 2.886186988357755667e-03
6.770668234522019020e+02 -1.371927244297761035e+03 4.607903547805213407e+01 0.000000000000000000e+00 0.000000000000000000e+00 1.665962009340660188e-04 4.081189664838990108e-03 4.081189664838992710e-03 2.886284825153253263e-03
8.626333570416402381e+02 -1.620379429057305970e+03 5.800312259596303477e+01 0.000000000000000000e+00 0.000000000000000000e+00 -6.979272228925026411e-03 4.081189664838990108e-03 4.081189664838992710e-03 2.886482640442157750e-03
8.960483199612517637e+02 -1.246370296443136340e+03 4.676325580226821188e+01 0.000000000000000000e+00 0.000000000000000000e+00 -9.014177586962546229e-03 4.081189664838990108e-03 4.081189664838992710e-03 2.886302924375285395e-03
5.483816434022437534e+02 -9.150689696679470444e+02 3.236542970375377593e+01 0.000000000000000000e+00 0.000000000000000000e+00 -1.339799935410468379e-02 4.081189664838990108e-03 4.081189664838992710e-03 2.886060374646365334e-03
5.199538722448304497e+02 -5.374142377867947289e+02 2.578871535709087937e+01 0.000000000000000000e+00 0.000000000000000000e+00 1.290201398199997129e-02 4.081189664838990108e-03 4.081189664838992710e-03 2.885953280200900806e-03
6.820332798139518218e+02 -6.652139967776013236e+02 3.000431672179297848e+01 0.000000000000000000e+00 0.000000000000000000e+00 3.213956227950731659e-02 4.081189664838990108e-03 4.081189664838992710e-03 2.886025935371024521e-03
8.984887105023746017e+02 -8.718867342354276389e+02 3.792869752770708658e+01 0.000000000000000000e+00 0.000000000000000000e+00 2.803081672180951500e-02 4.081189664838990108e-03 4.081189664838992710e-03 2.886161265451546963e-03
5.081408591777996548e+02 -2.274871198029215407e+02 2.294573228135471155e+01 0.000000000000000000e+00 0.000000000000000000e+00 2.903939697095125894e-03 4.081189664838990108e-03 4.081189664838992710e-03 2.885907136694634400e-03
5.201880195755912837e+02 1.725704205710638632e+02 2.288336959562171202e+01 0.000000000000000000e+00 0.000000000000000000e+00 1.181764337193413894e-02 4.081189664838990108e-03 4.081189664838992710e-03 2.885907972141905659e-03
6.791421122463428901e+02 5.628019279270104391e+01 2.502002659712714561e+01 0.000000000000000000e+00 0.000000000000000000e+00 -2.041904560439178340e-03 4.081189664838990108e-03 4.081189664838992710e-03 2.885947864167090569e-03
8.711149152388095445e+02 -1.600142972795345315e+02 2.907187551699867001e+01 0.000000000000000000e+00 0.000000000000000000e+00 -1.232686455207598897e-02 4.081189664838990108e-03 4.081189664838992710e-03 2.886020664621235209e-03
8.793685181057703630e+02 1.816115624447098469e+02 2.941640398153745650e+01 0.000000000000000000e+00 0.000000000000000000e+00 1.365326351374918090e-02 4.081189664838990108e-03 4.081189664838992710e-03 2.886030616438846515e-03
5.355316373694865888e+02 4.957008050195137798e+02 2.564612847112490712e+01 0.000000000000000000e+00 0.000000000000000000e+00 1.877653916296395664e-02 4.081189664838990108e-03 4.081189664838992710e-03 2.885956544006855039e-03
5.086230329089543147e+02 8.916407079466250707e+02 3.182449348734624550e+01 0.000000000000000000e+00 0.000000000000000000e+00 3.512053579535034942e-02 4.081189664838990108e-03 4.081189664838992710e-03 2.886063380422783028e-03
6.892649727367302148e+02 7.221948669640012213e+02 3.138862617425389345e+01 0.000000000000000000e+00 0.000000000000000000e+00 -3.151856742672265455e-03 4.081189664838990108e-03 4.081189664838992710e-03 2.886061594916492900e-03
8.718206132036979170e+02 5.445608993998459937e+02 3.241798441841729073e+01 0.000000000000000000e+00 0.000000000000000000e+00 7.511494885221736695e-03 4.081189664838990108e-03 4.081189664838992710e-03 2.886085737339225306e-03
8.760370344357402246e+02 8.888187413379461077e+02 3.845864867605597937e+01 0.000000000000000000e+00 0.000000000000000000e+00 6.188850288928904320e-03 4.081189664838990108e-03 4.081189664838992710e-03 2.886194476899770454e-03
5.358994151502341765e+02 1.194212276367772802e+03 3.981053249863396104e+01 0.000000000000000000e+00 0.000000000000000000e+00 -3.371117353677988149e-02 4.081189664838990108e-03 4.081189664838992710e-03 2.886204480906910067e-03
5.055045683475849501e+02 1.588643346095158904e+03 5.280698000127214442e+01 0.000000000000000000e+00 0.000000000000000000e+00 1.841908985031182056e-02 4.081189664838990108e-03 4.081189664838992710e-03 2.886434135838947517e-03
6.892474914845707872e+02 1.489898546321130652e+03 5.201089489619789674e+01 0.000000000000000000e+00 0.000000000000000000e+00 3.471430966560973275e-02 4.081189664838990108e-03 4.081189664838992710e-03 2.886428394341276123e-03
9.081693179705350758e+02 1.250590966940843828e+03 4.863666322018693222e+01 0.000000000000000000e+00 0.000000000000000000e+00 4.327551758316872110e-02 4.081189664838990108e-03 4.081189664838992710e-03 2.886379400248629927e-03
8.919176554688059468e+02 1.586650321478811520e+03 5.999124241440014771e+01 0.000000000000000000e+00 0.000000000000000000e+00 4.251524355048275083e-02 4.081189664838990108e-03 4.081189664838992710e-03 2.886584540469608069e-03
5.578417199828720641e+02 1.928762412108223543e+03 6.841065615112546539e+01 0.000000000000000000e+00 0.000000000000000000e+00 1.281902630850595415e-03 4.081189664838990108e-03 4.081189664838992710e-03 2.886717600184669340e-03
5.235222272092522644e+02 2.303353854688598403e+03 8.789355141182674913e+01 0.000000000000000000e+00 0.000000000000000000e+00 -8.517493182878865809e-03 4.081189664838990108e-03 4.081189664838992710e-03 2.887071858472205817e-03
7.051678177750050054e+02 2.198334624211981009e+03 8.496338140108261427e+01 0.000000000000000000e+00 0.000000000000000000e+00 2.784478072967999651e-02 4.081189664838990108e-03 4.081189664838992710e-03 2.887029339845924129e-03
9.052010419827970509e+02 1.962053570148429799e+03 7.695644194057027221e+01 0.000000000000000000e+00 0.000000000000000000e+00 1.152819222731693571e-02 4.081189664838990108e-03 4.081189664838992710e-03 2.886896618696046125e-03
9.026598960489812953e+02 2.310837147142438880e+03 9.579310643948736015e+01 0.000000000000000000e+00 0.000000000000000000e+00 2.227186741387754410e-02 4.081189664838990108e-03 4.081189664838992710e-03 2.887246205183032887e-03
5.282382320284476691e+02 2.625508235844734372e+03 1.082944737359201213e+02 0.000000000000000000e+00 0.000000000000000000e+00 -3.363947864616534389e-02 4.081189664838990108e-03 4.081189664838992710e-03 2.887450234881412236e-03
5.150696956176666390e+02 3.018215127216367819e+03 1.369483279748659470e+02 0.000000000000000000e+00 0.000000000000000000e+00 -9.628066714867600240e-03 4.081189664838990108e-03 4.081189664838992710e-03 2.887988553689648137e-03
6.926325800247809639e+02 2.910283422030009660e+03 1.315927002261817051e+02 0.000000000000000000e+00 0.000000000000000000e+00 -3.150140871736084591e-02 4.081189664838990108e-03 4.081189664838992710e-03 2.887901141503949626e-03
8.978021870240676208e+02 2.681310192360111614e+03 1.194925097671771823e+02 0.000000000000000000e+00 0.000000000000000000e+00 2.787532380352786276e-04 4.081189664838990108e-03 4.081189664838992710e-03 2.887691672910217520e-03
8.878280161322668391e+02 3.007698850483279330e+03 1.435277819400290014e+02 0.000000000000000000e+00 0.000000000000000000e+00 -4.456144189305177861e-02 4.081189664838990108e-03 4.081189664838992710e-03 2.888148903105257348e-03
-2.240964602975698661e+00 2.916365286384536375e+03 1.252902772801426323e+02 0.000000000000000000e+00 0.000000000000000000e+00 -2.937092593407442109e-02 4.081189664838988373e-03 4.081189664838991843e-03 2.887750653447939114e-03
1.603665640776939654e+02 3.014417113034366139e+03 1.332564832537121049e+02 0.000000000000000000e+00 0.000000000000000000e+00 -3.450071610657801102e-02 4.081189664838988373e-03 4.081189664838991843e-03 2.887902301136364026e-03
1.636713986295669088e+02 2.649249025401270956e+03 1.063910038757266676e+02 0.000000000000000000e+00 0.000000000000000000e+00 2.084614221240599363e-02 4.081189664838988373e-03 4.081189664838991843e-03 2.887399600635764778e-03
-1.817886274991976734e+02 2.671436035765630095e+03 1.080002147038627953e+02 0.000000000000000000e+00 0.000000000000000000e+00 8.075260254386762426e-03 4.081189664838988373e-03 4.081189664838991843e-03 2.887429867724627345e-03
-1.883612600621344768e+02 2.352311224131773997e+03 8.750208622045857965e+01 0.000000000000000000e+00 0.000000000000000000e+00 3.329184250657135635e-02 4.081189664838988373e-03 4.081189664838991843e-03 2.887051748731851979e-03
1.842444020250177914e+02 2.349562284731229738e+03 8.731664711786109478e+01 0.000000000000000000e+00 0.000000000000000000e+00 -1.685379784170493167e-02 4.081189664838988373e-03 4.081189664838991843e-03 2.887048266670562066e-03
1.678237956301655842e+01 2.203789101760123231e+03 7.844633843101097170e+01 0.000000000000000000e+00 0.000000000000000000e+00 -3.709479527023518131e-02 4.081189664838988373e-03 4.081189664838991843e-03 2.886884546216000533e-03
-1.976069898348483775e+02 1.962906241460047568e+03 6.637178977679876368e+01 0.000000000000000000e+00 0.000000000000000000e+00 1.702087034217925066e-03 4.081189664838988373e-03 4.081189664838991843e-03 2.886667937376594627e-03
1.749717660565686401e+02 1.633425674242477498e+03 5.156169261819108840e+01 0.000000000000000000e+00 0.000000000000000000e+00 -4.482670960432955098e-02 4.081189664838988373e-03 4.081189664838991843e-03 2.886402585987792296e-03
-1.883515651850247536e+02 1.649020504301952769e+03 5.225740672261159858e+01 0.000000000000000000e+00 0.000000000000000000e+00 -4.927921840497617723e-03 4.081189664838988373e-03 4.081189664838991843e-03 2.886415155196670433e-03
-2.068590347796937845e+00 1.489705862726273153e+03 4.564382877208382183e+01 0.000000000000000000e+00 0.000000000000000000e+00 2.515698203801264299e-03 4.081189664838988373e-03 4.081189664838991843e-03 2.886296580443207388e-03
-1.867191316692085934e+02 1.241782501736124914e+03 3.786711208747472313e+01 0.000000000000000000e+00 0.000000000000000000e+00 1.270626536220476055e-02 4.081189664838988373e-03 4.081189664838991843e-03 2.886161407685629982e-03
1.773575887071031616e+02 1.246484314786079949e+03 3.796353855324063886e+01 0.000000000000000000e+00 0.000000000000000000e+00 2.112862575413032573e-02 4.081189664838988373e-03 4.081189664838991843e-03 2.886162966937479580e-03
1.928267130054749146e+02 9.370981017196179437e+02 2.990795646525791085e+01 0.000000000000000000e+00 0.000000000000000000e+00 3.599136494762333882e-02 4.081189664838988373e-03 4.081189664838991843e-03 2.886023173030215303e-03
-1.789680570052731241e+02 9.431032361745653816e+02 2.997524388177045651e+01 0.000000000000000000e+00 0.000000000000000000e+00 1.884411655580464640e-02 4.081189664838988373e-03 4.081189664838991843e-03 2.886024165712130270e-03
-1.700254792397387860e+02 5.334586648974318450e+02 2.275238480654193651e+01 0.000000000000000000e+00 0.000000000000000000e+00 -3.947792996047638781e-03 4.081189664838988373e-03 4.081189664838991843e-03 2.885900190350569345e-03
1.968877655415319055e+02 5.383168309480038261e+02 2.294182508693426570e+01 0.000000000000000000e+00 0.000000000000000000e+00 5.690931592486236923e-03 4.081189664838988373e-03 4.081189664838991843e-03 2.885903691345383711e-03
4.759131953517270830e+01 5.422544992331086888e+01 1.911309561983144789e+01 0.000000000000000000e+00 0.000000000000000000e+00 4.131844456194144755e-02 4.081189664838988373e-03 4.081189664838991843e-03 2.885837994781243528e-03
2.102589277852184182e+02 -1.679513893021689341e+02 1.994007211875041463e+01 0.000000000000000000e+00 0.000000000000000000e+00 1.667439587694374836e-02 4.081189664838988373e-03 4.081189664838991843e-03 2.885852646259399676e-03
-1.814122226210469648e+02 -1.709185621599153819e+02 1.980707443678867463e+01 0.000000000000000000e+00 0.000000000000000000e+00 -1.694152630208023425e-02 4.081189664838988373e-03 4.081189664838991843e-03 2.885850185334033410e-03
-1.663642311461391614e+02 -4.884368018785842764e+02 2.213056837413376954e+01 0.000000000000000000e+00 0.000000000000000000e+00 -3.786209275428831234e-03 4.081189664838988373e-03 4.081189664838991843e-03 2.885888260010467665e-03
2.091888084580666032e+02 -4.845924759720331849e+02 2.229258997954731569e+01 0.000000000000000000e+00 0.000000000000000000e+00 -1.574362518086047658e-02 4.081189664838988373e-03 4.081189664838991843e-03 2.885891256128078619e-03
1.714220901694016419e+01 -6.468584738593099246e+02 2.382580226959932190e+01 0.000000000000000000e+00 0.000000000000000000e+00 -4.501531891206767000e-02 4.081189664838988373e-03 4.081189664838991843e-03 2.885915466398326391e-03
-1.440475776636415048e+02 -8.859917865858473078e+02 2.822999172192826478e+01 0.000000000000000000e+00 0.000000000000000000e+00 3.317941159136950091e-02 4.081189664838988373e-03 4.081189664838991843e-03 2.885987693747913731e-03
2.003805647934033232e+02 -8.780369590241787137e+02 2.831725208065818222e+01 0.000000000000000000e+00 0.000000000000000000e+00 -1.281135482325268526e-02 4.081189664838988373e-03 4.081189664838991843e-03 2.885989488346797725e-03
-1.663334909735215206e+02 -1.202464991004361991e+03 3.575031406456725591e+01 0.000000000000000000e+00 0.000000000000000000e+00 -5.042041762686721995e-02 4.081189664838988373e-03 4.081189664838991843e-03 2.886109787756033131e-03
1.039984302691561702e+01 -1.351722083525053677e+03 3.967484083232818648e+01 0.000000000000000000e+00 0.000000000000000000e+00 -2.558096681524091309e-02 4.081189664838988373e-03 4.081189664838991843e-03 2.886172704712418411e-03
1.946216656617226590e+02 -1.646034794853440417e+03 5.001275995358435011e+01 0.000000000000000000e+00 0.000000000000000000e+00 -1.202728705588640423e-02 4.081189664838988373e-03 4.081189664838991843e-03 2.886340074200946428e-03
1.855631137510630424e+02 -1.242634984448242903e+03 3.693722060046880529e+01 0.000000000000000000e+00 0.000000000000000000e+00 -4.472950467156522336e-02 4.081189664838988373e-03 4.081189664838991843e-03 2.886129110253324564e-03
-1.566039232351097326e+02 -1.908378577028811605e+03 6.024612986580053331e+01 0.000000000000000000e+00 0.000000000000000000e+00 -1.752642692367345489e-02 4.081189664838988373e-03 4.081189664838991843e-03 2.886504462856839901e-03
2.057005793807209670e+02 -1.907367169014803039e+03 6.042756840513902716e+01 0.000000000000000000e+00 0.000000000000000000e+00 1.168794452185295540e-02 4.081189664838988373e-03 4.081189664838991843e-03 2.886507732048113496e-03
2.492170963586193366e+01 -2.059282640968253872e+03 6.661895088315696967e+01 0.000000000000000000e+00 0.000000000000000000e+00 3.539050884791095086e-02 4.081189664838988373e-03 4.081189664838991843e-03 2.886606445460480029e-03
2.182101267702406631e+02 -2.288086117210624252e+03 7.830376410485693839e+01 0.000000000000000000e+00 0.000000000000000000e+00 -2.105273836917831431e-02 4.081189664838988373e-03 4.081189664838991843e-03 2.886795345890967503e-03
-1.686367104799859362e+02 -2.303921655271100008e+03 7.887213792793663458e+01 0.000000000000000000e+00 0.000000000000000000e+00 -7.062561046893733874e-03 4.081189664838988373e-03 4.081189664838991843e-03 2.886804074646090283e-03
-1.749525481043284003e+02 -2.618358763489560715e+03 9.618344872357327802e+01 0.000000000000000000e+00 0.000000000000000000e+00 -7.024808555755157613e-03 4.081189664838988373e-03 4.081189664838991843e-03 2.887082954385294335e-03
2.003617862599618888e+02 -2.620103420222586010e+03 9.640689208878545458e+01 0.000000000000000000e+00 0.000000000000000000e+00 -2.233368500101562404e-02 4.081189664838988373e-03 4.081189664838991843e-03 2.887086788266675103e-03
2.327334316790919289e+01 -2.783118915071027004e+03 1.057612577120142419e+02 0.000000000000000000e+00 0.000000000000000000e+00 1.904556823001257726e-02 4.081189664838988373e-03 4.081189664838991843e-03 2.887236800433422724e-03
2.099547565134674869e+02 -3.004918333674780570e+03 1.207249757828317769e+02 0.000000000000000000e+00 0.000000000000000000e+00 -1.057189471976016648e-02 4.081189664838988373e-03 4.081189664838991843e-03 2.887480145115441793e-03
-1.527626976662763241e+02 -3.053887184533889922e+03 1.237962912888621929e+02 0.000000000000000000e+00 0.000000000000000000e+00 1.951690232782254952e-02 4.081189664838988373e-03 4.081189664838991843e-03 2.887529382515294403e-03
-5.142720031355315768e+02 -3.014904822765279278e+03 1.242262281081356718e+02 0.000000000000000000e+00 0.000000000000000000e+00 1.029645373434107114e-02 4.081189664838990976e-03 4.081189664838991843e-03 2.887543152682396468e-03
-6.748314561128620426e+02 -2.848071084529712152e+03 1.156745108692018817e+02 0.000000000000000000e+00 0.000000000000000000e+00 -2.752163173323651790e-02 4.081189664838990976e-03 4.081189664838991843e-03 2.887409208645029708e-03
-8.395103251074699529e+02 -3.014283506322253288e+03 1.298406356796365344e+02 0.000000000000000000e+00 0.000000000000000000e+00 -1.911542654875120206e-02 4.081189664838990976e-03 4.081189664838991843e-03 2.887646949299117402e-03
-8.651525317066201524e+02 -2.670010056363772037e+03 1.083947742266189778e+02 0.000000000000000000e+00 0.000000000000000000e+00 -3.960336441846834532e-02 4.081189664838990976e-03 4.081189664838991843e-03 2.887298173194090961e-03
-5.152510983323091978e+02 -2.637915792981192681e+03 1.003223419208567009e+02 0.000000000000000000e+00 0.000000000000000000e+00 2.544565484301131164e-02 4.081189664838990976e-03 4.081189664838991843e-03 2.887155478511347923e-03
-6.557508065171962244e+02 -2.116691992941399803e+03 7.472383199789825881e+01 0.000000000000000000e+00 0.000000000000000000e+00 5.638634801954367504e-04 4.081189664838990976e-03 4.081189664838991843e-03 2.886745806145486759e-03
-8.461973175685020578e+02 -2.311053168384225501e+03 8.796424416070883012e+01 0.000000000000000000e+00 0.000000000000000000e+00 -2.849922452043074372e-03 4.081189664838990976e-03 4.081189664838991843e-03 2.886965855299375178e-03
-8.687902760668808924e+02 -1.964982360536208034e+03 7.193019438934673815e+01 0.000000000000000000e+00 0.000000000000000000e+00 -8.918963769403376318e-03 4.081189664838990976e-03 4.081189664838991843e-03 2.886707467807259585e-03
-5.448600757490955857e+02 -1.918206551042402680e+03 6.410524643317683058e+01 0.000000000000000000e+00 0.000000000000000000e+00 -2.710373524624287711e-02 4.081189664838990976e-03 4.081189664838991843e-03 2.886571983639432595e-03
-5.388088724729709611e+02 -1.613287939326676451e+03 5.200684018569732814e+01 0.000000000000000000e+00 0.000000000000000000e+00 -1.512389596579311046e-02 4.081189664838990976e-03 4.081189664838991843e-03 2.886377036868550180e-03
-6.824490213762244366e+02 -1.405389356247007754e+03 4.721102333223001324e+01 0.000000000000000000e+00 0.000000000000000000e+00 4.290488073073817077e-02 4.081189664838990976e-03 4.081189664838991843e-03 2.886303209476242127e-03
-5.215257387556526965e+02 -1.254387574213189055e+03 4.026634903028175927e+01 0.000000000000000000e+00 0.000000000000000000e+00 -5.218159370922847984e-02 4.081189664838990976e-03 4.081189664838991843e-03 2.886187427626258316e-03
-8.439198396766038286e+02 -1.243101646833306177e+03 4.552226519864791499e+01 0.000000000000000000e+00 0.000000000000000000e+00 1.189841529118496055e-02 4.081189664838990976e-03 4.081189664838991843e-03 2.886281043950653536e-03
-8.444796798296548559e+02 -9.223811776302545695e+02 3.774927196937258600e+01 0.000000000000000000e+00 0.000000000000000000e+00 3.064126312968085131e-02 4.081189664838990976e-03 4.081189664838991843e-03 2.886156158797236609e-03
-5.430800126943080386e+02 -9.058659576116024255e+02 3.210347380481191948e+01 0.000000000000000000e+00 0.000000000000000000e+00 -2.049137559707503442e-02 4.081189664838990976e-03 4.081189664838991843e-03 2.886056018145881190e-03
-8.366636551271679991e+02 -5.080118425421159714e+02 3.091882761903132959e+01 0.000000000000000000e+00 0.000000000000000000e+00 1.846438319595122834e-02 4.081189664838990976e-03 4.081189664838991843e-03 2.886046783886939051e-03
-5.207559970640766096e+02 -4.957746070912837126e+02 2.531202239471824100e+01 0.000000000000000000e+00 0.000000000000000000e+00 -1.299655656021769801e-02 4.081189664838990976e-03 4.081189664838991843e-03 2.885945588264755488e-03
-5.372875817150560351e+02 -2.124655806712994206e+02 2.326081206965678305e+01 0.000000000000000000e+00 0.000000000000000000e+00 -4.470282453668517064e-02 4.081189664838990976e-03 4.081189664838991843e-03 2.885913093232260387e-03
-8.462595429333167658e+02 -1.856608968752703674e+02 2.862096132807504034e+01 0.000000000000000000e+00 0.000000000000000000e+00 -8.908819363604436603e-04 4.081189664838990976e-03 4.081189664838991843e-03 2.886011931749277951e-03
-6.862570320890116591e+02 7.774100636150592436e+00 2.510298210288472376e+01 0.000000000000000000e+00 0.000000000000000000e+00 -1.991650066360151072e-02 4.081189664838990976e-03 4.081189664838991843e-03 2.885949154900124044e-03
-5.383757299813260033e+02 1.781320496294189866e+02 2.315487881082826505e+01 0.000000000000000000e+00 0.000000000000000000e+00 -3.848141397354964965e-02 4.081189664838990976e-03 4.081189664838991843e-03 2.885913040088931240e-03
-8.484773433968869085e+02 2.125276839107311844e+02 2.887414427592515764e+01 0.000000000000000000e+00 0.000000000000000000e+00 1.240857987835752851e-02 4.081189664838990976e-03 4.081189664838991843e-03 2.886020474641646724e-03
-5.583823481407258669e+02 5.213917139573376289e+02 2.628101208672619649e+01 0.000000000000000000e+00 0.000000000000000000e+00 -2.635117397697683828e-02 4.081189664838990976e-03 4.081189664838991843e-03 2.885968170267494155e-03
-8.230107921412979977e+02 5.195359799551698643e+02 3.101950857987836230e+01 0.000000000000000000e+00 0.000000000000000000e+00 1.379807506587127364e-02 4.081189664838990976e-03 4.081189664838991843e-03 2.886059215466999558e-03
-6.976801451606845603e+02 7.300817915119010877e+02 3.167859704520752828e+01 0.000000000000000000e+00 0.000000000000000000e+00 1.482126505827352503e-04 4.081189664838990976e-03 4.081189664838991843e-03 2.886066994361838594e-03
-5.464314431867459234e+02 8.820836881732114989e+02 3.214555635180717275e+01 0.000000000000000000e+00 0.000000000000000000e+00 -5.408211569248067008e-02 4.081189664838990976e-03 4.081189664838991843e-03 2.886070164248122610e-03
-8.324554448731729508e+02 9.147885959901569777e+02 3.804362862557665892e+01 0.000000000000000000e+00 0.000000000000000000e+00 8.929147694757944009e-03 4.081189664838990976e-03 4.081189664838991843e-03 2.886185213629819009e-03
-5.337804839364825966e+02 1.197714009964990055e+03 3.988204138537729904e+01 0.000000000000000000e+00 0.000000000000000000e+00 -1.449060728746331961e-02 4.081189664838990976e-03 4.081189664838991843e-03 2.886205665660505643e-03
-8.186236293915277429e+02 1.220872876153581274e+03 4.568053462483274529e+01 0.000000000000000000e+00 0.000000000000000000e+00 1.092907389308805932e-02 4.081189664838990976e-03 4.081189664838991843e-03 2.886321402770038961e-03
-7.418616610627022965e+02 1.452904684136500009e+03 5.168102680346158451e+01 0.000000000000000000e+00 0.000000000000000000e+00 -5.422074965397172264e-02 4.081189664838990976e-03 4.081189664838991843e-03 2.886425217305728722e-03
-5.211415103563841740e+02 1.583302393531924963e+03 5.281394196949904085e+01 0.000000000000000000e+00 0.000000000000000000e+00 -1.846889891663039407e-02 4.081189664838990976e-03 4.081189664838991843e-03 2.886434907817531439e-03
-8.507563814292059305e+02 1.637659309759679445e+03 6.106419119423923547e+01 0.000000000000000000e+00 0.000000000000000000e+00 -1.819724023498991983e-02 4.081189664838990976e-03 4.081189664838991843e-03 2.886601417210451874e-03
-5.512054620025490976e+02 1.907112210545108610e+03 6.727258979535454841e+01 0.000000000000000000e+00 0.000000000000000000e+00 -2.124425315945188686e-02 4.081189664838990976e-03 4.081189664838991843e-03 2.886696624860373307e-03
-8.290864300481788405e+02 1.929557163904490153e+03 7.356767748115734662e+01 0.000000000000000000e+00 0.000000000000000000e+00 -4.506035645538020162e-02 4.081189664838990976e-03 4.081189664838991843e-03 2.886828523118555121e-03
-7.557120242280766433e+02 2.155199555473184773e+03 8.359818117788208269e+01 0.000000000000000000e+00 0.000000000000000000e+00 -8.619431609304228914e-03 4.081189664838990976e-03 4.081189664838991843e-03 2.887007781007509561e-03
-5.284935922341485366e+02 2.306127992588542384e+03 8.812815142711266958e+01 0.000000000000000000e+00 0.000000000000000000e+00 3.288000325025564052e-02 4.081189664838990976e-03 4.081189664838991843e-03 2.887076453854294997e-03
-8.385048431953713362e+02 2.332903740801285039e+03 9.555874768035869238e+01 0.000000000000000000e+00 0.000000000000000000e+00 -1.156441619257009279e-02 4.081189664838990976e-03 4.081189664838991843e-03 2.887236180569643929e-03
-8.683492309522623600e+02 2.601366463940137692e+03 1.132930366650048200e+02 0.000000000000000000e+00 0.000000000000000000e+00 1.640587417114147684e-03 4.081189664838990976e-03 4.081189664838991843e-03 2.887571505894085972e-03
-5.397417218690533218e+02 2.628157171141297567e+03 1.086453263671497780e+02 0.000000000000000000e+00 0.000000000000000000e+00 -4.527384501395204097e-02 4.081189664838990976e-03 4.081189664838991843e-03 2.887457512199670655e-03
-1.379610485427191861e+03 2.839907929617918853e+03 1.464024676679142374e+02 0.000000000000000000e+00 0.000000000000000000e+00 -5.454840507724156851e-03 4.081189664838990976e-03 4.081189664838991843e-03 2.888272068195924056e-03
-1.600550608794203299e+03 3.011538212162638956e+03 1.690903157945853934e+02 0.000000000000000000e+00 0.000000000000000000e+00 -6.151834170594838724e-03 4.081189664838990976e-03 4.081189664838991843e-03 2.888757265119955113e-03
-1.219509838253761927e+03 3.003033924159381058e+03 1.530875165690948165e+02 0.000000000000000000e+00 0.000000000000000000e+00 -6.792154853201282094e-03 4.081189664838990976e-03 4.081189664838991843e-03 2.888378101799153781e-03
-1.220870390445363682e+03 2.661532463611798903e+03 1.277155369772008555e+02 0.000000000000000000e+00 0.000000000000000000e+00 4.348596256008363525e-02 4.081189664838990976e-03 4.081189664838991843e-03 2.887886905891196791e-03
-1.581189415441389656e+03 2.669526772244567383e+03 1.424781907680114159e+02 0.000000000000000000e+00 0.000000000000000000e+00 3.772554915406090004e-02 4.081189664838990976e-03 4.081189664838991843e-03 2.888226257408801553e-03
-1.592369991894532404e+03 2.352384940655183982e+03 1.221660554106371563e+02 0.000000000000000000e+00 0.000000000000000000e+00 -1.473268455552556588e-02 4.081189664838990976e-03 4.081189664838991843e-03 2.887829070584153283e-03
-1.198082465823267967e+03 2.356820941045838481e+03 1.071364450036253828e+02 0.000000000000000000e+00 0.000000000000000000e+00 -1.250888262322291666e-02 4.081189664838990976e-03 4.081189664838991843e-03 2.887490328032195960e-03
-1.382553295264321378e+03 2.201427330234661440e+03 1.046259356638222897e+02 0.000000000000000000e+00 0.000000000000000000e+00 9.438368591304424626e-03 4.081189664838990976e-03 4.081189664838991843e-03 2.887463574008861111e-03
-1.553469704587844035e+03 1.936929805437674077e+03 9.752502083748724715e+01 0.000000000000000000e+00 0.000000000000000000e+00 1.892247352371612124e-02 4.081189664838990976e-03 4.081189664838991843e-03 2.887345574118521749e-03
-1.203838489519524956e+03 1.968407169871290762e+03 8.587661303633235832e+01 0.000000000000000000e+00 0.000000000000000000e+00 3.001368830666706344e-03 4.081189664838990976e-03 4.081189664838991843e-03 2.887088806989865017e-03
-1.215218057030663431e+03 1.632150566723426664e+03 7.100969271181142517e+01 0.000000000000000000e+00 0.000000000000000000e+00 -3.978423291326294020e-02 4.081189664838990976e-03 4.081189664838991843e-03 2.886811225431467742e-03
-1.583070000293798330e+03 1.657016975187055095e+03 8.600342257902499910e+01 0.000000000000000000e+00 0.000000000000000000e+00 -3.990065554718569274e-02 4.081189664838990976e-03 4.081189664838991843e-03 2.887125818086473499e-03
-1.380352440636966776e+03 1.494083567575315783e+03 7.140162825542635971e+01 0.000000000000000000e+00 0.000000000000000000e+00 -3.703025838144924364e-02 4.081189664838990976e-03 4.081189664838991843e-03 2.886831187701865628e-03
-1.571992245955913177e+03 1.239014733248871153e+03 7.029729415226331923e+01 0.000000000000000000e+00 0.000000000000000000e+00 -2.809910917227398386e-02 4.081189664838990976e-03 4.081189664838991843e-03 2.886822138283059308e-03
-1.206544701727217898e+03 9.250244754467114490e+02 4.834699128266985468e+01 0.000000000000000000e+00 0.000000000000000000e+00 -1.318408265066750573e-02 4.081189664838990976e-03 4.081189664838991843e-03 2.886389288747218031e-03
-1.572066956924775695e+03 9.328388302518045521e+02 6.200341614423066972e+01 0.000000000000000000e+00 0.000000000000000000e+00 4.448074745291563659e-02 4.081189664838990976e-03 4.081189664838991843e-03 2.886661454897152500e-03
-1.381597605951117657e+03 7.793498784737996630e+02 5.128898462791938329e+01 0.000000000000000000e+00 0.000000000000000000e+00 -1.172523232649780311e-02 4.081189664838990976e-03 4.081189664838991843e-03 2.886450451222335144e-03
-1.211290990573915224e+03 5.265649588854406602e+02 4.142895507895332230e+01 0.000000000000000000e+00 0.000000000000000000e+00 9.984501100852583022e-03 4.081189664838990976e-03 4.081189664838991843e-03 2.886259750769812164e-03
-1.555350417933787867e+03 4.694307401971082641e+02 5.320986263889892598e+01 0.000000000000000000e+00 0.000000000000000000e+00 5.275866835162190682e-02 4.081189664838990976e-03 4.081189664838991843e-03 2.886487127166636676e-03
-1.567688387604584705e+03 1.885110927550025508e+02 5.134397890808952525e+01 0.000000000000000000e+00 0.000000000000000000e+00 -3.089058124224663970e-03 4.081189664838990976e-03 4.081189664838991843e-03 2.886445282659224221e-03
-1.236801662168239773e+03 2.024486907573441954e+02 3.932540729401682000e+01 0.000000000000000000e+00 0.000000000000000000e+00 4.962322958317599841e-02 4.081189664838990976e-03 4.081189664838991843e-03 2.886217694149945806e-03
-1.385106939096505357e+03 5.530864876413290432e+01 4.386501637229527262e+01 0.000000000000000000e+00 0.000000000000000000e+00 5.964483055372227227e-03 4.081189664838990976e-03 4.081189664838991843e-03 2.886300470574682149e-03
-1.188318380878861262e+03 -1.620278621760783722e+02 3.748603286787687949e+01 0.000000000000000000e+00 0.000000000000000000e+00 -1.547144796973043412e-02 4.081189664838990976e-03 4.081189664838991843e-03 2.886176070286719433e-03
-1.585368602034404375e+03 -1.685504681703138203e+02 5.175017944524504543e+01 0.000000000000000000e+00 0.000000000000000000e+00 -1.298178869377863975e-02 4.081189664838990976e-03 4.081189664838991843e-03 2.886440818705566548e-03
-1.564882751487308042e+03 -4.877311192241905928e+02 5.313975361290928134e+01 0.000000000000000000e+00 0.000000000000000000e+00 7.256080123710262342e-03 4.081189664838990976e-03 4.081189664838991843e-03 2.886452891854227043e-03
-1.254118356724794467e+03 -5.002672835209089044e+02 4.200359897825001099e+01 0.000000000000000000e+00 0.000000000000000000e+00 9.272098301174480639e-03 4.081189664838990976e-03 4.081189664838991843e-03 2.886248578890758358e-03
-1.389056733472939868e+03 -6.618846343077458414e+02 4.866426795391767257e+01 0.000000000000000000e+00 0.000000000000000000e+00 -3.266044816292179576e-02 4.081189664838990976e-03 4.081189664838991843e-03 2.886363388960443577e-03
-1.193385042499355450e+03 -8.790014328200273894e+02 4.592765612303675482e+01 0.000000000000000000e+00 0.000000000000000000e+00 -9.091402212774823965e-03 4.081189664838990976e-03 4.081189664838991843e-03 2.886304512271353068e-03
-1.571710349602430824e+03 -8.815056114301091839e+02 5.937109094730346470e+01 0.000000000000000000e+00 0.000000000000000000e+00 3.278926691265837690e-04 4.081189664838990976e-03 4.081189664838991843e-03 2.886547083144525277e-03
-1.555035365797493114e+03 -1.211682169302551983e+03 6.639899387768718952e+01 0.000000000000000000e+00 0.000000000000000000e+00 -1.167787916688212135e-02 4.081189664838990976e-03 4.081189664838991843e-03 2.886655782267979684e-03
-1.234669474449774270e+03 -1.213633270638129716e+03 5.503369518927167547e+01 0.000000000000000000e+00 0.000000000000000000e+00 -1.581063202874588569e-02 4.081189664838990976e-03 4.081189664838991843e-03 2.886451871717467688e-03
-1.374023630582231362e+03 -1.347588568388860949e+03 6.350175372322016187e+01 0.000000000000000000e+00 0.000000000000000000e+00 3.325391875868177749e-02 4.081189664838990976e-03 4.081189664838991843e-03 2.886596051813981444e-03
-1.218401933202541613e+03 -1.637206519737782628e+03 6.801595157544414860e+01 0.000000000000000000e+00 0.000000000000000000e+00 3.724086192447373378e-02 4.081189664838990976e-03 4.081189664838991843e-03 2.886659528044943461e-03
-1.218443989171317298e+03 -1.919703662881169066e+03 7.924246146251128664e+01 0.000000000000000000e+00 0.000000000000000000e+00 3.639415330600570542e-02 4.081189664838990976e-03 4.081189664838991843e-03 2.886841010942501045e-03
-1.374330847864669067e+03 -2.064487561615914728e+03 9.085107248049253315e+01 0.000000000000000000e+00 0.000000000000000000e+00 4.980316829511366450e-02 4.081189664838990976e-03 4.081189664838991843e-03 2.887038202903175789e-03
-1.194881847758209005e+03 -2.298265928181970139e+03 9.637645101006449977e+01 0.000000000000000000e+00 0.000000000000000000e+00 -3.174091092390085578e-03 4.081189664838990976e-03 4.081189664838991843e-03 2.887118151103704785e-03
-1.542443425893909307e+03 -2.329407559291249527e+03 1.101865564399893742e+02 0.000000000000000000e+00 0.000000000000000000e+00 1.495211778457417040e-02 4.081189664838990976e-03 4.081189664838991843e-03 2.887365299972984630e-03
-1.562669372799874736e+03 -1.969686952080269521e+03 9.365219999865672662e+01 0.000000000000000000e+00 0.000000000000000000e+00 -2.930602768718415518e-02 4.081189664838990976e-03 4.081189664838991843e-03 2.887095923894927255e-03
-1.570721819644622883e+03 -2.609699676424881545e+03 1.268993424722516181e+02 0.000000000000000000e+00 0.000000000000000000e+00 -2.197898133562148359e-02 4.081189664838990976e-03 4.081189664838991843e-03 2.887643159609272914e-03
-1.176375916798729122e+03 -2.611263429945174266e+03 1.130480550576691599e+02 0.000000000000000000e+00 0.000000000000000000e+00 6.782371194859138086e-03 4.081189664838990976e-03 4.081189664838991843e-03 2.887389416815594814e-03
-1.348084685227210912e+03 -2.775847054737344479e+03 1.286028497124060550e+02 0.000000000000000000e+00 0.000000000000000000e+00 -2.045432062863028477e-02 4.081189664838990976e-03 4.081189664838991843e-03 2.887655666482496618e-03
-1.529978492628302774e+03 -3.017041297082601886e+03 1.511909647333482383e+02 0.000000000000000000e+00 0.000000000000000000e+00 6.203863654519636839e-03 4.081189664838990976e-03 4.081189664838991843e-03 2.888044294920548254e-03
-1.187685825159329397e+03 -3.003237008542459989e+03 1.381908870415051354e+02 0.000000000000000000e+00 0.000000000000000000e+00 -2.578716807445857739e-02 4.081189664838990976e-03 4.081189664838991843e-03 2.887803451389237604e-03
-1.908801533604708084e+03 -2.306550529211216599e+03 1.253166289475806821e+02 0.000000000000000000e+00 0.000000000000000000e+00 -2.600367277611326244e-02 4.081189664838990976e-03 4.081189664838993578e-03 2.887643717392369535e-03
-2.216891841757543716e+03 -2.325141361607022191e+03 1.428289761920684668e+02 0.000000000000000000e+00 0.000000000000000000e+00 2.346912253665323078e-02 4.081189664838990976e-03 4.081189664838993578e-03 2.887965076724410829e-03
-2.140791021010958502e+03 -2.110586721193864832e+03 1.277609961456748522e+02 0.000000000000000000e+00 0.000000000000000000e+00 1.781104628300056447e-02 4.081189664838990976e-03 4.081189664838993578e-03 2.887705562880209416e-03
-2.253130432588204712e+03 -1.915797047181608605e+03 1.253593957275194271e+02 0.000000000000000000e+00 0.000000000000000000e+00 6.583773868911180216e-03 4.081189664838990976e-03 4.081189664838993578e-03 2.887677343866727579e-03
-2.216092131529574544e+03 -1.618979686760026880e+03 1.114347647300908477e+02 0.000000000000000000e+00 0.000000000000000000e+00 -3.476348825428487999e-02 4.081189664838990976e-03 4.081189664838993578e-03 2.887445148713205581e-03
-1.946190810047706464e+03 -1.250672818502723203e+03 8.508566517782276151e+01 0.000000000000000000e+00 0.000000000000000000e+00 -1.425531197416773921e-02 4.081189664838990976e-03 4.081189664838993578e-03 2.886991259742950448e-03
-2.260593760882877177e+03 -9.398342236934316816e+02 9.471069826929225144e+01 0.000000000000000000e+00 0.000000000000000000e+00 4.685623723784715366e-02 4.081189664838990976e-03 4.081189664838993578e-03 2.887189356213553087e-03
-1.971376142581995282e+03 -9.259340168073323412e+02 7.852135993158415772e+01 0.000000000000000000e+00 0.000000000000000000e+00 -4.583196929573318812e-02 4.081189664838990976e-03 4.081189664838993578e-03 2.886893073102184647e-03
-2.097683226606308835e+03 -6.496423419363034100e+02 8.042793977824544527e+01 0.000000000000000000e+00 0.000000000000000000e+00 3.869195142029013823e-02 4.081189664838990976e-03 4.081189664838993578e-03 2.886946451124811595e-03
-2.240499295895636806e+03 -5.030014958141506440e+02 8.671218692469631151e+01 0.000000000000000000e+00 0.000000000000000000e+00 -3.041827163116295196e-02 4.081189664838990976e-03 4.081189664838993578e-03 2.887073492772414870e-03
-1.945296968716723995e+03 -1.717254055574135521e+02 6.830253560690252357e+01 0.000000000000000000e+00 0.000000000000000000e+00 -3.599084810517183541e-03 4.081189664838990976e-03 4.081189664838993578e-03 2.886750361233844046e-03
-2.050688006530843268e+03 2.341121784611725332e+01 7.367964433307645322e+01 0.000000000000000000e+00 0.000000000000000000e+00 -1.677538969218517195e-02 4.081189664838990976e-03 4.081189664838993578e-03 2.886862878108163895e-03
-1.908385273026147615e+03 1.645096799217128307e+02 6.673580973128903793e+01 0.000000000000000000e+00 0.000000000000000000e+00 6.559658221760855668e-04 4.081189664838990976e-03 4.081189664838993578e-03 2.886737699819320879e-03
-2.277040318426277281e+03 4.786370315861858558e+02 8.993402128359026904e+01 0.000000000000000000e+00 0.000000000000000000e+00 -5.679643160924285894e-02 4.081189664838990976e-03 4.081189664838993578e-03 2.887203217562678888e-03
-1.956495535823064756e+03 4.876644122007191982e+02 7.201737237577623318e+01 0.000000000000000000e+00 0.000000000000000000e+00 -1.165850314013994193e-02 4.081189664838990976e-03 4.081189664838993578e-03 2.886852951183974114e-03
-1.954138650740280127e+03 8.826785533359596911e+02 7.882936212348431582e+01 0.000000000000000000e+00 0.000000000000000000e+00 2.247973041306750019e-03 4.081189664838990976e-03 4.081189664838993578e-03 2.886998246724910462e-03
-2.246075208943444522e+03 9.113522157865794497e+02 9.594653607125495398e+01 0.000000000000000000e+00 0.000000000000000000e+00 1.140643545340935816e-02 4.081189664838990976e-03 4.081189664838993578e-03 2.887343483998201874e-03
-2.250960520266331969e+03 1.187645030172755696e+03 1.037453747464533507e+02 0.000000000000000000e+00 0.000000000000000000e+00 7.515165044694072094e-03 4.081189664838990976e-03 4.081189664838993578e-03 2.887509971271597347e-03
-1.954331955844113054e+03 1.193729013522393643e+03 8.705211463041327136e+01 0.000000000000000000e+00 0.000000000000000000e+00 -1.612480634864255080e-02 4.081189664838990976e-03 4.081189664838993578e-03 2.887166572001834391e-03
-2.081939305232526749e+03 1.421307102067584083e+03 1.016406606659523106e+02 0.000000000000000000e+00 0.000000000000000000e+00 -2.773739632111471565e-02 4.081189664838990976e-03 4.081189664838993578e-03 2.887466340264560009e-03
-1.944781573337820646e+03 1.587096672905262039e+03 1.005056384804003642e+02 0.000000000000000000e+00 0.000000000000000000e+00 -5.254568039418927583e-04 4.081189664838990976e-03 4.081189664838993578e-03 2.887437355720128777e-03
-2.231638792358767660e+03 1.644268951547983534e+03 1.193045261175513616e+02 0.000000000000000000e+00 0.000000000000000000e+00 -5.569752467121702466e-02 4.081189664838990976e-03 4.081189664838993578e-03 2.887835232013350861e-03
-2.251105694843629863e+03 1.894507016903330168e+03 1.320472568616168587e+02 0.000000000000000000e+00 0.000000000000000000e+00 -2.164790900144453190e-02 4.081189664838990976e-03 4.081189664838993578e-03 2.888100512836840484e-03
-1.930218767988056015e+03 1.895684935055352526e+03 1.135510922715864979e+02 0.000000000000000000e+00 0.000000000000000000e+00 5.426858700431580473e-03 4.081189664838990976e-03 4.081189664838993578e-03 2.887697661240005292e-03
-2.092784368218702639e+03 2.127648444576762813e+03 1.347479270213157747e+02 0.000000000000000000e+00 0.000000000000000000e+00 4.025711590361424896e-02 4.081189664838990976e-03 4.081189664838993578e-03 2.888141989239081595e-03
-1.932674911844849703e+03 2.295667268587887520e+03 1.354749866750042031e+02 0.000000000000000000e+00 0.000000000000000000e+00 3.185607377267274387e-02 4.081189664838990976e-03 4.081189664838993578e-03 2.888137763450353973e-03
-2.636687086445772820e+03 -1.659624340975302857e+03 1.396296142830586859e+02 0.000000000000000000e+00 0.000000000000000000e+00 -5.048491425895917928e-03 4.081189664838990976e-03 4.081189664838993578e-03 2.887961841276649559e-03
-2.778351045358900137e+03 -1.421406740678800588e+03 1.415360012664729936e+02 0.000000000000000000e+00 0.000000000000000000e+00 -6.400321015036070094e-03 4.081189664838990976e-03 4.081189664838993578e-03 2.888017670591832165e-03
-2.966748450304680773e+03 -1.268322682808566015e+03 1.513118000391883982e+02 0.000000000000000000e+00 0.000000000000000000e+00 2.677706621963693578e-02 4.081189664838990976e-03 4.081189664838993578e-03 2.888214857486978617e-03
-2.669125619505951818e+03 -1.221886496074577053e+03 1.278258958817062592e+02 0.000000000000000000e+00 0.000000000000000000e+00 1.868623968816507386e-02 4.081189664838990976e-03 4.081189664838993578e-03 2.887779632535512724e-03
-2.975312953288816061e+03 -9.491196400570531750e+02 1.442268541176859173e+02 0.000000000000000000e+00 0.000000000000000000e+00 -3.026451715348343896e-02 4.081189664838990976e-03 4.081189664838993578e-03 2.888112858740918623e-03
-2.640013469737928062e+03 -9.363357323037294009e+02 1.190161118842815284e+02 0.000000000000000000e+00 0.000000000000000000e+00 1.621906754446911236e-02 4.081189664838990976e-03 4.081189664838993578e-03 2.887640591687376090e-03
-2.789899758556369306e+03 -7.148304932326049084e+02 1.258415165730790761e+02 0.000000000000000000e+00 0.000000000000000000e+00 2.893993242706471847e-02 4.081189664838990976e-03 4.081189664838993578e-03 2.887789344488805084e-03
-2.964270297643303820e+03 -5.469269643526511118e+02 1.370018387692575743e+02 0.000000000000000000e+00 0.000000000000000000e+00 2.585222486482052773e-02 4.081189664838990976e-03 4.081189664838993578e-03 2.888018406962534861e-03
-2.642166374033794000e+03 -5.432181105390083076e+02 1.129552010389897561e+02 0.000000000000000000e+00 0.000000000000000000e+00 2.927481768074358115e-02 4.081189664838990976e-03 4.081189664838993578e-03 2.887562613697611594e-03
-2.953586212431652257e+03 -2.139684462364448052e+02 1.338110501667883625e+02 0.000000000000000000e+00 0.000000000000000000e+00 2.433685323561007863e-02 4.081189664838990976e-03 4.081189664838993578e-03 2.887994292537120460e-03
-2.658957163453865178e+03 -2.158044141045793083e+02 1.117418213001452898e+02 0.000000000000000000e+00 0.000000000000000000e+00 -5.390059025074833698e-02 4.081189664838990976e-03 4.081189664838993578e-03 2.887570226413110376e-03
-2.793600255687291792e+03 -4.532739293532557667e+00 1.213634670450120723e+02 0.000000000000000000e+00 0.000000000000000000e+00 -1.067219553263498710e-03 4.081189664838990976e-03 4.081189664838993578e-03 2.887776224311286010e-03
-2.621702424608490219e+03 1.555991304694726693e+02 1.094988387462355064e+02 0.000000000000000000e+00 0.000000000000000000e+00 -1.276249275690588547e-03 4.081189664838990976e-03 4.081189664838993578e-03 2.887561351761932377e-03
-2.980232020110208850e+03 4.797300639870569512e+02 1.397044289445534844e+02 0.000000000000000000e+00 0.000000000000000000e+00 4.414060068447156482e-02 4.081189664838990976e-03 4.081189664838993578e-03 2.888189791862428267e-03
-2.621003861707120905e+03 4.746681964719813323e+02 1.124402736405500889e+02 0.000000000000000000e+00 0.000000000000000000e+00 -2.093632333021844261e-02 4.081189664838990976e-03 4.081189664838993578e-03 2.887646716689612394e-03
-3.002113068307104186e+03 8.694623305640110402e+02 1.488723248545338720e+02 0.000000000000000000e+00 0.000000000000000000e+00 4.852986420360139164e-03 4.081189664838990976e-03 4.081189664838993578e-03 2.888418023472292488e-03
-2.636241085868387927e+03 8.847069138439782137e+02 1.210798628379414197e+02 0.000000000000000000e+00 0.000000000000000000e+00 2.867468066312994779e-03 4.081189664838990976e-03 4.081189664838993578e-03 2.887851649184444355e-03
-3.000901877572398917e+03 1.184393233390331488e+03 1.575897428166537395e+02 0.000000000000000000e+00 0.000000000000000000e+00 1.670891356619108592e-02 4.081189664838990976e-03 4.081189664838993578e-03 2.888629385999237978e-03
-2.645067987284394803e+03 1.196941759726820919e+03 1.303438064931837062e+02 0.000000000000000000e+00 0.000000000000000000e+00 2.626465720652504388e-02 4.081189664838990976e-03 4.081189664838993578e-03 2.888061275754690710e-03
-2.797326833504976548e+03 1.423668429750105361e+03 1.496486690850045420e+02 0.000000000000000000e+00 0.000000000000000000e+00 3.975368390683797770e-03 4.081189664838990976e-03 4.081189664838993578e-03 2.888478739033090679e-03
-2.967125516969625096e+03 1.592075189944743670e+03 1.700698687668222533e+02 0.000000000000000000e+00 0.000000000000000000e+00 3.307501382545297020e-02 4.081189664838990976e-03 4.081189664838993578e-03 2.888925045786049518e-03
