# x y z x_res y_res z_res x_res_err y_res_err z_res_err
-2.200364869259076841e+03 2.827642323330159343e+03 -1.048582511797364987e+02 0.000000000000000000e+00 0.000000000000000000e+00 -1.516119215047240232e-01 4.077315122428136832e-03 4.077315122428134229e-03 2.883899104926521129e-03
-2.212623623102063902e+03 3.175968918089641647e+03 -1.174494031086199755e+02 0.000000000000000000e+00 0.000000000000000000e+00 -7.243648346161535301e-02 4.077315122428136832e-03 4.077315122428134229e-03 2.883997898636231957e-03
-2.037321909404449116e+03 3.038126698983958704e+03 -1.069512059841528497e+02 0.000000000000000000e+00 0.000000000000000000e+00 -1.172742486879627677e-01 4.077315122428136832e-03 4.077315122428134229e-03 2.883905535214921403e-03
-1.834397670776701943e+03 2.852506062712507173e+03 -9.466996296361421059e+01 0.000000000000000000e+00 0.000000000000000000e+00 -8.060273361809322523e-02 4.077315122428136832e-03 4.077315122428134229e-03 2.883796699730386149e-03
-1.842829223647862364e+03 3.197761544895020052e+03 -1.071752383061152045e+02 0.000000000000000000e+00 0.000000000000000000e+00 -3.229752414387121462e-02 4.077315122428136832e-03 4.077315122428134229e-03 2.883897634044405803e-03
-1.850880083392597953e+03 2.781365802084242659e+03 -9.275717705920260414e+01 0.000000000000000000e+00 0.000000000000000000e+00 -1.662961712270316639e-02 4.077395731488064716e-03 4.077395731488062114e-03 2.883839123578974331e-03
-2.195898913041070955e+03 2.820860329866938173e+03 -1.044878236104415379e+02 0.000000000000000000e+00 0.000000000000000000e+00 -2.033301416231836356e-02 4.077395731488064716e-03 4.077395731488062114e-03 2.883952923917935604e-03
-2.064028506309199656e+03 3.030145552817612952e+03 -1.074807199230834698e+02 0.000000000000000000e+00 0.000000000000000000e+00 -1.994602249261845373e-02 4.077395731488064716e-03 4.077395731488062114e-03 2.883968231232852952e-03
-1.877671013692138786e+03 3.210218430315351270e+03 -1.086026181473066856e+02 0.000000000000000000e+00 0.000000000000000000e+00 2.702810101109776042e-02 4.077395731488064716e-03 4.077395731488062114e-03 2.883967629738478679e-03
-1.560249180215564593e+03 3.198240802474705561e+03 -1.000457797795533281e+02 0.000000000000000000e+00 0.000000000000000000e+00 -3.567969377820645605e-02 4.077315122428136832e-03 4.077315122428134229e-03 2.883828830809116554e-03
-1.536300181565027060e+03 2.846399485051234478e+03 -8.692211659929273537e+01 0.000000000000000000e+00 0.000000000000000000e+00 -4.496127396842553026e-02 4.077315122428136832e-03 4.077315122428134229e-03 2.883720192501953387e-03
-1.179202195865829935e+03 3.215608371495949541e+03 -9.290868202992155034e+01 0.000000000000000000e+00 0.000000000000000000e+00 6.564803658051232560e-03 4.077315122428136832e-03 4.077315122428134229e-03 2.883758921282616322e-03
-1.166723026987955109e+03 2.862231785812982253e+03 -7.992713174860301706e+01 0.000000000000000000e+00 0.000000000000000000e+00 -2.353687291702044604e-02 4.077315122428136832e-03 4.077315122428134229e-03 2.883649755169779855e-03
-9.089316655609048894e+02 2.831432870882410498e+03 -7.482717014829066215e+01 0.000000000000000000e+00 0.000000000000000000e+00 -2.507378572664720195e-02 4.077315122428136832e-03 4.077315122428134229e-03 2.883600463058532976e-03
-8.839472407398259293e+02 3.213206813612321639e+03 -8.825218837227353674e+01 0.000000000000000000e+00 0.000000000000000000e+00 -6.886250911918523343e-03 4.077315122428136832e-03 4.077315122428134229e-03 2.883713961321826818e-03
-5.202045634006778982e+02 3.224549582847982947e+03 -8.484879437833158988e+01 0.000000000000000000e+00 0.000000000000000000e+00 -2.543759498992415047e-02 4.077315122428136832e-03 4.077315122428134229e-03 2.883680459004517999e-03
-5.060377600811891057e+02 2.865383274818187601e+03 -7.166168205243764078e+01 0.000000000000000000e+00 0.000000000000000000e+00 2.553596541127944874e-02 4.077315122428136832e-03 4.077315122428134229e-03 2.883567214674315291e-03
-1.949769967657869927e+02 2.853320237953033029e+03 -6.958921091849954621e+01 0.000000000000000000e+00 0.000000000000000000e+00 2.475897227868983919e-02 4.077315122428136832e-03 4.077315122428134229e-03 2.883547071722436343e-03
1.989185818444558329e+00 3.094896607016932194e+03 -7.792243374029663983e+01 0.000000000000000000e+00 0.000000000000000000e+00 2.204467606864568552e-02 4.077315122428136832e-03 4.077315122428134229e-03 2.883618691730262164e-03
1.683499544557255092e+02 3.216028980452976612e+03 -8.269887670611697672e+01 0.000000000000000000e+00 0.000000000000000000e+00 7.689667718608461655e-03 4.077315122428136832e-03 4.077315122428134229e-03 2.883659981934645362e-03
1.921983111754288132e+02 2.859247404463344992e+03 -6.978485571693380507e+01 0.000000000000000000e+00 0.000000000000000000e+00 5.727614523601687324e-02 4.077315122428136832e-03 4.077315122428134229e-03 2.883548756171101096e-03
4.290179955848021223e+02 2.838418173296772238e+03 -7.018935170526427214e+01 0.000000000000000000e+00 0.000000000000000000e+00 -2.323189117456081476e-02 4.077315122428136832e-03 4.077315122428134229e-03 2.883553759603766677e-03
4.643469192564074319e+02 3.214572342894808116e+03 -8.405286427727482135e+01 0.000000000000000000e+00 0.000000000000000000e+00 1.910760995359339631e-02 4.077315122428136832e-03 4.077315122428134229e-03 2.883673184180927246e-03
6.168577740330382539e+02 3.037956921248394792e+03 -7.871031993862774812e+01 0.000000000000000000e+00 0.000000000000000000e+00 2.396156858446829574e-02 4.077315122428136832e-03 4.077315122428134229e-03 2.883629016029527498e-03
4.690416364615167026e+02 3.277103255776382866e+03 -8.649937353676813245e+01 0.000000000000000000e+00 0.000000000000000000e+00 1.233033879259437526e-02 4.077315122428136832e-03 4.077315122428134229e-03 2.883694101849802911e-03
8.376211228708694989e+02 3.267139816244254234e+03 -8.972632300169937025e+01 0.000000000000000000e+00 0.000000000000000000e+00 5.486784312626014071e-02 4.077315122428136832e-03 4.077315122428134229e-03 2.883725684853949336e-03
8.608925128657284631e+02 2.777424462035272427e+03 -7.236373383408280802e+01 0.000000000000000000e+00 0.000000000000000000e+00 -8.842218124982537120e-04 4.077315122428136832e-03 4.077315122428134229e-03 2.883578468802560062e-03
4.965741517501937778e+02 2.798878223896439067e+03 -6.932318331886105511e+01 0.000000000000000000e+00 0.000000000000000000e+00 -2.868625940462266044e-02 4.077315122428136832e-03 4.077315122428134229e-03 2.883546927885249824e-03
1.130999791439263845e+03 2.850134204265495100e+03 -7.889371352213169075e+01 0.000000000000000000e+00 0.000000000000000000e+00 -2.992118550184841297e-02 4.077315122428136832e-03 4.077315122428134229e-03 2.883640092222936133e-03
1.143062547944930657e+03 2.811114346888884938e+03 -7.778035291706214593e+01 0.000000000000000000e+00 0.000000000000000000e+00 -6.120590394255032152e-02 4.077315122428136832e-03 4.077315122428134229e-03 2.883631007859901313e-03
1.341287199462113449e+03 3.048449145803264855e+03 -8.977198987366705296e+01 0.000000000000000000e+00 0.000000000000000000e+00 -6.558624865553497330e-02 4.077315122428136832e-03 4.077315122428134229e-03 2.883737105703052146e-03
1.548579852302826112e+03 3.293041123853744921e+03 -1.033899999699366106e+02 0.000000000000000000e+00 0.000000000000000000e+00 5.392917642922157029e-03 4.077315122428136832e-03 4.077315122428134229e-03 2.883855741266305988e-03
1.766906128100614978e+03 3.304835076434667371e+03 -1.092139933094521780e+02 0.000000000000000000e+00 0.000000000000000000e+00 -3.851362592277496333e-02 4.077315122428136832e-03 4.077315122428134229e-03 2.883910794744375724e-03
1.780270292111325716e+03 2.807460150069949577e+03 -9.169662495838001348e+01 0.000000000000000000e+00 0.000000000000000000e+00 -8.407787404635769235e-03 4.077315122428136832e-03 4.077315122428134229e-03 2.883769954017137861e-03
1.977942406781777208e+03 3.073198198739713007e+03 -1.064355237740677609e+02 0.000000000000000000e+00 0.000000000000000000e+00 -3.272677884866936893e-02 4.077315122428136832e-03 4.077315122428134229e-03 2.883898252736463025e-03
2.196399223203950442e+03 2.841078999984633356e+03 -1.051746186637583094e+02 0.000000000000000000e+00 0.000000000000000000e+00 -2.218461150417283534e-02 4.077315122428136832e-03 4.077315122428134229e-03 2.883901308242787977e-03
2.460979869483909624e+03 2.533763324346203262e+03 -1.046737483573179759e+02 0.000000000000000000e+00 0.000000000000000000e+00 -1.472255806918951748e-01 4.077315122428136832e-03 4.077315122428134229e-03 2.883918053738054876e-03
2.809334052346998760e+03 2.529650785101887323e+03 -1.181613665481861233e+02 0.000000000000000000e+00 0.000000000000000000e+00 -3.268138160555622562e-02 4.077315122428136832e-03 4.077315122428134229e-03 2.884053503154201167e-03
2.636020840613634391e+03 2.378825948395922751e+03 -1.068646517936851268e+02 0.000000000000000000e+00 0.000000000000000000e+00 9.868777582458676534e-02 4.077315122428136832e-03 4.077315122428134229e-03 2.883951551120201174e-03
2.463577822073017614e+03 2.132078533880636769e+03 -9.375610795884188065e+01 0.000000000000000000e+00 0.000000000000000000e+00 5.763170361291258814e-03 4.077315122428136832e-03 4.077315122428134229e-03 2.883835267341507830e-03
2.847895482419994096e+03 2.138816220702022292e+03 -1.091837475308627745e+02 0.000000000000000000e+00 0.000000000000000000e+00 -4.590635575189594419e-02 4.077315122428136832e-03 4.077315122428134229e-03 2.883993207597517795e-03
2.192153415211932042e+03 2.131958313129709950e+03 -8.422500843947985061e+01 0.000000000000000000e+00 0.000000000000000000e+00 -2.254967533276897029e-02 4.077315122428136832e-03 4.077315122428134229e-03 2.883736788328480211e-03
1.835632806205409679e+03 2.115605938327620152e+03 -7.290627827098555258e+01 0.000000000000000000e+00 0.000000000000000000e+00 2.880986209277125454e-03 4.077315122428136832e-03 4.077315122428134229e-03 2.883620207095434484e-03
2.020791187766952817e+03 2.319457592494592518e+03 -8.373214634296967063e+01 0.000000000000000000e+00 0.000000000000000000e+00 -3.883632307335460609e-03 4.077315122428136832e-03 4.077315122428134229e-03 2.883719867170310685e-03
2.177039325448614363e+03 2.482958408409286221e+03 -9.332901114118095620e+01 0.000000000000000000e+00 0.000000000000000000e+00 -1.406396896413752984e-03 4.077315122428136832e-03 4.077315122428134229e-03 2.883807130295763712e-03
1.857396317940834251e+03 2.498364966512989213e+03 -8.407527281557578647e+01 0.000000000000000000e+00 0.000000000000000000e+00 -2.500358679601788481e-02 4.077315122428136832e-03 4.077315122428134229e-03 2.883712274332049779e-03
1.565302613087397049e+03 2.502137811244931527e+03 -7.662036148228388299e+01 0.000000000000000000e+00 0.000000000000000000e+00 -3.376471457291074785e-02 4.077315122428136832e-03 4.077315122428134229e-03 2.883636206048594171e-03
1.366503610880130054e+03 2.341067552060030266e+03 -6.749369725035865031e+01 0.000000000000000000e+00 0.000000000000000000e+00 -3.032739360492087144e-02 4.077315122428136832e-03 4.077315122428134229e-03 2.883551515733665232e-03
1.505167766435479734e+03 2.129260739089382241e+03 -6.481927727891226709e+01 0.000000000000000000e+00 0.000000000000000000e+00 -2.530472782888182337e-02 4.077315122428136832e-03 4.077315122428134229e-03 2.883535077728236178e-03
1.123482317027926456e+03 2.477969764595693960e+03 -6.685440686339993022e+01 0.000000000000000000e+00 0.000000000000000000e+00 -3.182240158008653452e-02 4.077315122428136832e-03 4.077315122428134229e-03 2.883537757652582419e-03
8.870553640498396817e+02 2.527573349240842163e+03 -6.472319072276020790e+01 0.000000000000000000e+00 0.000000000000000000e+00 -2.462815280038910259e-02 4.077315122428136832e-03 4.077315122428134229e-03 2.883513452115212330e-03
8.727998678263382999e+02 2.124692684298443055e+03 -5.313780243106353396e+01 0.000000000000000000e+00 0.000000000000000000e+00 -4.938850375703651707e-02 4.077315122428136832e-03 4.077315122428134229e-03 2.883412953084559319e-03
4.979519012855081428e+02 2.539350571329732702e+03 -6.096080113140791923e+01 0.000000000000000000e+00 0.000000000000000000e+00 6.758627763559843515e-03 4.077315122428136832e-03 4.077315122428134229e-03 2.883474421072702333e-03
4.959071752936118855e+02 2.131480729622330728e+03 -4.932862658826529412e+01 0.000000000000000000e+00 0.000000000000000000e+00 8.425406300744953114e-04 4.077315122428136832e-03 4.077315122428134229e-03 2.883372619595912269e-03
2.832647170678115799e+03 1.776292674626830376e+03 -1.002521595975760818e+02 0.000000000000000000e+00 0.000000000000000000e+00 -4.987970408328123995e-02 4.077317820711673542e-03 4.077317820711670072e-03 2.883929047273985427e-03
2.655243341043394594e+03 1.620340412225762066e+03 -8.981551842488184434e+01 0.000000000000000000e+00 0.000000000000000000e+00 1.549900454500630076e-02 4.077317820711673542e-03 4.077317820711670072e-03 2.883829708571661928e-03
2.489322032482382383e+03 1.368831597287397926e+03 -7.888548336546207906e+01 0.000000000000000000e+00 0.000000000000000000e+00 -4.858090685644356199e-03 4.077317820711673542e-03 4.077317820711670072e-03 2.883728043690980420e-03
2.835282446433308451e+03 1.357466225468191851e+03 -9.267272396460998607e+01 0.000000000000000000e+00 0.000000000000000000e+00 -4.351622394943888139e-02 4.077317820711673542e-03 4.077317820711670072e-03 2.883875921311015045e-03
2.195750191451489627e+03 1.735457192094457469e+03 -7.519386167348898198e+01 0.000000000000000000e+00 0.000000000000000000e+00 2.579127602791686513e-02 4.077317820711673542e-03 4.077317820711670072e-03 2.883668173038346928e-03
1.849302716092491664e+03 1.741756510351791576e+03 -6.460066604304141435e+01 0.000000000000000000e+00 0.000000000000000000e+00 -3.630663158743629992e-02 4.077317820711673542e-03 4.077317820711670072e-03 2.883555356140153712e-03
1.982545371268214012e+03 1.599401443973009918e+03 -6.564793092129394836e+01 0.000000000000000000e+00 0.000000000000000000e+00 3.134231078630023148e-02 4.077317820711673542e-03 4.077317820711670072e-03 2.883573981108480001e-03
1.850000819369500050e+03 1.335905575653034475e+03 -5.704451347774691783e+01 0.000000000000000000e+00 0.000000000000000000e+00 -3.767151509534016895e-02 4.077317820711673542e-03 4.077317820711670072e-03 2.883493974753895649e-03
1.838231898720494883e+03 1.035313513310925146e+03 -5.236594304533062427e+01 0.000000000000000000e+00 0.000000000000000000e+00 -4.416844934591779293e-02 4.077317820711673542e-03 4.077317820711670072e-03 2.883455227687543344e-03
2.170445826120064339e+03 1.029400865951353353e+03 -6.261369035751150136e+01 0.000000000000000000e+00 0.000000000000000000e+00 2.586290892112685924e-02 4.077317820711673542e-03 4.077317820711670072e-03 2.883567925888308806e-03
2.188686829840538849e+03 6.377858933309222493e+02 -5.930588221224165579e+01 0.000000000000000000e+00 0.000000000000000000e+00 4.772913749380336412e-02 4.077317820711673542e-03 4.077317820711670072e-03 2.883545421400349456e-03
1.862745049884427999e+03 6.036733104916860384e+02 -4.876428157145066677e+01 0.000000000000000000e+00 0.000000000000000000e+00 7.128872507927042079e-03 4.077317820711673542e-03 4.077317820711670072e-03 2.883429044195358164e-03
2.832512056394763022e+03 1.028197269866253237e+03 -8.794985762659533179e+01 0.000000000000000000e+00 0.000000000000000000e+00 4.278268125858630810e-03 4.077317820711673542e-03 4.077317820711670072e-03 2.883843112487642548e-03
2.676010054536582174e+03 8.828690281544240861e+02 -7.976124919801968360e+01 0.000000000000000000e+00 0.000000000000000000e+00 1.878908779012533614e-02 4.077317820711673542e-03 4.077317820711670072e-03 2.883761143155057997e-03
2.483880380413304920e+03 6.118427565566536259e+02 -6.977700228296208707e+01 0.000000000000000000e+00 0.000000000000000000e+00 -8.127049143638487294e-03 4.077317820711673542e-03 4.077317820711670072e-03 2.883661948926582747e-03
2.825088335160498445e+03 6.022565606631994797e+02 -8.358922795857533572e+01 0.000000000000000000e+00 0.000000000000000000e+00 1.198535375139897496e-02 4.077317820711673542e-03 4.077317820711670072e-03 2.883813723361922706e-03
2.480437155873113625e+03 2.852784903279897435e+02 -6.794993153995548596e+01 0.000000000000000000e+00 0.000000000000000000e+00 -8.101549748857905797e-04 4.077317820711673542e-03 4.077317820711670072e-03 2.883650281622776937e-03
2.842176911202418069e+03 2.749194640557761886e+02 -8.270971427787472408e+01 0.000000000000000000e+00 0.000000000000000000e+00 2.672528239020266483e-02 4.077317820711673542e-03 4.077317820711670072e-03 2.883813496238127674e-03
2.676088275004555271e+03 1.361795938603637239e+02 -7.539071898149201445e+01 0.000000000000000000e+00 0.000000000000000000e+00 5.594253287124217877e-02 4.077317820711673542e-03 4.077317820711670072e-03 2.883735497167556373e-03
2.503192503572407531e+03 -1.207782827033763056e+02 -6.855039319132849585e+01 0.000000000000000000e+00 0.000000000000000000e+00 5.430553558095141398e-02 4.077317820711673542e-03 4.077317820711670072e-03 2.883662214035175378e-03
2.842714341333507036e+03 -1.411584369427522461e+02 -8.255909349355968629e+01 0.000000000000000000e+00 0.000000000000000000e+00 6.282335951718209799e-02 4.077317820711673542e-03 4.077317820711670072e-03 2.883817781819026944e-03
2.223181451527270838e+03 -1.253408224669615549e+02 -5.827560060503371631e+01 0.000000000000000000e+00 0.000000000000000000e+00 6.157717562314246607e-02 4.077317820711673542e-03 4.077317820711670072e-03 2.883547066833333766e-03
2.204012038995846069e+03 2.266264627349310103e+02 -5.773734783068385923e+01 0.000000000000000000e+00 0.000000000000000000e+00 5.353282996474462152e-02 4.077317820711673542e-03 4.077317820711670072e-03 2.883537474171230745e-03
1.869162096693244621e+03 2.616721366454989948e+02 -4.717323341975966855e+01 0.000000000000000000e+00 0.000000000000000000e+00 -1.517323225800026876e-02 4.077317820711673542e-03 4.077317820711670072e-03 2.883418209873872193e-03
2.016445145971877309e+03 1.091773877693133130e+02 -5.133960598440012291e+01 0.000000000000000000e+00 0.000000000000000000e+00 8.014292311102622079e-04 4.077317820711673542e-03 4.077317820711670072e-03 2.883467179645870463e-03
1.837896428918505535e+03 -1.370669103383257550e+02 -4.603372888722658729e+01 0.000000000000000000e+00 0.000000000000000000e+00 2.954719959674179108e-02 4.077317820711673542e-03 4.077317820711670072e-03 2.883408626016261463e-03
2.167804189522038541e+03 -1.513405074900785507e+02 -5.642924598746840559e+01 0.000000000000000000e+00 0.000000000000000000e+00 1.917051777208200747e-02 4.077317820711673542e-03 4.077317820711670072e-03 2.883526346433833848e-03
2.844639622590530507e+03 -4.822851961848782594e+02 -8.407927565738893350e+01 0.000000000000000000e+00 0.000000000000000000e+00 3.966599981538365682e-02 4.077317820711673542e-03 4.077317820711670072e-03 2.883834060414549715e-03
2.675632468932716165e+03 -6.163076391821302877e+02 -7.787361014192532593e+01 0.000000000000000000e+00 0.000000000000000000e+00 4.484081117880123202e-03 4.077317820711673542e-03 4.077317820711670072e-03 2.883763839812849162e-03
2.846276988302999143e+03 -8.863897563254683973e+02 -8.769248161720008738e+01 0.000000000000000000e+00 0.000000000000000000e+00 -1.138862603028201193e-02 4.077317820711673542e-03 4.077317820711670072e-03 2.883866753954498346e-03
2.495141618263506643e+03 -8.746212521567794056e+02 -7.314098110378745332e+01 0.000000000000000000e+00 0.000000000000000000e+00 5.842886201497776710e-02 4.077317820711673542e-03 4.077317820711670072e-03 2.883706092234338426e-03
2.232950691337019634e+03 -5.147080116265084371e+02 -6.028222868438324156e+01 0.000000000000000000e+00 0.000000000000000000e+00 5.051698341544863524e-02 4.077317820711673542e-03 4.077317820711670072e-03 2.883568288954174805e-03
2.227549329532721458e+03 -8.643057723679944502e+02 -6.320723802269029790e+01 0.000000000000000000e+00 0.000000000000000000e+00 4.020956861796776138e-02 4.077317820711673542e-03 4.077317820711670072e-03 2.883595072847995513e-03
2.017038495155904457e+03 -7.043463960306004310e+02 -5.459818369822869499e+01 0.000000000000000000e+00 0.000000000000000000e+00 3.363082540403183884e-02 4.077317820711673542e-03 4.077317820711670072e-03 2.883501188737032199e-03
1.862041148168898417e+03 -8.761052915921666226e+02 -5.162011841871313322e+01 0.000000000000000000e+00 0.000000000000000000e+00 1.356612919304467368e-02 4.077317820711673542e-03 4.077317820711670072e-03 2.883463605233436023e-03
1.826370780311511908e+03 -5.276845575777738304e+02 -4.741994431778989849e+01 0.000000000000000000e+00 0.000000000000000000e+00 3.774077113376961279e-03 4.077317820711673542e-03 4.077317820711670072e-03 2.883422254062750940e-03
2.494822191065437892e+03 -1.202173025340821823e+03 -7.744854377243164834e+01 0.000000000000000000e+00 0.000000000000000000e+00 1.322193549047767647e-02 4.077317820711673542e-03 4.077317820711670072e-03 2.883743627938652708e-03
2.867159524068569681e+03 -1.195830773495025142e+03 -9.265458972687977734e+01 0.000000000000000000e+00 0.000000000000000000e+00 -2.155279910638796537e-02 4.077317820711673542e-03 4.077317820711670072e-03 2.883910769996348746e-03
2.671480554461406882e+03 -1.366801160077019858e+03 -8.712404425094490534e+01 0.000000000000000000e+00 0.000000000000000000e+00 4.060495694540122713e-02 4.077317820711673542e-03 4.077317820711670072e-03 2.883843188783354050e-03
2.864155818817888303e+03 -1.614152486595360870e+03 -9.982329693222993683e+01 0.000000000000000000e+00 0.000000000000000000e+00 3.335925996071864574e-02 4.077317820711673542e-03 4.077317820711670072e-03 2.883967860281813969e-03
2.509796958987429207e+03 -1.615890955935243710e+03 -8.535188291099156288e+01 0.000000000000000000e+00 0.000000000000000000e+00 4.413573327956044068e-02 4.077317820711673542e-03 4.077317820711670072e-03 2.883811495531866421e-03
2.223104060764776477e+03 -1.621436676693300569e+03 -7.500417175251719470e+01 0.000000000000000000e+00 0.000000000000000000e+00 3.650913727800286779e-02 4.077317820711673542e-03 4.077317820711670072e-03 2.883697677342538131e-03
2.230322626403585673e+03 -1.267538798209234074e+03 -6.878704046787559889e+01 0.000000000000000000e+00 0.000000000000000000e+00 -7.053827593679784513e-03 4.077317820711673542e-03 4.077317820711670072e-03 2.883644772337861512e-03
2.030215691920048812e+03 -1.371529756883981008e+03 -6.388275699448769274e+01 0.000000000000000000e+00 0.000000000000000000e+00 -2.207859489146812848e-03 4.077317820711673542e-03 4.077317820711670072e-03 2.883585598758489545e-03
1.843957516860200485e+03 -1.286912178229277743e+03 -5.679083498923395723e+01 0.000000000000000000e+00 0.000000000000000000e+00 5.606542548059678666e-02 4.077317820711673542e-03 4.077317820711670072e-03 2.883509119463094610e-03
1.866134106358352028e+03 -1.619492304009665077e+03 -6.359646636495868677e+01 0.000000000000000000e+00 0.000000000000000000e+00 -1.174806718349685752e-02 4.077317820711673542e-03 4.077317820711670072e-03 2.883570930417257358e-03
2.515479287368638325e+03 -1.958428022299129907e+03 -9.318420654099162448e+01 0.000000000000000000e+00 0.000000000000000000e+00 2.076572284858002604e-02 4.077317820711673542e-03 4.077317820711670072e-03 2.883875739229765662e-03
2.848462450409178473e+03 -1.965042367804988771e+03 -1.068544483830027900e+02 0.000000000000000000e+00 0.000000000000000000e+00 -3.461124882599619923e-02 4.077317820711673542e-03 4.077317820711670072e-03 2.884020060848638354e-03
2.693769835678974232e+03 -2.115624553955199190e+03 -1.041587941111267099e+02 0.000000000000000000e+00 0.000000000000000000e+00 4.875131015225520059e-03 4.077317820711673542e-03 4.077317820711670072e-03 2.883981126496904836e-03
2.523924980582806711e+03 -2.383108985448648127e+03 -1.048302852184683616e+02 0.000000000000000000e+00 0.000000000000000000e+00 1.623474395239554724e-02 4.077317820711673542e-03 4.077317820711670072e-03 2.883968168573007324e-03
2.253268970761437686e+03 -2.001834020484709526e+03 -8.468562777858069524e+01 0.000000000000000000e+00 0.000000000000000000e+00 5.354029808104598942e-02 4.077317820711673542e-03 4.077317820711670072e-03 2.883781547996938383e-03
2.239168850114856468e+03 -2.364727783579869083e+03 -9.402697524347533431e+01 0.000000000000000000e+00 0.000000000000000000e+00 3.535556215126689494e-03 4.077317820711673542e-03 4.077317820711670072e-03 2.883856677167706203e-03
2.043387443508215711e+03 -2.116024715539083900e+03 -8.067823000490672314e+01 0.000000000000000000e+00 0.000000000000000000e+00 -5.889397015337749508e-03 4.077317820711673542e-03 4.077317820711670072e-03 2.883730856565846611e-03
1.861959188005440865e+03 -2.005144340876272508e+03 -7.232042608384017512e+01 0.000000000000000000e+00 0.000000000000000000e+00 1.992706592230319984e-02 4.077317820711673542e-03 4.077317820711670072e-03 2.883646483337481709e-03
1.868904528431832659e+03 -2.710598378684701856e+03 -9.325675580708798407e+01 0.000000000000000000e+00 0.000000000000000000e+00 3.736134197035312354e-02 4.077317820711673542e-03 4.077317820711670072e-03 2.883823628869711716e-03
2.207533252766742407e+03 -2.705315635761495741e+03 -1.035443404488694483e+02 0.000000000000000000e+00 0.000000000000000000e+00 -2.098743232174626883e-02 4.077317820711673542e-03 4.077317820711670072e-03 2.883930143237757419e-03
2.234303699080878232e+03 -3.126013706006065149e+03 -1.192120286967493996e+02 0.000000000000000000e+00 0.000000000000000000e+00 -6.808626797408123821e-03 4.077317820711673542e-03 4.077317820711670072e-03 2.884053295526505314e-03
1.868573021707100679e+03 -3.132394529844225417e+03 -1.082852164760318345e+02 0.000000000000000000e+00 0.000000000000000000e+00 -2.657378508543217777e-02 4.077317820711673542e-03 4.077317820711670072e-03 2.883945912917666547e-03
1.169076045278121001e+03 -3.126946244820188440e+03 -9.200694236350632593e+01 0.000000000000000000e+00 0.000000000000000000e+00 5.544458743931102163e-02 4.077355586009735917e-03 4.077355586009734183e-03 2.883809227263748817e-03
1.523186290169701806e+03 -3.168818565077710900e+03 -1.008637919076077196e+02 0.000000000000000000e+00 0.000000000000000000e+00 2.157155266587551523e-02 4.077355586009735917e-03 4.077355586009734183e-03 2.883896220509464797e-03
1.192785575937921294e+03 -2.723842279423161926e+03 -7.779148247573691322e+01 0.000000000000000000e+00 0.000000000000000000e+00 2.065407065984459223e-03 4.077355586009735917e-03 4.077355586009734183e-03 2.883686373684774852e-03
1.572873193270622778e+03 -2.710065292686772409e+03 -8.543903835486159437e+01 0.000000000000000000e+00 0.000000000000000000e+00 -3.426213681706258285e-03 4.077355586009735917e-03 4.077355586009734183e-03 2.883768457624651810e-03
1.557302021351662916e+03 -2.432260648392049006e+03 -7.614454294514840171e+01 0.000000000000000000e+00 0.000000000000000000e+00 2.056820154422211999e-03 4.077355586009735917e-03 4.077355586009734183e-03 2.883687792730104445e-03
1.212800198524330426e+03 -2.410479940315646218e+03 -6.804689094277456718e+01 0.000000000000000000e+00 0.000000000000000000e+00 -7.424111683647538484e-03 4.077355586009735917e-03 4.077355586009734183e-03 2.883601058795673584e-03
1.546647195550384367e+03 -2.028467565135592167e+03 -6.452503506980076509e+01 0.000000000000000000e+00 0.000000000000000000e+00 -6.269960517951744805e-02 4.077355586009735917e-03 4.077355586009734183e-03 2.883585638381872245e-03
1.182859617771052626e+03 -2.035873017018887822e+03 -5.690788403528456740e+01 0.000000000000000000e+00 0.000000000000000000e+00 2.591056347007736349e-03 4.077355586009735917e-03 4.077355586009734183e-03 2.883500177207457254e-03
1.552177232495321277e+03 -1.688585849564035470e+03 -5.662270006506639675e+01 0.000000000000000000e+00 0.000000000000000000e+00 1.292746235092323559e-02 4.077355586009735917e-03 4.077355586009734183e-03 2.883515801326019118e-03
1.183803393525754927e+03 -1.699914170778821926e+03 -4.889852056864018692e+01 0.000000000000000000e+00 0.000000000000000000e+00 -2.177421187617767373e-02 4.077355586009735917e-03 4.077355586009734183e-03 2.883427714976747117e-03
1.351640329201885379e+03 -1.451685588242038648e+03 -4.725556181578514270e+01 0.000000000000000000e+00 0.000000000000000000e+00 -1.507836242992510734e-02 4.077355586009735917e-03 4.077355586009734183e-03 2.883420590885177413e-03
1.494095377786175504e+03 -1.252881483090224037e+03 -4.701744364275572963e+01 0.000000000000000000e+00 0.000000000000000000e+00 1.648240618877139241e-03 4.077355586009735917e-03 4.077355586009734183e-03 2.883425940994773645e-03
1.540515911927750494e+03 -9.493247916028267355e+02 -4.383335430984580938e+01 0.000000000000000000e+00 0.000000000000000000e+00 4.306131629024889662e-02 4.077355586009735917e-03 4.077355586009734183e-03 2.883399400635182613e-03
1.192570696634377782e+03 -9.317312664539522302e+02 -3.605430723165376605e+01 0.000000000000000000e+00 0.000000000000000000e+00 3.525878580132513207e-02 4.077355586009735917e-03 4.077355586009734183e-03 2.883310329547213776e-03
1.357002827493849736e+03 -6.865317585944734446e+02 -3.683149599078419101e+01 0.000000000000000000e+00 0.000000000000000000e+00 6.685944247792718897e-02 4.077355586009735917e-03 4.077355586009734183e-03 2.883325029828284758e-03
1.187087728593452312e+03 -5.237258942137552822e+02 -3.210943832982106017e+01 0.000000000000000000e+00 0.000000000000000000e+00 4.359013890721286089e-02 4.077355586009735917e-03 4.077355586009734183e-03 2.883273249245355257e-03
1.500503589857116594e+03 -5.109312628765254658e+02 -3.872798652492706140e+01 0.000000000000000000e+00 0.000000000000000000e+00 4.652101356644067209e-02 4.077355586009735917e-03 4.077355586009734183e-03 2.883349672705892621e-03
1.519814793118147918e+03 -2.006424989675482777e+02 -3.774233728921613817e+01 0.000000000000000000e+00 0.000000000000000000e+00 4.633398258622634103e-02 4.077355586009735917e-03 4.077355586009734183e-03 2.883340713012320054e-03
1.174716101783644717e+03 -1.955990387826192318e+02 -3.033783932806392158e+01 0.000000000000000000e+00 0.000000000000000000e+00 2.094889037975633528e-02 4.077355586009735917e-03 4.077355586009734183e-03 2.883255709870003857e-03
1.529456351010978779e+03 2.186556711817430596e+02 -3.796006480782530446e+01 0.000000000000000000e+00 0.000000000000000000e+00 5.845207464947321796e-02 4.077355586009735917e-03 4.077355586009734183e-03 2.883341226110852033e-03
1.185577228187050196e+03 2.505164942328152335e+02 -3.065563253097613483e+01 0.000000000000000000e+00 0.000000000000000000e+00 4.813065359844515001e-02 4.077355586009735917e-03 4.077355586009734183e-03 2.883257739287463893e-03
1.547523618135504194e+03 5.703916650257091305e+02 -4.009295357101274249e+01 0.000000000000000000e+00 0.000000000000000000e+00 1.527668440013485451e-02 4.077355586009735917e-03 4.077355586009734183e-03 2.883359363104864587e-03
1.171875865598070050e+03 5.561041502255949354e+02 -3.193172158768391711e+01 0.000000000000000000e+00 0.000000000000000000e+00 1.812804078703322830e-02 4.077355586009735917e-03 4.077355586009734183e-03 2.883267650261084249e-03
1.345965542346662460e+03 8.022960309050858996e+02 -3.747048660986911983e+01 0.000000000000000000e+00 0.000000000000000000e+00 4.092256853829923102e-02 4.077355586009735917e-03 4.077355586009734183e-03 2.883324207086151655e-03
1.554603425551573309e+03 9.803807300956185600e+02 -4.418062897516338694e+01 0.000000000000000000e+00 0.000000000000000000e+00 5.185754391725083678e-03 4.077355586009735917e-03 4.077355586009734183e-03 2.883393504421271399e-03
1.204450421945045946e+03 1.009719517539432104e+03 -3.696565492492884175e+01 0.000000000000000000e+00 0.000000000000000000e+00 1.708942551772452134e-02 4.077355586009735917e-03 4.077355586009734183e-03 2.883312515602312869e-03
1.541154669995938320e+03 1.314225476177592782e+03 -4.856546808411225413e+01 0.000000000000000000e+00 0.000000000000000000e+00 4.540583941836473514e-02 4.077355586009735917e-03 4.077355586009734183e-03 2.883429271300509689e-03
1.182842894441970202e+03 1.306338845641073704e+03 -4.082202997330483640e+01 0.000000000000000000e+00 0.000000000000000000e+00 5.767628925558909714e-02 4.077355586009735917e-03 4.077355586009734183e-03 2.883344850936596284e-03
1.324480629157057592e+03 1.537484717728734267e+03 -4.764586507115357250e+01 0.000000000000000000e+00 0.000000000000000000e+00 2.885230545352612808e-03 4.077355586009735917e-03 4.077355586009734183e-03 2.883409858792280751e-03
1.176019320658841707e+03 1.730766744991140058e+03 -4.864266018466302910e+01 0.000000000000000000e+00 0.000000000000000000e+00 5.897633865249929386e-02 4.077355586009735917e-03 4.077355586009734183e-03 2.883412075598203606e-03
1.488979014784373476e+03 1.755224728898570220e+03 -5.562189049750386260e+01 0.000000000000000000e+00 0.000000000000000000e+00 -2.405923383611252575e-02 4.077355586009735917e-03 4.077355586009734183e-03 2.883485645314338725e-03
8.434324622236856612e+02 1.724876007197135095e+03 -4.329618929012467987e+01 0.000000000000000000e+00 0.000000000000000000e+00 4.133020805220155580e-02 4.077355586009735917e-03 4.077355586009734183e-03 2.883354900107791986e-03
5.145672618191841821e+02 1.741821772562966771e+03 -4.017840894502644744e+01 0.000000000000000000e+00 0.000000000000000000e+00 -3.279850732710087868e-03 4.077355586009735917e-03 4.077355586009734183e-03 2.883320652243526530e-03
6.295689438526244430e+02 1.607914597506732434e+03 -3.842662868205692916e+01 0.000000000000000000e+00 0.000000000000000000e+00 -2.832710889215661609e-03 4.077355586009735917e-03 4.077355586009734183e-03 2.883307090907781187e-03
5.123558076920174926e+02 1.353955222074243011e+03 -3.269627818222416238e+01 0.000000000000000000e+00 0.000000000000000000e+00 1.839539298714498727e-03 4.077355586009735917e-03 4.077355586009734183e-03 2.883253942377761881e-03
8.258719318577600461e+02 1.344720783197411038e+03 -3.583586990394657334e+01 0.000000000000000000e+00 0.000000000000000000e+00 -1.719184452215216652e-02 4.077355586009735917e-03 4.077355586009734183e-03 2.883288743502193316e-03
5.279085364551132216e+02 1.008072788173526646e+03 -2.770481706963274249e+01 0.000000000000000000e+00 0.000000000000000000e+00 -2.331975535718910919e-02 4.077355586009735917e-03 4.077355586009734183e-03 2.883209419787676701e-03
6.744331704184576211e+02 8.512100730841654013e+02 -2.726423622355725485e+01 0.000000000000000000e+00 0.000000000000000000e+00 -4.464954188209446784e-02 4.077355586009735917e-03 4.077355586009734183e-03 2.883208559084784930e-03
5.091422350799137462e+02 6.039761938894009745e+02 -2.344032398677988738e+01 0.000000000000000000e+00 0.000000000000000000e+00 -5.996443608709967066e-02 4.077355586009735917e-03 4.077355586009734183e-03 2.883170599242472053e-03
8.594577276002975168e+02 6.161955335644152001e+02 -2.734384996649581723e+01 0.000000000000000000e+00 0.000000000000000000e+00 -2.475907340348371122e-02 4.077355586009735917e-03 4.077355586009734183e-03 2.883214602159621907e-03
8.909809311257823765e+02 2.972289719406251152e+02 -2.595040356854718056e+01 0.000000000000000000e+00 0.000000000000000000e+00 -4.833702304812348416e-02 4.077355586009735917e-03 4.077355586009734183e-03 2.883203533049488211e-03
5.151187602810754242e+02 2.737753794087913093e+02 -2.165084260493225798e+01 0.000000000000000000e+00 0.000000000000000000e+00 1.629445246146232762e-02 4.077355586009735917e-03 4.077355586009734183e-03 2.883154544673539963e-03
6.730734601083416919e+02 1.073292000273556113e+02 -2.274954560721650410e+01 0.000000000000000000e+00 0.000000000000000000e+00 -7.527769253586313880e-02 4.077355586009735917e-03 4.077355586009734183e-03 2.883168227159634174e-03
5.126738981260097034e+02 -1.447592599779891316e+02 -2.129372323696937741e+01 0.000000000000000000e+00 0.000000000000000000e+00 -2.832464277079438375e-02 4.077355586009735917e-03 4.077355586009734183e-03 2.883151469442955025e-03
8.645728792303483488e+02 -4.536030011923493248e+02 -2.637516253531503096e+01 0.000000000000000000e+00 0.000000000000000000e+00 -3.236751156833150844e-02 4.077355586009735917e-03 4.077355586009734183e-03 2.883207820921978443e-03
5.347065112639101017e+02 -4.873357845651728439e+02 -2.287817116784546911e+01 0.000000000000000000e+00 0.000000000000000000e+00 1.788878057461218418e-02 4.077355586009735917e-03 4.077355586009734183e-03 2.883166747998628689e-03
7.032012033312545327e+02 -6.298765396967035031e+02 -2.558214271531847928e+01 0.000000000000000000e+00 0.000000000000000000e+00 -1.759089845608485803e-02 4.077355586009735917e-03 4.077355586009734183e-03 2.883195846746305305e-03
8.773184277266067284e+02 -8.701991150591754831e+02 -3.011985856023055419e+01 0.000000000000000000e+00 0.000000000000000000e+00 -2.647290152225778570e-02 4.077355586009735917e-03 4.077355586009734183e-03 2.883243234229571246e-03
5.302954681262391432e+02 -8.979765564989932045e+02 -2.651724093987909470e+01 0.000000000000000000e+00 0.000000000000000000e+00 -2.895826058703576678e-02 4.077355586009735917e-03 4.077355586009734183e-03 2.883200595206734853e-03
8.731866653308849209e+02 -1.199386642298909919e+03 -3.446343963176066438e+01 0.000000000000000000e+00 0.000000000000000000e+00 -7.674661946006011704e-02 4.077355586009735917e-03 4.077355586009734183e-03 2.883283418593304056e-03
5.351559649174780589e+02 -1.235742442684769912e+03 -3.121879010532071419e+01 0.000000000000000000e+00 0.000000000000000000e+00 -7.322874373037890905e-02 4.077355586009735917e-03 4.077355586009734183e-03 2.883244454338411596e-03
7.082949596575003852e+02 -1.382258134281586990e+03 -3.542345629732996315e+01 0.000000000000000000e+00 0.000000000000000000e+00 -1.445601560432407950e-02 4.077355586009735917e-03 4.077355586009734183e-03 2.883287481541932200e-03
9.062080230870251398e+02 -1.634330464297563822e+03 -4.287893024590205471e+01 0.000000000000000000e+00 0.000000000000000000e+00 6.234261788911510394e-02 4.077355586009735917e-03 4.077355586009734183e-03 2.883362152048375617e-03
5.452155460339942010e+02 -1.668098354927799392e+03 -3.941293683920372359e+01 0.000000000000000000e+00 0.000000000000000000e+00 -3.293562909902192359e-02 4.077355586009735917e-03 4.077355586009734183e-03 2.883320718483996670e-03
8.989804864232860382e+02 -1.958722231764631942e+03 -5.026021568803678008e+01 0.000000000000000000e+00 0.000000000000000000e+00 -6.739390821380197849e-02 4.077355586009735917e-03 4.077355586009734183e-03 2.883429570594734943e-03
7.187567918250582579e+02 -2.142012667147685988e+03 -5.275993329995847603e+01 0.000000000000000000e+00 0.000000000000000000e+00 -8.657926114288727604e-02 4.077355586009735917e-03 4.077355586009734183e-03 2.883447457328539541e-03
8.861327663954406262e+02 -2.362751752523815867e+03 -6.122319541244257834e+01 0.000000000000000000e+00 0.000000000000000000e+00 -9.666313271382875882e-02 4.077355586009735917e-03 4.077355586009734183e-03 2.883528857008682122e-03
9.096707620756824326e+02 -2.719252001738754643e+03 -7.300976865110827418e+01 0.000000000000000000e+00 0.000000000000000000e+00 -8.809683785715094473e-02 4.077355586009735917e-03 4.077355586009734183e-03 2.883635401249209484e-03
5.087086091336209392e+02 -2.718773729176803499e+03 -6.855329067037442314e+01 0.000000000000000000e+00 0.000000000000000000e+00 -1.260700596519370720e-01 4.077355586009735917e-03 4.077355586009734183e-03 2.883587289598268499e-03
7.136967501782584122e+02 -2.886947690523110850e+03 -7.643690729895973845e+01 0.000000000000000000e+00 0.000000000000000000e+00 -3.118527309237606460e-02 4.077355586009735917e-03 4.077355586009734183e-03 2.883661626175120472e-03
5.341930914795252647e+02 -3.127522726161159881e+03 -8.373429065464148380e+01 0.000000000000000000e+00 0.000000000000000000e+00 -7.749219617051039677e-02 4.077355586009735917e-03 4.077355586009734183e-03 2.883723943068405415e-03
-1.405224747934319112e+02 -3.121587475569785056e+03 -8.145392344130674189e+01 0.000000000000000000e+00 0.000000000000000000e+00 -2.408306713006425070e-02 4.077369390552911151e-03 4.077369390552910283e-03 2.883710310235754887e-03
1.707449776910036405e+02 -3.152107603289225608e+03 -8.271874333235007271e+01 0.000000000000000000e+00 0.000000000000000000e+00 -9.978894451194264548e-03 4.077369390552911151e-03 4.077369390552910283e-03 2.883721751464500983e-03
4.465975956739035269e+01 -2.873759160632898329e+03 -7.201109829651511518e+01 0.000000000000000000e+00 0.000000000000000000e+00 2.767967259319448203e-02 4.077369390552911151e-03 4.077369390552910283e-03 2.883624931138415066e-03
-1.364147928566093526e+02 -2.704569512537267656e+03 -6.618468203117387816e+01 0.000000000000000000e+00 0.000000000000000000e+00 4.452681873272013036e-02 4.077369390552911151e-03 4.077369390552910283e-03 2.883572185572196109e-03
2.368778215833196725e+02 -2.718720765314421442e+03 -6.696423947177589753e+01 0.000000000000000000e+00 0.000000000000000000e+00 2.683402565622827751e-03 4.077369390552911151e-03 4.077369390552910283e-03 2.883579806665371916e-03
1.633009793858455225e+02 -2.413853012031203434e+03 -5.679273370685744737e+01 0.000000000000000000e+00 0.000000000000000000e+00 -2.208503668257577601e-02 4.077369390552911151e-03 4.077369390552910283e-03 2.883486337934823129e-03
-1.218281982434938868e+02 -2.382531267064419353e+03 -5.574045407188965129e+01 0.000000000000000000e+00 0.000000000000000000e+00 -5.690689142340232820e-02 4.077369390552911151e-03 4.077369390552910283e-03 2.883476481198821943e-03
3.688168662296133249e+01 -2.204589688695592486e+03 -5.041216844687193799e+01 0.000000000000000000e+00 0.000000000000000000e+00 4.219583373242130619e-03 4.077369390552911151e-03 4.077369390552910283e-03 2.883427152876555204e-03
-1.399801340250884891e+02 -2.023549026983189378e+03 -4.564393220926207562e+01 0.000000000000000000e+00 0.000000000000000000e+00 -6.849876981467417636e-02 4.077369390552911151e-03 4.077369390552910283e-03 2.883383350811118649e-03
-1.481535993244475264e+02 -1.651177738785441534e+03 -3.684612577721527771e+01 0.000000000000000000e+00 0.000000000000000000e+00 3.172140194370598465e-02 4.077369390552911151e-03 4.077369390552910283e-03 2.883301711696060164e-03
1.925102273774307378e+02 -1.649400511392940189e+03 -3.692936823092455256e+01 0.000000000000000000e+00 0.000000000000000000e+00 -3.644502642690383709e-02 4.077369390552911151e-03 4.077369390552910283e-03 2.883302757153512110e-03
2.590222862190227104e+01 -1.448155411422999123e+03 -3.260987943233818953e+01 0.000000000000000000e+00 0.000000000000000000e+00 -4.122322742301065546e-02 4.077369390552911151e-03 4.077369390552910283e-03 2.883261880301163805e-03
-1.205688949486231962e+02 -1.250370996982798260e+03 -2.926952099603666113e+01 0.000000000000000000e+00 0.000000000000000000e+00 1.882896490878493978e-02 4.077369390552911151e-03 4.077369390552910283e-03 2.883231000938737791e-03
1.657350197897149826e+02 -1.234100696907470365e+03 -2.911202076812377726e+01 0.000000000000000000e+00 0.000000000000000000e+00 -9.192846102852314516e-03 4.077369390552911151e-03 4.077369390552910283e-03 2.883229773792354150e-03
-1.348530116511184076e+02 -9.290595586348988490e+02 -2.476875729280413907e+01 0.000000000000000000e+00 0.000000000000000000e+00 -2.147798562652880605e-02 4.077369390552911151e-03 4.077369390552910283e-03 2.883189106665281186e-03
1.620089508219903962e+02 -8.885365055141095354e+02 -2.435732209283221650e+01 0.000000000000000000e+00 0.000000000000000000e+00 -9.014594189041957861e-02 4.077369390552911151e-03 4.077369390552910283e-03 2.883185424195812072e-03
4.218283499596872588e+01 -6.813169610027364342e+02 -2.205760148375305008e+01 0.000000000000000000e+00 0.000000000000000000e+00 -4.058032952896795109e-02 4.077369390552911151e-03 4.077369390552910283e-03 2.883163533784872425e-03
1.967495452179416873e+02 -4.584100649550284743e+02 -2.071462391646777945e+01 0.000000000000000000e+00 0.000000000000000000e+00 -3.719642330591810264e-02 4.077369390552911151e-03 4.077369390552910283e-03 2.883151733722380192e-03
-1.056533891894298733e+02 -1.561147454652553108e+02 -1.929624091272321706e+01 0.000000000000000000e+00 0.000000000000000000e+00 -5.906852553836827724e-02 4.077369390552911151e-03 4.077369390552910283e-03 2.883138035460074480e-03
2.015632059568022498e+02 -1.297728393194900320e+02 -1.948436761766679837e+01 0.000000000000000000e+00 0.000000000000000000e+00 -4.429963775318768171e-02 4.077369390552911151e-03 4.077369390552910283e-03 2.883140328058870615e-03
4.721785351186260016e+01 9.003682213950359881e+01 -1.911984438373381323e+01 0.000000000000000000e+00 0.000000000000000000e+00 -1.237548893102768943e-02 4.077369390552911151e-03 4.077369390552910283e-03 2.883136231941455744e-03
-1.279602531343542893e+02 2.658388555419575141e+02 -1.963332394949623705e+01 0.000000000000000000e+00 0.000000000000000000e+00 -8.063750360285837360e-03 4.077369390552911151e-03 4.077369390552910283e-03 2.883141222714279833e-03
1.817218377624752463e+02 2.856106826388181616e+02 -1.983612823798521063e+01 0.000000000000000000e+00 0.000000000000000000e+00 -3.829743163705501274e-02 4.077369390552911151e-03 4.077369390552910283e-03 2.883143391363381276e-03
2.067724587704976500e+02 5.400417670769372762e+02 -2.125219669445064596e+01 0.000000000000000000e+00 0.000000000000000000e+00 2.441527013198552254e-02 4.077369390552911151e-03 4.077369390552910283e-03 2.883156548215388450e-03
-1.421270129183467645e+02 5.952840175353096583e+02 -2.147113155890528802e+01 0.000000000000000000e+00 0.000000000000000000e+00 2.906695543657278336e-02 4.077369390552911151e-03 4.077369390552910283e-03 2.883158152898892580e-03
-1.059006347507725643e+01 7.921060517333035023e+02 -2.304357984304412099e+01 0.000000000000000000e+00 0.000000000000000000e+00 2.091552781195815669e-02 4.077369390552911151e-03 4.077369390552910283e-03 2.883172177669156115e-03
-1.408126686754597188e+02 9.930276831569176466e+02 -2.546662641960845619e+01 0.000000000000000000e+00 0.000000000000000000e+00 1.360170531818383211e-02 4.077369390552911151e-03 4.077369390552910283e-03 2.883194574447948359e-03
1.802872968055316107e+02 9.719431113863970495e+02 -2.530570634362430127e+01 0.000000000000000000e+00 0.000000000000000000e+00 -4.652161051107839285e-02 4.077369390552911151e-03 4.077369390552910283e-03 2.883193323781017229e-03
1.967144828678314354e+02 6.188284121888849540e+02 -2.180006243299677138e+01 0.000000000000000000e+00 0.000000000000000000e+00 -2.586174200559554492e-02 4.077369390552911151e-03 4.077369390552910283e-03 2.883161487122353709e-03
1.708486063718048342e+02 1.308509802735068206e+03 -3.010360744107770259e+01 0.000000000000000000e+00 0.000000000000000000e+00 -1.162164810877541754e-02 4.077369390552911151e-03 4.077369390552910283e-03 2.883236701214472297e-03
1.647493649983188106e+02 1.715216668381228374e+03 -3.775297149948768549e+01 0.000000000000000000e+00 0.000000000000000000e+00 1.473230046795492854e-02 4.077369390552911151e-03 4.077369390552910283e-03 2.883305345895835915e-03
-1.525070660209086952e+02 1.730490081864086733e+03 -3.804910953682136210e+01 0.000000000000000000e+00 0.000000000000000000e+00 -2.026592952951489224e-03 4.077369390552911151e-03 4.077369390552910283e-03 2.883307936041051844e-03
-2.002391352723872444e+02 2.037622264589148244e+03 -4.533017665804004537e+01 0.000000000000000000e+00 0.000000000000000000e+00 1.220045148485837672e-03 4.077369390552911151e-03 4.077369390552910283e-03 2.883372953318588498e-03
1.674903212050385832e+02 2.046131145313700017e+03 -4.545057684438051382e+01 0.000000000000000000e+00 0.000000000000000000e+00 -6.198560140425968257e-03 4.077369390552911151e-03 4.077369390552910283e-03 2.883373859893574587e-03
-1.559406555776879770e+02 2.489424009043272690e+03 -5.772066844220783821e+01 0.000000000000000000e+00 0.000000000000000000e+00 4.111401022841931763e-02 4.077369390552911151e-03 4.077369390552910283e-03 2.883481907502448427e-03
2.106214911908803913e+02 2.473140560236421152e+03 -5.738302879180808702e+01 0.000000000000000000e+00 0.000000000000000000e+00 -4.283218905975161306e-03 4.077369390552911151e-03 4.077369390552910283e-03 2.883479183636206492e-03
-5.490918865047640338e+02 2.480978011152993076e+03 -5.959266275145282066e+01 0.000000000000000000e+00 0.000000000000000000e+00 3.228154249095638306e-02 4.077369390552911151e-03 4.077369390552910283e-03 2.883501522063959890e-03
-6.742499718135280773e+02 2.281771250416273688e+03 -5.499525940787796685e+01 0.000000000000000000e+00 0.000000000000000000e+00 5.419563364026913632e-02 4.077369390552911151e-03 4.077369390552910283e-03 2.883463366807146027e-03
-8.528263149965540606e+02 2.461814930709195323e+03 -6.228145713761223590e+01 0.000000000000000000e+00 0.000000000000000000e+00 4.512542575231037745e-02 4.077369390552911151e-03 4.077369390552910283e-03 2.883530051005651993e-03
-8.705733614941267433e+02 2.113037429233455896e+03 -5.280596575806027460e+01 0.000000000000000000e+00 0.000000000000000000e+00 -3.585573492621563219e-03 4.077369390552911151e-03 4.077369390552910283e-03 2.883448392136379618e-03
-8.913661258567112782e+02 1.781843460192812699e+03 -4.517487098821915481e+01 0.000000000000000000e+00 0.000000000000000000e+00 5.157730712932817596e-02 4.077369390552911151e-03 4.077369390552910283e-03 2.883382396961200328e-03
-5.585548009130055789e+02 1.784328407687835124e+03 -4.147355567866509318e+01 0.000000000000000000e+00 0.000000000000000000e+00 7.498331465626506542e-03 4.077369390552911151e-03 4.077369390552910283e-03 2.883342589075485549e-03
-8.543581614117161962e+02 1.346850756272944864e+03 -3.624701770711624249e+01 0.000000000000000000e+00 0.000000000000000000e+00 2.160866887574997008e-02 4.077369390552911151e-03 4.077369390552910283e-03 2.883302940603640462e-03
-5.465081231250534302e+02 1.334601282872693446e+03 -3.265562265237627315e+01 0.000000000000000000e+00 0.000000000000000000e+00 -2.688973370847946853e-02 4.077369390552911151e-03 4.077369390552910283e-03 2.883263922206136167e-03
-5.103005588640437509e+02 1.031570944166419395e+03 -2.786161056129524383e+01 0.000000000000000000e+00 0.000000000000000000e+00 1.119807674407269360e-01 4.077369390552911151e-03 4.077369390552910283e-03 2.883220280193412449e-03
-7.279255782062980416e+02 8.458202099961240492e+02 -2.780072997553692815e+01 0.000000000000000000e+00 0.000000000000000000e+00 -3.708927998105338020e-02 4.077369390552911151e-03 4.077369390552910283e-03 2.883224476939124682e-03
-5.155806823305160833e+02 6.118542881930694648e+02 -2.355346324009484960e+01 0.000000000000000000e+00 0.000000000000000000e+00 -1.156162347714939642e-02 4.077369390552911151e-03 4.077369390552910283e-03 2.883181504520655140e-03
-8.383914212073678982e+02 5.836107582148554229e+02 -2.681395376006567233e+01 0.000000000000000000e+00 0.000000000000000000e+00 -1.921847399441389825e-02 4.077369390552911151e-03 4.077369390552910283e-03 2.883218975432847667e-03
-8.683745840292467619e+02 2.770338598462515165e+02 -2.556087705309528246e+01 0.000000000000000000e+00 0.000000000000000000e+00 -7.044708210237615731e-03 4.077369390552911151e-03 4.077369390552910283e-03 2.883209047101402932e-03
-7.038445641148779259e+02 1.047745648014962825e+02 -2.308479721757166203e+01 0.000000000000000000e+00 0.000000000000000000e+00 -8.408787889118940484e-02 4.077369390552911151e-03 4.077369390552910283e-03 2.883181855660292472e-03
-8.387433399071483109e+02 -1.623643130490357294e+02 -2.485812920002385340e+01 0.000000000000000000e+00 0.000000000000000000e+00 -4.637968029728511965e-02 4.077369390552911151e-03 4.077369390552910283e-03 2.883202390508117670e-03
-8.740582277782351639e+02 -4.733579069778897974e+02 -2.662582520844286549e+01 0.000000000000000000e+00 0.000000000000000000e+00 -2.398485133632277666e-04 4.077369390552911151e-03 4.077369390552910283e-03 2.883220231588076114e-03
-6.988830600762856875e+02 -6.524002601128436254e+02 -2.572026709965689406e+01 0.000000000000000000e+00 0.000000000000000000e+00 -3.101297979332784394e-02 4.077369390552911151e-03 4.077369390552910283e-03 2.883206787216572881e-03
-5.489815564618363624e+02 -9.115140635032781802e+02 -2.683771007458752678e+01 0.000000000000000000e+00 0.000000000000000000e+00 -4.259404141252076670e-02 4.077369390552911151e-03 4.077369390552910283e-03 2.883213720394439336e-03
-8.353132182970796293e+02 -9.512963770766060634e+02 -3.049805713973264787e+01 0.000000000000000000e+00 0.000000000000000000e+00 -7.065605078261683047e-02 4.077369390552911151e-03 4.077369390552910283e-03 2.883255181844397979e-03
-5.663576278082827002e+02 -1.257990780405672695e+03 -3.185331049128032532e+01 0.000000000000000000e+00 0.000000000000000000e+00 -3.531917870163781004e-02 4.077369390552911151e-03 4.077369390552910283e-03 2.883260755090414577e-03
-6.861589836440916770e+02 -1.395041053705459035e+03 -3.540541560901254314e+01 0.000000000000000000e+00 0.000000000000000000e+00 -6.573560349739437925e-02 4.077369390552911151e-03 4.077369390552910283e-03 2.883296507022804420e-03
-5.400132526249427656e+02 -1.647393997602234549e+03 -3.892512169644957964e+01 0.000000000000000000e+00 0.000000000000000000e+00 -1.025512991891375236e-01 4.077369390552911151e-03 4.077369390552910283e-03 2.883325859399415297e-03
-8.434572096133179002e+02 -1.990333884831909018e+03 -5.029219397515692691e+01 0.000000000000000000e+00 0.000000000000000000e+00 -2.393919678102207627e-02 4.077369390552911151e-03 4.077369390552910283e-03 2.883437949627532838e-03
-6.792073192958971504e+02 -2.145715477749953152e+03 -5.242318182853510677e+01 0.000000000000000000e+00 0.000000000000000000e+00 -1.193496641111480017e-01 4.077369390552911151e-03 4.077369390552910283e-03 2.883453214572885732e-03
-5.345188877075435130e+02 -2.400121463952791146e+03 -5.841800448141344759e+01 0.000000000000000000e+00 0.000000000000000000e+00 -1.710618528363099244e-01 4.077369390552911151e-03 4.077369390552910283e-03 2.883505236528660556e-03
-8.435436608865563812e+02 -2.418256842805053111e+03 -6.232945693041715174e+01 0.000000000000000000e+00 0.000000000000000000e+00 -2.820847982018577227e-01 4.077369390552911151e-03 4.077369390552910283e-03 2.883547457792982535e-03
-5.287848330570441249e+02 -2.752154960658936488e+03 -6.986868409468252139e+01 0.000000000000000000e+00 0.000000000000000000e+00 -1.010345801023788681e-01 4.077369390552911151e-03 4.077369390552910283e-03 2.883609243494344998e-03
-6.533616754405612710e+02 -2.907301577732564510e+03 -7.653539650771932656e+01 0.000000000000000000e+00 0.000000000000000000e+00 -8.557440857427422998e-02 4.077369390552911151e-03 4.077369390552910283e-03 2.883671190784602070e-03
-5.133308071415440281e+02 -3.153529357580021497e+03 -8.458074395140712909e+01 0.000000000000000000e+00 0.000000000000000000e+00 -1.614521703766342853e-01 4.077369390552911151e-03 4.077369390552910283e-03 2.883740987642909384e-03
-8.563263447114594555e+02 -3.142171375444936530e+03 -8.774814199625410538e+01 0.000000000000000000e+00 0.000000000000000000e+00 -1.172977940527459850e-01 4.077369390552911151e-03 4.077369390552910283e-03 2.883774362298854952e-03
-2.182695237059473584e+03 -3.148187192560517360e+03 -1.183552431709292421e+02 0.000000000000000000e+00 0.000000000000000000e+00 -6.545187935620333519e-02 4.077395731488064716e-03 4.077395731488062114e-03 2.884098389623854317e-03
-2.182596325024989255e+03 -2.784898231899041548e+03 -1.053778619604306641e+02 0.000000000000000000e+00 0.000000000000000000e+00 -3.939322703649850155e-02 4.077395731488064716e-03 4.077395731488062114e-03 2.883997822453136534e-03
-1.836581851588015070e+03 -2.760507137179029542e+03 -9.402540425259373080e+01 0.000000000000000000e+00 0.000000000000000000e+00 -4.885575470693481748e-02 4.077395731488064716e-03 4.077395731488062114e-03 2.883883150931965556e-03
-1.821526532598578569e+03 -3.170632163513874730e+03 -1.084404522103840236e+02 0.000000000000000000e+00 0.000000000000000000e+00 1.209291942501806716e-01 4.077395731488064716e-03 4.077395731488062114e-03 2.883999847570019748e-03
-1.525592080234190007e+03 -3.140164044867934535e+03 -9.981673878969849056e+01 0.000000000000000000e+00 0.000000000000000000e+00 8.398773019797545203e-02 4.077395731488064716e-03 4.077395731488062114e-03 2.883915988394401830e-03
-1.514185028628991176e+03 -2.786693524354540386e+03 -8.666137950530345790e+01 0.000000000000000000e+00 0.000000000000000000e+00 6.321115727565995712e-02 4.077395731488064716e-03 4.077395731488062114e-03 2.883804505999560189e-03
-1.322197011306946024e+03 -2.895381412182787244e+03 -8.630922837995552754e+01 0.000000000000000000e+00 0.000000000000000000e+00 6.051098184809688973e-02 4.077395731488064716e-03 4.077395731488062114e-03 2.883793565044405743e-03
-1.175104329056729739e+03 -2.734737499700454919e+03 -7.783922385770411267e+01 0.000000000000000000e+00 0.000000000000000000e+00 1.199822448947571729e-01 4.077395731488064716e-03 4.077395731488062114e-03 2.883714570860465998e-03
-1.140673212927876875e+03 -2.460522758904057355e+03 -6.825947686176273521e+01 0.000000000000000000e+00 0.000000000000000000e+00 5.013981007674317425e-02 4.077395731488064716e-03 4.077395731488062114e-03 2.883628619758031413e-03
-1.505116969220415513e+03 -2.459749311143851173e+03 -7.574809511431992348e+01 0.000000000000000000e+00 0.000000000000000000e+00 8.272339376959791934e-02 4.077395731488064716e-03 4.077395731488062114e-03 2.883710094184461278e-03
-1.330095024165784025e+03 -2.214750782754320426e+03 -6.465314470222173782e+01 0.000000000000000000e+00 0.000000000000000000e+00 8.949326796002310402e-02 4.077395731488064716e-03 4.077395731488062114e-03 2.883604262551216560e-03
-1.517668202630149153e+03 -2.054236037537454649e+03 -6.449626119020228998e+01 0.000000000000000000e+00 0.000000000000000000e+00 7.211884500441101409e-02 4.077395731488064716e-03 4.077395731488062114e-03 2.883612190383880343e-03
-1.790869446828004811e+03 -2.051331353619659239e+03 -7.148093039340932364e+01 0.000000000000000000e+00 0.000000000000000000e+00 8.953171015699012969e-02 4.077395731488064716e-03 4.077395731488062114e-03 2.883689555830560441e-03
-1.813800312543847895e+03 -2.406417200160256016e+03 -8.205011449019346514e+01 0.000000000000000000e+00 0.000000000000000000e+00 8.451375302780661514e-02 4.077395731488064716e-03 4.077395731488062114e-03 2.883781512975699870e-03
-1.969934931357176083e+03 -2.196415186821521274e+03 -8.057100394253785680e+01 0.000000000000000000e+00 0.000000000000000000e+00 -3.202819943604140462e-02 4.077395731488064716e-03 4.077395731488062114e-03 2.883779581718223448e-03
-2.154745198322354099e+03 -2.417268839825708255e+03 -9.275040663662606732e+01 0.000000000000000000e+00 0.000000000000000000e+00 -1.151603528857947367e-02 4.077395731488064716e-03 4.077395731488062114e-03 2.883894551297440552e-03
-2.165072307544026444e+03 -2.062139123573610505e+03 -8.321794482775567303e+01 0.000000000000000000e+00 0.000000000000000000e+00 -1.110104734209471644e-02 4.077395731488064716e-03 4.077395731488062114e-03 2.883816928835760459e-03
-2.447174683868909597e+03 -2.412837683703274251e+03 -1.028253473011970982e+02 0.000000000000000000e+00 0.000000000000000000e+00 7.268781931287549014e-02 4.077395731488064716e-03 4.077395731488062114e-03 2.884000237506620552e-03
-2.854920443928640907e+03 -2.400905457420898983e+03 -1.186426671128774899e+02 0.000000000000000000e+00 0.000000000000000000e+00 -1.504381030201784597e-02 4.077395731488064716e-03 4.077395731488062114e-03 2.884163100721804079e-03
-2.698172662587611740e+03 -2.165126908540213208e+03 -1.056313765385987438e+02 0.000000000000000000e+00 0.000000000000000000e+00 1.057770338604768767e-01 4.077395731488064716e-03 4.077395731488062114e-03 2.884048009392171236e-03
-2.509220761567416957e+03 -2.023601173498723711e+03 -9.454926244262655644e+01 0.000000000000000000e+00 0.000000000000000000e+00 3.592394817236765903e-02 4.077395731488064716e-03 4.077395731488062114e-03 2.883941119882783063e-03
-2.481328858045210836e+03 -1.710634064789065860e+03 -8.623045844628246925e+01 0.000000000000000000e+00 0.000000000000000000e+00 -2.231019631864228359e-04 4.077395731488064716e-03 4.077395731488062114e-03 2.883870943046493076e-03
-2.806881754095241831e+03 -1.678381311190795486e+03 -9.867026477050438871e+01 0.000000000000000000e+00 0.000000000000000000e+00 -1.164716752708727654e-02 4.077395731488064716e-03 4.077395731488062114e-03 2.884006920549371262e-03
-2.683021256961937070e+03 -1.461459227936944671e+03 -8.927008342600863955e+01 0.000000000000000000e+00 0.000000000000000000e+00 -2.369365094004649563e-02 4.077395731488064716e-03 4.077395731488062114e-03 2.883917209946859541e-03
-2.826496373177064470e+03 -1.291185010907905735e+03 -9.237375242233753170e+01 0.000000000000000000e+00 0.000000000000000000e+00 3.166330027033836814e-02 4.077395731488064716e-03 4.077395731488062114e-03 2.883958855669056277e-03
-2.520624629862730217e+03 -1.278853601417948084e+03 -7.964743222798047384e+01 0.000000000000000000e+00 0.000000000000000000e+00 -2.568042703337880539e-02 4.077395731488064716e-03 4.077395731488062114e-03 2.883820004520030664e-03
-2.498345586178810208e+03 -9.608824365301576336e+02 -7.427426488673876293e+01 0.000000000000000000e+00 0.000000000000000000e+00 -5.056065591560354733e-03 4.077395731488064716e-03 4.077395731488062114e-03 2.883771512802819990e-03
-2.824424761700397994e+03 -9.364049402753067852e+02 -8.732248193855515694e+01 0.000000000000000000e+00 0.000000000000000000e+00 -2.408168025725387906e-02 4.077395731488064716e-03 4.077395731488062114e-03 2.883916431274371073e-03
-2.683016529360833829e+03 -7.122403606968777012e+02 -7.899806034518104525e+01 0.000000000000000000e+00 0.000000000000000000e+00 -5.118699216194499968e-02 4.077395731488064716e-03 4.077395731488062114e-03 2.883829833551113195e-03
-2.496623696293883768e+03 -5.424973277841271511e+02 -7.017036608312520229e+01 0.000000000000000000e+00 0.000000000000000000e+00 -9.181143439533911987e-02 4.077395731488064716e-03 4.077395731488062114e-03 2.883734101195253342e-03
-2.833322479845038742e+03 -5.168933316173771573e+02 -8.381271500705216226e+01 0.000000000000000000e+00 0.000000000000000000e+00 -3.530278155011501440e-02 4.077395731488064716e-03 4.077395731488062114e-03 2.883885896197609707e-03
-2.845172111605638293e+03 -2.297697768724878529e+02 -8.290228145543599680e+01 0.000000000000000000e+00 0.000000000000000000e+00 -2.544504635523026082e-03 4.077395731488064716e-03 4.077395731488062114e-03 2.883877019382362437e-03
-2.533856515477521043e+03 -2.001055179124232950e+02 -6.992964460531490545e+01 0.000000000000000000e+00 0.000000000000000000e+00 3.321221528750584184e-02 4.077395731488064716e-03 4.077395731488062114e-03 2.883733003986270818e-03
-2.652734633871220467e+03 5.229689439873116896e+01 -7.436707152372784435e+01 0.000000000000000000e+00 0.000000000000000000e+00 -2.689078051457727270e-02 4.077395731488064716e-03 4.077395731488062114e-03 2.883780471960049885e-03
-2.498339125907274138e+03 1.921485629940524404e+02 -6.839529741049659606e+01 0.000000000000000000e+00 0.000000000000000000e+00 9.210220295813087432e-03 4.077395731488064716e-03 4.077395731488062114e-03 2.883712076750396917e-03
-2.843530705417123045e+03 2.373804965655296826e+02 -8.266616743172465931e+01 0.000000000000000000e+00 0.000000000000000000e+00 -6.094056271993508744e-02 4.077395731488064716e-03 4.077395731488062114e-03 2.883868942787660376e-03
-2.830654939129056856e+03 5.527525174130353207e+02 -8.350105884029906633e+01 0.000000000000000000e+00 0.000000000000000000e+00 -3.071935143054815853e-03 4.077395731488064716e-03 4.077395731488062114e-03 2.883869538597667176e-03
-2.538115164506447400e+03 5.712399486484787303e+02 -7.159219540267547188e+01 0.000000000000000000e+00 0.000000000000000000e+00 -2.075331936150348611e-02 4.077395731488064716e-03 4.077395731488062114e-03 2.883738317431354479e-03
-2.661091364956456346e+03 8.107503405195749338e+02 -7.843536738799141972e+01 0.000000000000000000e+00 0.000000000000000000e+00 -5.175073758834969340e-02 4.077395731488064716e-03 4.077395731488062114e-03 2.883804793311237676e-03
-2.528165057904593141e+03 9.692388693950857714e+02 -7.482227146902539516e+01 0.000000000000000000e+00 0.000000000000000000e+00 2.634594375876986305e-03 4.077395731488064716e-03 4.077395731488062114e-03 2.883758804390857897e-03
-2.829620485178754734e+03 9.852006490703892041e+02 -8.731923511795334036e+01 0.000000000000000000e+00 0.000000000000000000e+00 -1.255647782919311339e-02 4.077395731488064716e-03 4.077395731488062114e-03 2.883893495485630610e-03
-2.840424304667923479e+03 1.293023022221331075e+03 -9.189141926607754840e+01 0.000000000000000000e+00 0.000000000000000000e+00 3.308593776239376893e-03 4.077395731488064716e-03 4.077395731488062114e-03 2.883926426525686496e-03
-2.546549470354272216e+03 1.318006254633738081e+03 -8.026962885807735404e+01 0.000000000000000000e+00 0.000000000000000000e+00 -3.011556378993418548e-04 4.077395731488064716e-03 4.077395731488062114e-03 2.883800719372287165e-03
-2.662522741371305528e+03 1.561122323405506222e+03 -8.899626211978271328e+01 0.000000000000000000e+00 0.000000000000000000e+00 -2.227320926451170635e-03 4.077395731488064716e-03 4.077395731488062114e-03 2.883879804364239061e-03
-2.840695689415725610e+03 1.728439041525185985e+03 -9.961281231137179759e+01 0.000000000000000000e+00 0.000000000000000000e+00 8.015418185952682961e-02 4.077395731488064716e-03 4.077395731488062114e-03 2.883980737762622659e-03
-2.550922575929989762e+03 1.715371495634241228e+03 -8.758406375327697901e+01 0.000000000000000000e+00 0.000000000000000000e+00 2.292689814248660696e-02 4.077395731488064716e-03 4.077395731488062114e-03 2.883855345265962360e-03
-2.848530740238008548e+03 2.041385401647975186e+03 -1.068379511692450166e+02 0.000000000000000000e+00 0.000000000000000000e+00 -8.457400982862850469e-03 4.077395731488064716e-03 4.077395731488062114e-03 2.884033454547607275e-03
-2.548881935944262750e+03 2.056679194368854951e+03 -9.510695641841525116e+01 0.000000000000000000e+00 0.000000000000000000e+00 -2.814664728094840029e-02 4.077395731488064716e-03 4.077395731488062114e-03 2.883911390471260213e-03
-2.660659996073698949e+03 2.302996265422181750e+03 -1.057622543774195663e+02 0.000000000000000000e+00 0.000000000000000000e+00 -2.362025056928018785e-02 4.077395731488064716e-03 4.077395731488062114e-03 2.884003025200981927e-03
-2.847731719361676369e+03 2.466499450438285749e+03 -1.179376825369337212e+02 0.000000000000000000e+00 0.000000000000000000e+00 -3.326890498900070270e-02 4.077395731488064716e-03 4.077395731488062114e-03 2.884113325209342309e-03
-2.541382236034126890e+03 2.492017589349449736e+03 -1.064402850465114767e+02 0.000000000000000000e+00 0.000000000000000000e+00 5.450122130672241383e-02 4.077395731488064716e-03 4.077395731488062114e-03 2.883995886854045804e-03
-1.184608779800331831e+03 -1.670194498276763397e+03 -4.827124879760192044e+01 0.000000000000000000e+00 0.000000000000000000e+00 4.153275851440696442e-02 4.077395731488064716e-03 4.077395731488062114e-03 2.883450433713170922e-03
-1.492492141935378186e+03 -1.697561986659120066e+03 -5.538390988272251292e+01 0.000000000000000000e+00 0.000000000000000000e+00 1.780184597591372153e-01 4.077395731488064716e-03 4.077395731488062114e-03 2.883529755389975524e-03
-1.379945569639627593e+03 -1.436127400617686590e+03 -4.758048583241426854e+01 0.000000000000000000e+00 0.000000000000000000e+00 7.806366834354605544e-02 4.077395731488064716e-03 4.077395731488062114e-03 2.883453365555911727e-03
-1.194496722764029073e+03 -1.257550521564460951e+03 -4.069139682876597419e+01 0.000000000000000000e+00 0.000000000000000000e+00 -1.110450472912560826e-02 4.077395731488064716e-03 4.077395731488062114e-03 2.883381576535764407e-03
-1.808093631425427702e+03 -1.649119464835748204e+03 -6.254159397382794339e+01 0.000000000000000000e+00 0.000000000000000000e+00 3.284259338786199578e-02 4.077395731488064716e-03 4.077395731488062114e-03 2.883612730707411486e-03
-2.183835053967448857e+03 -1.661417600736939903e+03 -7.449025321587595272e+01 0.000000000000000000e+00 0.000000000000000000e+00 1.055802562979124559e-02 4.077395731488064716e-03 4.077395731488062114e-03 2.883745018077509600e-03
-2.051211467631817413e+03 -1.443457776148461107e+03 -6.583925635610398786e+01 0.000000000000000000e+00 0.000000000000000000e+00 4.206214426659471428e-03 4.077395731488064716e-03 4.077395731488062114e-03 2.883659482589743563e-03
-2.157829471976938748e+03 -1.259027135994598666e+03 -6.617274961780961462e+01 0.000000000000000000e+00 0.000000000000000000e+00 5.816825190200347606e-02 4.077395731488064716e-03 4.077395731488062114e-03 2.883670957935526979e-03
-2.185487982675716466e+03 -9.655180454661813201e+02 -6.294515991050599268e+01 0.000000000000000000e+00 0.000000000000000000e+00 7.635565915791175939e-02 4.077395731488064716e-03 4.077395731488062114e-03 2.883644562387690981e-03
-1.868838334019404556e+03 -9.326105884803787376e+02 -5.247743005765748592e+01 0.000000000000000000e+00 0.000000000000000000e+00 3.825857331575122089e-02 4.077395731488064716e-03 4.077395731488062114e-03 2.883526994689823535e-03
-2.008698393793923515e+03 -7.092151780040718450e+02 -5.437904143498396081e+01 0.000000000000000000e+00 0.000000000000000000e+00 1.542857565305411072e-02 4.077395731488064716e-03 4.077395731488062114e-03 2.883553710215914362e-03
-1.870102299691111284e+03 -5.082578596263525696e+02 -4.856310152711186845e+01 0.000000000000000000e+00 0.000000000000000000e+00 -4.010283227690081276e-02 4.077395731488064716e-03 4.077395731488062114e-03 2.883490618394803084e-03
-2.160897557611968750e+03 -5.062970858126703888e+02 -5.775231032072004211e+01 0.000000000000000000e+00 0.000000000000000000e+00 7.935069967307128991e-02 4.077395731488064716e-03 4.077395731488062114e-03 2.883594918296939098e-03
-1.557899653652832512e+03 -9.345375122248632351e+02 -4.408094302391878472e+01 0.000000000000000000e+00 0.000000000000000000e+00 2.295372493075120701e-02 4.077395731488064716e-03 4.077395731488062114e-03 2.883431036277977685e-03
-1.353515052396532383e+03 -7.117582818838017147e+02 -3.698447985950382133e+01 0.000000000000000000e+00 0.000000000000000000e+00 2.582332642845130977e-03 4.077395731488064716e-03 4.077395731488062114e-03 2.883354687644839806e-03
-1.528261076056127195e+03 -5.439888544008363169e+02 -3.962195865832588026e+01 0.000000000000000000e+00 0.000000000000000000e+00 8.508157233706015177e-03 4.077395731488064716e-03 4.077395731488062114e-03 2.883387886989634361e-03
-1.198176751215817376e+03 -5.042713915519104830e+02 -3.219074421096170369e+01 0.000000000000000000e+00 0.000000000000000000e+00 7.569501622176488809e-02 4.077395731488064716e-03 4.077395731488062114e-03 2.883302846742638158e-03
-1.813137368070716320e+03 -2.001403526935641821e+02 -4.546848827119322323e+01 0.000000000000000000e+00 0.000000000000000000e+00 6.529817069082355374e-02 4.077395731488064716e-03 4.077395731488062114e-03 2.883457307023763478e-03
-2.170907274073050758e+03 -1.657663195430561700e+02 -5.656694385809745995e+01 0.000000000000000000e+00 0.000000000000000000e+00 -7.920789417902085461e-03 4.077395731488064716e-03 4.077395731488062114e-03 2.883583030637393123e-03
-2.206323969527720692e+03 2.019000085179708037e+02 -5.775770004143691949e+01 0.000000000000000000e+00 0.000000000000000000e+00 3.568000871187848588e-02 4.077395731488064716e-03 4.077395731488062114e-03 2.883593193655670326e-03
-1.852325120514425180e+03 2.315556574175745084e+02 -4.659456100536028345e+01 0.000000000000000000e+00 0.000000000000000000e+00 2.897691368127652822e-02 4.077395731488064716e-03 4.077395731488062114e-03 2.883467216519901202e-03
-1.566553703799821051e+03 2.351765890122755138e+02 -3.891202270874516955e+01 0.000000000000000000e+00 0.000000000000000000e+00 4.367049775719777926e-02 4.077395731488064716e-03 4.077395731488062114e-03 2.883380226449025821e-03
-1.562598612855250394e+03 -1.496825940021199131e+02 -3.866630153462584474e+01 0.000000000000000000e+00 0.000000000000000000e+00 2.749293127809693260e-02 4.077395731488064716e-03 4.077395731488062114e-03 2.883379742107102049e-03
-1.362818858276939181e+03 4.671026033729133076e+01 -3.387823786762912448e+01 0.000000000000000000e+00 0.000000000000000000e+00 2.356909689950725806e-02 4.077395731488064716e-03 4.077395731488062114e-03 2.883324526813855603e-03
-1.206401476147917492e+03 2.575415617243594397e+02 -3.107305403909546726e+01 0.000000000000000000e+00 0.000000000000000000e+00 5.503993880765634117e-02 4.077395731488064716e-03 4.077395731488062114e-03 2.883290812545597371e-03
-1.838374851633250273e+03 5.347136947107293281e+02 -4.758255592773204512e+01 0.000000000000000000e+00 0.000000000000000000e+00 6.773670754498084534e-02 4.077395731488064716e-03 4.077395731488062114e-03 2.883472621093490645e-03
-2.174164048293231190e+03 5.741789774088316562e+02 -5.835370338997459072e+01 0.000000000000000000e+00 0.000000000000000000e+00 4.548543062538357162e-02 4.077395731488064716e-03 4.077395731488062114e-03 2.883591778362040205e-03
-2.044866151531970445e+03 7.852985288079897828e+02 -5.583961696257611607e+01 0.000000000000000000e+00 0.000000000000000000e+00 1.658753367704690618e-02 4.077395731488064716e-03 4.077395731488062114e-03 2.883557497028897340e-03
-1.843860645142382737e+03 9.596599492355232996e+02 -5.160678821629100099e+01 0.000000000000000000e+00 0.000000000000000000e+00 2.933219351723437285e-02 4.077395731488064716e-03 4.077395731488062114e-03 2.883504726767371820e-03
-2.180668366201128265e+03 1.005484132904466946e+03 -6.266413390074042411e+01 0.000000000000000000e+00 0.000000000000000000e+00 1.350686253218214006e-02 4.077395731488064716e-03 4.077395731488062114e-03 2.883624553208298177e-03
-1.578894877775621580e+03 9.899036296846155665e+02 -4.489148425361840111e+01 0.000000000000000000e+00 0.000000000000000000e+00 4.578856527807317889e-02 4.077395731488064716e-03 4.077395731488062114e-03 2.883429445530983921e-03
-1.557430470847052447e+03 5.955469624072620718e+02 -4.051526805782286544e+01 0.000000000000000000e+00 0.000000000000000000e+00 4.993939390188728566e-02 4.077395731488064716e-03 4.077395731488062114e-03 2.883391928737740265e-03
-1.193742557954947642e+03 5.942031538796948098e+02 -3.261412449372318179e+01 0.000000000000000000e+00 0.000000000000000000e+00 3.948453216501945917e-02 4.077395731488064716e-03 4.077395731488062114e-03 2.883302989352480063e-03
-1.205108714817991995e+03 9.880991159669299577e+02 -3.670966929944928836e+01 0.000000000000000000e+00 0.000000000000000000e+00 -1.425781601937359255e-02 4.077395731488064716e-03 4.077395731488062114e-03 2.883338728668275938e-03
-1.855461758944958319e+03 1.294745590704973438e+03 -5.654244468348123576e+01 0.000000000000000000e+00 0.000000000000000000e+00 -3.896330148045734632e-02 4.077395731488064716e-03 4.077395731488062114e-03 2.883545441896423478e-03
-2.054946487766059363e+03 1.556024102523202146e+03 -6.706669228365015556e+01 0.000000000000000000e+00 0.000000000000000000e+00 4.459237428187634578e-02 4.077395731488064716e-03 4.077395731488062114e-03 2.883646527309822235e-03
-2.211217870945576124e+03 1.711201052634084363e+03 -7.521321738717008998e+01 0.000000000000000000e+00 0.000000000000000000e+00 7.304350945759097158e-03 4.077395731488064716e-03 4.077395731488062114e-03 2.883724871158986798e-03
-1.863467614748963115e+03 1.717348804259090684e+03 -6.449403942664025635e+01 0.000000000000000000e+00 0.000000000000000000e+00 1.188052123953298178e-02 4.077395731488064716e-03 4.077395731488062114e-03 2.883610603036807982e-03
-1.576698716174542824e+03 1.341273230232685819e+03 -4.986808673523248103e+01 0.000000000000000000e+00 0.000000000000000000e+00 1.067004877727129042e-02 4.077395731488064716e-03 4.077395731488062114e-03 2.883470751993369441e-03
-1.216204723372430180e+03 1.323230353310492546e+03 -4.172272698533566171e+01 0.000000000000000000e+00 0.000000000000000000e+00 6.412167986681538423e-03 4.077395731488064716e-03 4.077395731488062114e-03 2.883382471849358069e-03
-1.569651536634118656e+03 1.708601375736150430e+03 -5.654310987226577367e+01 0.000000000000000000e+00 0.000000000000000000e+00 -3.420528788851129320e-03 4.077395731488064716e-03 4.077395731488062114e-03 2.883526148132390873e-03
-1.216438467370071294e+03 1.751785112463146561e+03 -4.984190781041536411e+01 0.000000000000000000e+00 0.000000000000000000e+00 -3.444031927810442539e-02 4.077395731488064716e-03 4.077395731488062114e-03 2.883452370051270766e-03
-1.551425486596627479e+03 2.047225551522290743e+03 -6.382977590991923478e+01 0.000000000000000000e+00 0.000000000000000000e+00 3.744866485067888107e-02 4.077395731488064716e-03 4.077395731488062114e-03 2.883586091498420868e-03
-1.370334489108689240e+03 2.301050332640402303e+03 -6.645231152575799172e+01 0.000000000000000000e+00 0.000000000000000000e+00 3.396637339581332071e-02 4.077395731488064716e-03 4.077395731488062114e-03 2.883599897894924356e-03
-1.316810847663500681e+03 2.328142673426997135e+03 -6.611028279167422284e+01 0.000000000000000000e+00 0.000000000000000000e+00 3.374848048463263694e-02 4.077395731488064716e-03 4.077395731488062114e-03 2.883594925961038054e-03
-1.508183782219048226e+03 2.480656381963629428e+03 -7.464587506659285054e+01 0.000000000000000000e+00 0.000000000000000000e+00 2.093506043115667126e-02 4.077395731488064716e-03 4.077395731488062114e-03 2.883674291468932022e-03
-1.841877285490203349e+03 2.094964070240890123e+03 -7.255923482385071566e+01 0.000000000000000000e+00 0.000000000000000000e+00 4.162959723657877475e-03 4.077395731488064716e-03 4.077395731488062114e-03 2.883674788393270072e-03
-2.205353217058167957e+03 2.091133385420988816e+03 -8.363857964064854400e+01 0.000000000000000000e+00 0.000000000000000000e+00 3.480177745228729691e-02 4.077395731488064716e-03 4.077395731488062114e-03 2.883790305665548219e-03
-2.205531383802360324e+03 2.443072079982486684e+03 -9.310568816591865016e+01 0.000000000000000000e+00 0.000000000000000000e+00 5.771514534654897943e-02 4.077395731488064716e-03 4.077395731488062114e-03 2.883864541770249194e-03
-1.865905758703407173e+03 2.456301879422665934e+03 -8.307361089316000857e+01 0.000000000000000000e+00 0.000000000000000000e+00 -1.442603471002712467e-02 4.077395731488064716e-03 4.077395731488062114e-03 2.883761669329922960e-03
