# x y z x_res y_res z_res x_res_err y_res_err z_res_err
-2.200795250585224494e+03 2.827232093184356927e+03 -1.048587533129558693e+02 0.000000000000000000e+00 0.000000000000000000e+00 -1.084437383948682054e-01 4.077240165133819150e-03 4.077240165133820884e-03 2.883846120454554990e-03
-2.213127713911483170e+03 3.175515884575070231e+03 -1.174491379646404141e+02 0.000000000000000000e+00 0.000000000000000000e+00 -7.016430231549009022e-02 4.077240165133819150e-03 4.077240165133820884e-03 2.883944907656365696e-03
-2.037870065367515735e+03 3.037800259090919099e+03 -1.069561828806256756e+02 0.000000000000000000e+00 0.000000000000000000e+00 -1.032649063991755156e-01 4.077240165133819150e-03 4.077240165133820884e-03 2.883852587304852003e-03
-1.834844311929444757e+03 2.852097525609857712e+03 -9.466847381222557090e+01 0.000000000000000000e+00 0.000000000000000000e+00 -5.577443257301695212e-02 4.077240165133819150e-03 4.077240165133820884e-03 2.883743694555308042e-03
-1.843320169645042824e+03 3.197330938464098381e+03 -1.071725518518708213e+02 0.000000000000000000e+00 0.000000000000000000e+00 -5.228613830806239093e-02 4.077240165133819150e-03 4.077240165133820884e-03 2.883844616826167825e-03
-2.196421593283765105e+03 2.820372977350476049e+03 -1.044887976658811795e+02 0.000000000000000000e+00 0.000000000000000000e+00 1.494225939821092197e-02 4.077320772711830882e-03 4.077320772711832617e-03 2.883899948364210611e-03
-2.064479034159852745e+03 3.029820243118919734e+03 -1.074829935413742845e+02 0.000000000000000000e+00 0.000000000000000000e+00 -1.152294056910818654e-02 4.077320772711830882e-03 4.077320772711832617e-03 2.883915255951619190e-03
-2.194684142372818314e+03 3.198251486512778229e+03 -1.176912675908025108e+02 0.000000000000000000e+00 0.000000000000000000e+00 5.220900520725990646e-03 4.077320772711830882e-03 4.077320772711832617e-03 2.884002701381016727e-03
-1.878262500046574360e+03 3.209851075802210289e+03 -1.086052966650854046e+02 0.000000000000000000e+00 0.000000000000000000e+00 2.602626372623717543e-02 4.077320772711830882e-03 4.077320772711832617e-03 2.883914659245070868e-03
-1.560733224462449243e+03 3.197894066642133566e+03 -1.000439926851526735e+02 0.000000000000000000e+00 0.000000000000000000e+00 -1.471352917917556624e-03 4.077240165133819150e-03 4.077240165133820884e-03 2.883775816695688821e-03
-1.536758560226159261e+03 2.846114507497720297e+03 -8.692308041433602739e+01 0.000000000000000000e+00 0.000000000000000000e+00 -2.297684115099229984e-02 4.077240165133819150e-03 4.077240165133820884e-03 2.883667204076081902e-03
-1.372436108096881298e+03 3.045325553044286607e+03 -9.029339267829595883e+01 0.000000000000000000e+00 0.000000000000000000e+00 -1.140013895258249477e-01 4.077240165133819150e-03 4.077240165133820884e-03 2.883689367347490578e-03
-1.179941375101207768e+03 3.215282655156947385e+03 -9.290934757670902400e+01 0.000000000000000000e+00 0.000000000000000000e+00 -1.812014323647304082e-03 4.077240165133819150e-03 4.077240165133820884e-03 2.883705929188680288e-03
-9.094521426329532687e+02 2.831137585196422151e+03 -7.482432075933465399e+01 0.000000000000000000e+00 0.000000000000000000e+00 -1.986049605602602242e-02 4.077240165133819150e-03 4.077240165133820884e-03 2.883547437188766719e-03
-8.843989857072635914e+02 3.213060347193327289e+03 -8.825259964248081701e+01 0.000000000000000000e+00 0.000000000000000000e+00 -7.397798130185151422e-03 4.077240165133819150e-03 4.077240165133820884e-03 2.883660958088957692e-03
-7.194797127084370914e+02 3.107894539326390714e+03 -8.231050770407824757e+01 0.000000000000000000e+00 0.000000000000000000e+00 -2.896275812622661761e-02 4.077240165133819150e-03 4.077240165133820884e-03 2.883608061355059232e-03
-5.217333943016303692e+02 3.224091020272845071e+03 -8.484318595513042283e+01 0.000000000000000000e+00 0.000000000000000000e+00 -2.763489720334177946e-02 4.077240165133819150e-03 4.077240165133820884e-03 2.883627411536146025e-03
-1.953113607988706235e+02 2.853260088577600982e+03 -6.958813706631156037e+01 0.000000000000000000e+00 0.000000000000000000e+00 2.211526337296731981e-02 4.077240165133819150e-03 4.077240165133820884e-03 2.883494052654676093e-03
-1.771743510682219096e+02 3.229193537244565050e+03 -8.322720541765808377e+01 0.000000000000000000e+00 0.000000000000000000e+00 -1.885692964332008614e-02 4.077240165133819150e-03 4.077240165133820884e-03 2.883611523616456951e-03
1.582363585600825573e+00 3.094902992494528462e+03 -7.792265910606670332e+01 0.000000000000000000e+00 0.000000000000000000e+00 -1.040165996151642958e-02 4.077240165133819150e-03 4.077240165133820884e-03 2.883565681258971371e-03
1.677963977567625307e+02 3.216013192353045270e+03 -8.269687042795472109e+01 0.000000000000000000e+00 0.000000000000000000e+00 2.040066664008577391e-02 4.077240165133819150e-03 4.077240165133820884e-03 2.883606949990037086e-03
1.917285915155952409e+02 2.859054309664398716e+03 -6.977683780829163140e+01 0.000000000000000000e+00 0.000000000000000000e+00 8.318408076988248467e-03 4.077240165133819150e-03 4.077240165133820884e-03 2.883495673767361590e-03
4.637117548603100659e+02 3.214496730036984445e+03 -8.404553564943275035e+01 0.000000000000000000e+00 0.000000000000000000e+00 1.185603322497286172e-02 4.077240165133819150e-03 4.077240165133820884e-03 2.883620103032575026e-03
6.162692972434801959e+02 3.037925741563989050e+03 -7.870370441007455042e+01 0.000000000000000000e+00 0.000000000000000000e+00 2.524043241967888207e-02 4.077240165133819150e-03 4.077240165133820884e-03 2.883575939787086026e-03
6.659072038658795236e+02 3.007958792170361448e+03 -7.810164910459720033e+01 0.000000000000000000e+00 0.000000000000000000e+00 7.945635795962857628e-03 4.077240165133819150e-03 4.077240165133820884e-03 2.883571410683283525e-03
8.370160997823433036e+02 3.267330894542451006e+03 -8.972612700901355254e+01 0.000000000000000000e+00 0.000000000000000000e+00 6.331669995935840234e-02 4.077240165133819150e-03 4.077240165133820884e-03 2.883672659731376185e-03
8.603909232883661389e+02 2.777554811583881019e+03 -7.236152553098843043e+01 0.000000000000000000e+00 0.000000000000000000e+00 -1.174656011008323730e-02 4.077240165133819150e-03 4.077240165133820884e-03 2.883525428550964744e-03
4.961211715461083145e+02 2.798864092169756077e+03 -6.931928500019824924e+01 0.000000000000000000e+00 0.000000000000000000e+00 -3.632748075165181945e-02 4.077240165133819150e-03 4.077240165133820884e-03 2.883493878359650632e-03
1.130460808457698249e+03 2.850319480172925978e+03 -7.889080799743074124e+01 0.000000000000000000e+00 0.000000000000000000e+00 -2.054963063915238308e-02 4.077240165133819150e-03 4.077240165133820884e-03 2.883587040874124787e-03
1.142544745633172852e+03 2.811267741134154676e+03 -7.777655383466590422e+01 0.000000000000000000e+00 0.000000000000000000e+00 -5.440369976204806335e-02 4.077240165133819150e-03 4.077240165133820884e-03 2.883577949284187730e-03
1.340671624400345081e+03 3.048678499848845604e+03 -8.976788910731865201e+01 0.000000000000000000e+00 0.000000000000000000e+00 -6.024047240829588645e-02 4.077240165133819150e-03 4.077240165133820884e-03 2.883684038643502968e-03
1.539606403938863423e+03 2.810686072856924966e+03 -8.579813665712718773e+01 0.000000000000000000e+00 0.000000000000000000e+00 -5.374246533146731508e-02 4.077240165133819150e-03 4.077240165133820884e-03 2.883658032270489981e-03
1.548050028783366315e+03 3.293155093958560883e+03 -1.033822115935833494e+02 0.000000000000000000e+00 0.000000000000000000e+00 -2.652229432752051252e-02 4.077240165133819150e-03 4.077240165133820884e-03 2.883802643609189361e-03
1.766310351675477932e+03 3.305123066596172976e+03 -1.092095287090270972e+02 0.000000000000000000e+00 0.000000000000000000e+00 -4.484431143460199110e-02 4.077240165133819150e-03 4.077240165133820884e-03 2.883857717435689937e-03
1.779737072846769024e+03 2.807693647100481030e+03 -9.169014088160393783e+01 0.000000000000000000e+00 0.000000000000000000e+00 -3.345666991096152287e-02 4.077240165133819150e-03 4.077240165133820884e-03 2.883716860145061657e-03
2.195751624100867957e+03 2.841458980053953383e+03 -1.051661120690157105e+02 0.000000000000000000e+00 0.000000000000000000e+00 -2.422828635923224283e-02 4.077240165133819150e-03 4.077240165133820884e-03 2.883848180672127920e-03
2.460413741778020267e+03 2.534163987095406355e+03 -1.046648854004160825e+02 0.000000000000000000e+00 0.000000000000000000e+00 -1.793905496443102265e-01 4.077240165133819150e-03 4.077240165133820884e-03 2.883864917746158454e-03
2.808757365679399300e+03 2.530087351764545019e+03 -1.181502518786129485e+02 0.000000000000000000e+00 0.000000000000000000e+00 -3.275908907515656665e-02 4.077240165133819150e-03 4.077240165133820884e-03 2.884000336941643702e-03
2.635604964935543649e+03 2.379272914259612662e+03 -1.068607598777564931e+02 0.000000000000000000e+00 0.000000000000000000e+00 8.849990444269906220e-02 4.077240165133819150e-03 4.077240165133820884e-03 2.883898459887002368e-03
2.463118019972779166e+03 2.132478293227988161e+03 -9.374913967833380468e+01 0.000000000000000000e+00 0.000000000000000000e+00 -1.101276238159698551e-02 4.077240165133819150e-03 4.077240165133820884e-03 2.883782151850962459e-03
2.847340604330844144e+03 2.139332707433567066e+03 -1.091731165021851950e+02 0.000000000000000000e+00 0.000000000000000000e+00 -4.678515760768675591e-02 4.077240165133819150e-03 4.077240165133820884e-03 2.883940040547971432e-03
2.191871814251892829e+03 2.132216060562225266e+03 -8.422220706183230732e+01 0.000000000000000000e+00 0.000000000000000000e+00 -1.790247090515606487e-02 4.077240165133819150e-03 4.077240165133820884e-03 2.883683728384813568e-03
1.835316571656762790e+03 2.115773324283500642e+03 -7.290168434635549488e+01 0.000000000000000000e+00 0.000000000000000000e+00 -5.453295226850229938e-02 4.077240165133819150e-03 4.077240165133820884e-03 2.883567137153024689e-03
2.020293701968270170e+03 2.319807972829632035e+03 -8.372662465132037823e+01 0.000000000000000000e+00 0.000000000000000000e+00 -1.230692226808116629e-02 4.077240165133819150e-03 4.077240165133820884e-03 2.883666774313506116e-03
2.176491830959229901e+03 2.483289089619206152e+03 -9.332082168602997285e+01 0.000000000000000000e+00 0.000000000000000000e+00 1.126123680083424006e-02 4.077240165133819150e-03 4.077240165133820884e-03 2.883754009454506714e-03
1.856823319241430454e+03 2.498712928025962356e+03 -8.406955177168967452e+01 0.000000000000000000e+00 0.000000000000000000e+00 -2.816015269519311914e-02 4.077240165133819150e-03 4.077240165133820884e-03 2.883659180780143248e-03
1.564854512721830361e+03 2.502334798316840534e+03 -7.661562285676832573e+01 0.000000000000000000e+00 0.000000000000000000e+00 -2.767208527265552220e-02 4.077240165133819150e-03 4.077240165133820884e-03 2.883583133846537479e-03
1.366054344582482145e+03 2.341308747528647473e+03 -6.749113498647587051e+01 0.000000000000000000e+00 0.000000000000000000e+00 -3.080651920357979634e-02 4.077240165133819150e-03 4.077240165133820884e-03 2.883498465243714177e-03
1.504724978041508166e+03 2.129569546781498957e+03 -6.481702205619507140e+01 0.000000000000000000e+00 0.000000000000000000e+00 1.864920700441530244e-03 4.077240165133819150e-03 4.077240165133820884e-03 2.883482026823401285e-03
1.122970066063636295e+03 2.478221046047580785e+03 -6.685313870624410981e+01 0.000000000000000000e+00 0.000000000000000000e+00 -8.449243827413965846e-03 4.077240165133819150e-03 4.077240165133820884e-03 2.883484720828865741e-03
8.866827299940366629e+02 2.527605795567179030e+03 -6.471913057990980178e+01 0.000000000000000000e+00 0.000000000000000000e+00 -3.682051171099942621e-02 4.077240165133819150e-03 4.077240165133820884e-03 2.883460398555256956e-03
8.723343312350543783e+02 2.124899047119465195e+03 -5.313689106682576835e+01 0.000000000000000000e+00 0.000000000000000000e+00 -1.717681308122820383e-02 4.077240165133819150e-03 4.077240165133820884e-03 2.883359925196406302e-03
6.837719364841359493e+02 2.367069968329129551e+03 -5.751045247906940006e+01 0.000000000000000000e+00 0.000000000000000000e+00 -3.018790359625711517e-02 4.077240165133819150e-03 4.077240165133820884e-03 2.883394054082647710e-03
4.956378557306239827e+02 2.131556725827971150e+03 -4.932854710802472198e+01 0.000000000000000000e+00 0.000000000000000000e+00 1.478589641663319298e-02 4.077240165133819150e-03 4.077240165133820884e-03 2.883319607477564852e-03
2.832320624125102768e+03 1.776727993541363503e+03 -1.002473512833969238e+02 0.000000000000000000e+00 0.000000000000000000e+00 -4.063216394790458708e-02 4.077242863367749708e-03 4.077242863367751442e-03 2.883875949129149560e-03
2.486239070177464328e+03 1.790135951781190670e+03 -8.667187415659924454e+01 0.000000000000000000e+00 0.000000000000000000e+00 -2.395793565261783442e-02 4.077242863367749708e-03 4.077242863367751442e-03 2.883732932476984912e-03
2.488962980672288268e+03 1.369368910665260501e+03 -7.888061173917552082e+01 0.000000000000000000e+00 0.000000000000000000e+00 1.859877412202592950e-02 4.077242863367749708e-03 4.077242863367751442e-03 2.883674948104593232e-03
2.834864846340026361e+03 1.357935588841626213e+03 -9.266233020616930105e+01 0.000000000000000000e+00 0.000000000000000000e+00 -3.258317187446380103e-02 4.077242863367749708e-03 4.077242863367751442e-03 2.883822766120924374e-03
2.195367306712651498e+03 1.735899132727771530e+03 -7.519022522745380854e+01 0.000000000000000000e+00 0.000000000000000000e+00 4.571925137517496296e-02 4.077242863367749708e-03 4.077242863367751442e-03 2.883615095829543049e-03
1.848978008096517442e+03 1.742114226642888525e+03 -6.459897973118148684e+01 0.000000000000000000e+00 0.000000000000000000e+00 -2.303871472865637315e-02 4.077242863367749708e-03 4.077242863367751442e-03 2.883502308124138210e-03
1.982089680914503560e+03 1.599889519555927109e+03 -6.564348227928695678e+01 0.000000000000000000e+00 0.000000000000000000e+00 1.134935375472423402e-01 4.077242863367749708e-03 4.077242863367751442e-03 2.883520896598573691e-03
2.186052932420067009e+03 1.364962829647740364e+03 -6.797482234500517961e+01 0.000000000000000000e+00 0.000000000000000000e+00 1.854091633390453353e-02 4.077242863367749708e-03 4.077242863367751442e-03 2.883557903794198903e-03
1.849718372578106482e+03 1.336197637504182694e+03 -5.704117435032820538e+01 0.000000000000000000e+00 0.000000000000000000e+00 1.118110817658646283e-02 4.077242863367749708e-03 4.077242863367751442e-03 2.883440915293872080e-03
2.170256113330241078e+03 1.029810595695375696e+03 -6.261241293673543851e+01 0.000000000000000000e+00 0.000000000000000000e+00 1.511641244758976654e-02 4.077242863367749708e-03 4.077242863367751442e-03 2.883514883632400973e-03
2.010145315137544230e+03 8.693461103842278135e+02 -5.558697554720522760e+01 0.000000000000000000e+00 0.000000000000000000e+00 3.086965606406266716e-02 4.077242863367749708e-03 4.077242863367751442e-03 2.883443748677133600e-03
1.862551693264041205e+03 6.040492607173425768e+02 -4.876140333456730502e+01 0.000000000000000000e+00 0.000000000000000000e+00 1.694832482281327657e-02 4.077242863367749708e-03 4.077242863367751442e-03 2.883375993434393429e-03
2.460403003034270569e+03 1.007350742196416604e+03 -7.267901388271772589e+01 0.000000000000000000e+00 0.000000000000000000e+00 3.737413566980762880e-03 4.077242863367749708e-03 4.077242863367751442e-03 2.883625699240712544e-03
2.832424030893252166e+03 1.028535877393335113e+03 -8.795015141028643768e+01 0.000000000000000000e+00 0.000000000000000000e+00 -1.331306722791225639e-02 4.077242863367749708e-03 4.077242863367751442e-03 2.883790082538455462e-03
2.483736842787814567e+03 6.122146414952939040e+02 -6.977418439635712843e+01 0.000000000000000000e+00 0.000000000000000000e+00 -4.503174322674396990e-02 4.077242863367749708e-03 4.077242863367751442e-03 2.883608892880459417e-03
2.824847647927667822e+03 6.028551231844074891e+02 -8.358301236106854049e+01 0.000000000000000000e+00 0.000000000000000000e+00 2.936123668573031864e-02 4.077242863367749708e-03 4.077242863367751442e-03 2.883760618796852269e-03
2.480353791396514680e+03 2.857421860801707680e+02 -6.794821620101531323e+01 0.000000000000000000e+00 0.000000000000000000e+00 3.865955097568019028e-02 4.077242863367749708e-03 4.077242863367751442e-03 2.883597240149506948e-03
2.842038626602309250e+03 2.753985874271451166e+02 -8.270512730721793559e+01 0.000000000000000000e+00 0.000000000000000000e+00 3.129365696280217435e-02 4.077242863367749708e-03 4.077242863367751442e-03 2.883760419069152179e-03
2.676049273499349056e+03 1.366628166894209642e+02 -7.538974565678317674e+01 0.000000000000000000e+00 0.000000000000000000e+00 3.822458413982587899e-02 4.077242863367749708e-03 4.077242863367751442e-03 2.883682464057110706e-03
2.503110582463630635e+03 -1.203792811806627441e+02 -6.854648979264608499e+01 0.000000000000000000e+00 0.000000000000000000e+00 5.447477858243132687e-02 4.077242863367749708e-03 4.077242863367751442e-03 2.883609155184855069e-03
2.842629910526711683e+03 -1.406371539516806308e+02 -8.255431481871978860e+01 0.000000000000000000e+00 0.000000000000000000e+00 4.504101586418585157e-02 4.077242863367749708e-03 4.077242863367751442e-03 2.883764710037511024e-03
2.223296049872896674e+03 -1.250055046923152133e+02 -5.827895756557163054e+01 0.000000000000000000e+00 0.000000000000000000e+00 6.545287818035916416e-02 4.077242863367749708e-03 4.077242863367751442e-03 2.883494092289661925e-03
2.203827809517481910e+03 2.270504530605556965e+02 -5.773210262226247380e+01 0.000000000000000000e+00 0.000000000000000000e+00 5.329367447058075413e-02 4.077242863367749708e-03 4.077242863367751442e-03 2.883484397624766840e-03
1.869047042982285802e+03 2.621030492750126086e+02 -4.717118240933966433e+01 0.000000000000000000e+00 0.000000000000000000e+00 -3.001541970597543241e-03 4.077242863367749708e-03 4.077242863367751442e-03 2.883365171534159853e-03
2.016359019977498519e+03 1.094975526340128908e+02 -5.133724731542346831e+01 0.000000000000000000e+00 0.000000000000000000e+00 4.093331449379178366e-02 4.077242863367749708e-03 4.077242863367751442e-03 2.883414139936377532e-03
1.837874247439392093e+03 -1.367140560845230652e+02 -4.603240554391271644e+01 0.000000000000000000e+00 0.000000000000000000e+00 3.664759168209741347e-03 4.077242863367749708e-03 4.077242863367751442e-03 2.883355601953342413e-03
2.167816158503251700e+03 -1.510592532563932764e+02 -5.642904373430634735e+01 0.000000000000000000e+00 0.000000000000000000e+00 1.268291290749345990e-03 4.077242863367749708e-03 4.077242863367751442e-03 2.883473332753702743e-03
2.503371430360405611e+03 -4.581427973866229877e+02 -6.988028749506673876e+01 0.000000000000000000e+00 0.000000000000000000e+00 1.239996729192682778e-02 4.077242863367749708e-03 4.077242863367751442e-03 2.883623575362204584e-03
2.844657598273904568e+03 -4.818569068893687017e+02 -8.407736218020495755e+01 0.000000000000000000e+00 0.000000000000000000e+00 3.755100352668705455e-02 4.077242863367749708e-03 4.077242863367751442e-03 2.883781026691070119e-03
2.675693998921514321e+03 -6.158714068698679966e+02 -7.787267440206913705e+01 0.000000000000000000e+00 0.000000000000000000e+00 2.195758551121684832e-02 4.077242863367749708e-03 4.077242863367751442e-03 2.883710820673146460e-03
2.846448190927915675e+03 -8.859221052846072553e+02 -8.769467809170987493e+01 0.000000000000000000e+00 0.000000000000000000e+00 1.214538914679508252e-02 4.077242863367749708e-03 4.077242863367751442e-03 2.883813773394231731e-03
2.495235447176676189e+03 -8.740671227805424905e+02 -7.313841541327802531e+01 0.000000000000000000e+00 0.000000000000000000e+00 3.314805889858973842e-02 4.077242863367749708e-03 4.077242863367751442e-03 2.883653063466692749e-03
2.233056838494657768e+03 -5.142896182131676142e+02 -6.028311980432842176e+01 0.000000000000000000e+00 0.000000000000000000e+00 7.274243069733898892e-02 4.077242863367749708e-03 4.077242863367751442e-03 2.883515292118453248e-03
2.227821119337557775e+03 -8.640955459148208320e+02 -6.321435471481196089e+01 0.000000000000000000e+00 0.000000000000000000e+00 3.523594874037172531e-02 4.077242863367749708e-03 4.077242863367751442e-03 2.883542146118969578e-03
2.017187878660660772e+03 -7.039447916059029922e+02 -5.459925992166816400e+01 0.000000000000000000e+00 0.000000000000000000e+00 3.119383233397599042e-02 4.077242863367749708e-03 4.077242863367751442e-03 2.883448198145216641e-03
1.862202492697213074e+03 -8.758288919653887206e+02 -5.162173453206332852e+01 0.000000000000000000e+00 0.000000000000000000e+00 4.962741827220895630e-03 4.077242863367749708e-03 4.077242863367751442e-03 2.883410620972693718e-03
2.494924133978049213e+03 -1.201699968794384404e+03 -7.744528097337155259e+01 0.000000000000000000e+00 0.000000000000000000e+00 3.234313844970415630e-02 4.077242863367749708e-03 4.077242863367751442e-03 2.883690595081026941e-03
2.867227544014356226e+03 -1.195249573246460386e+03 -9.264886791346546602e+01 0.000000000000000000e+00 0.000000000000000000e+00 -5.038583430032872457e-02 4.077242863367749708e-03 4.077242863367751442e-03 2.883857713060023874e-03
2.671659049923884140e+03 -1.366323483096578002e+03 -8.712316978285925018e+01 0.000000000000000000e+00 0.000000000000000000e+00 3.241116157646217744e-02 4.077242863367749708e-03 4.077242863367751442e-03 2.883790184392569581e-03
2.864348884620940680e+03 -1.613649239002149670e+03 -9.982163809906853658e+01 0.000000000000000000e+00 0.000000000000000000e+00 6.035774453513909066e-02 4.077242863367749708e-03 4.077242863367751442e-03 2.883914852357382166e-03
2.509974377370464936e+03 -1.615461166759610023e+03 -8.535003449931484454e+01 0.000000000000000000e+00 0.000000000000000000e+00 -1.576267492708893769e-04 4.077242863367749708e-03 4.077242863367751442e-03 2.883758482451703742e-03
2.223460508803474113e+03 -1.621086746014521850e+03 -7.500930002206538916e+01 0.000000000000000000e+00 0.000000000000000000e+00 2.481728571211760936e-02 4.077242863367749708e-03 4.077242863367751442e-03 2.883644738198009976e-03
2.230412492615807423e+03 -1.267095332270432664e+03 -6.878302128584118691e+01 0.000000000000000000e+00 0.000000000000000000e+00 3.231054276488976029e-02 4.077242863367749708e-03 4.077242863367751442e-03 2.883591732046865853e-03
2.030330076343587507e+03 -1.371086422987549213e+03 -6.387865165035094606e+01 0.000000000000000000e+00 0.000000000000000000e+00 2.314640471748674599e-02 4.077242863367749708e-03 4.077242863367751442e-03 2.883532559707814233e-03
1.844082290309156633e+03 -1.286540126373276507e+03 -5.678833227397801409e+01 0.000000000000000000e+00 0.000000000000000000e+00 4.387231438226280034e-02 4.077242863367749708e-03 4.077242863367751442e-03 2.883456095315067857e-03
1.866446724567225601e+03 -1.619213489043998607e+03 -6.359986373314244190e+01 0.000000000000000000e+00 0.000000000000000000e+00 8.703460881918090308e-03 4.077242863367749708e-03 4.077242863367751442e-03 2.883517970809015580e-03
2.515715303290175143e+03 -1.957875670069848411e+03 -9.317986626422454322e+01 0.000000000000000000e+00 0.000000000000000000e+00 3.807583971749295415e-02 4.077242863367749708e-03 4.077242863367751442e-03 2.883822711582206648e-03
2.848667926096970405e+03 -1.964468799773937690e+03 -1.068494848866859996e+02 0.000000000000000000e+00 0.000000000000000000e+00 -5.058679858682069153e-02 4.077242863367749708e-03 4.077242863367751442e-03 2.883967029014216244e-03
2.694006826442239344e+03 -2.115060433648105118e+03 -1.041538245298740719e+02 0.000000000000000000e+00 0.000000000000000000e+00 1.581046760632887072e-02 4.077242863367749708e-03 4.077242863367751442e-03 2.883928096123427806e-03
2.865021924586096247e+03 -2.367661817258645897e+03 -1.181198858247243777e+02 0.000000000000000000e+00 0.000000000000000000e+00 3.153092398336809765e-02 4.077242863367749708e-03 4.077242863367751442e-03 2.884052433804025917e-03
2.524217395353121447e+03 -2.382580200492063796e+03 -1.048260365783610268e+02 0.000000000000000000e+00 0.000000000000000000e+00 -1.189842820056696837e-02 4.077242863367749708e-03 4.077242863367751442e-03 2.883915146229013189e-03
2.253694727553562188e+03 -2.001545689688905441e+03 -8.469317417752364463e+01 0.000000000000000000e+00 0.000000000000000000e+00 4.315773870636974152e-02 4.077242863367749708e-03 4.077242863367751442e-03 2.883728632497086289e-03
2.239650969137499942e+03 -2.364376058254157215e+03 -9.403316112530143300e+01 0.000000000000000000e+00 0.000000000000000000e+00 -1.616509860211579053e-02 4.077242863367749708e-03 4.077242863367751442e-03 2.883803750883026651e-03
1.862262309622866724e+03 -2.004794471508886545e+03 -7.232036423909531209e+01 0.000000000000000000e+00 0.000000000000000000e+00 1.214797125103928011e-02 4.077242863367749708e-03 4.077242863367751442e-03 2.883593490817843667e-03
1.869342447635251119e+03 -2.710148767384326675e+03 -9.325422025859819541e+01 0.000000000000000000e+00 0.000000000000000000e+00 1.945842044118251124e-02 4.077242863367749708e-03 4.077242863367751442e-03 2.883770618493332414e-03
2.207667611573188424e+03 -2.704715917827173143e+03 -1.035290499841670311e+02 0.000000000000000000e+00 0.000000000000000000e+00 3.924365853558242634e-02 4.077242863367749708e-03 4.077242863367751442e-03 2.883877014698704028e-03
2.032662500871280372e+03 -2.874490736478839608e+03 -1.037030611253403549e+02 0.000000000000000000e+00 0.000000000000000000e+00 9.145947476848448332e-02 4.077242863367749708e-03 4.077242863367751442e-03 2.883865921279963121e-03
2.234827721417296289e+03 -3.125649128774351539e+03 -1.192157637808262365e+02 0.000000000000000000e+00 0.000000000000000000e+00 -7.400382061462096317e-03 4.077242863367749708e-03 4.077242863367751442e-03 2.884000339872832414e-03
1.869076590351653977e+03 -3.132133574549857258e+03 -1.082894407500959204e+02 0.000000000000000000e+00 0.000000000000000000e+00 -9.594537466725228114e-02 4.077242863367749708e-03 4.077242863367751442e-03 2.883892954918177397e-03
1.523770472593208979e+03 -3.168548896844070441e+03 -1.008668277806132068e+02 0.000000000000000000e+00 0.000000000000000000e+00 1.443091828895148865e-02 4.077280627971534982e-03 4.077280627971539319e-03 2.883843251155694849e-03
1.366012222956582491e+03 -2.885423862537121749e+03 -8.685690421918579318e+01 0.000000000000000000e+00 0.000000000000000000e+00 -1.917319940045558724e-02 4.077280627971534982e-03 4.077280627971539319e-03 2.883718533966047552e-03
1.193299148946902960e+03 -2.723599177603017779e+03 -7.779269140411427941e+01 0.000000000000000000e+00 0.000000000000000000e+00 1.851654794963053519e-02 4.077280627971534982e-03 4.077280627971539319e-03 2.883633388699671871e-03
1.557687293646219814e+03 -2.431920167401072831e+03 -7.614346447865914058e+01 0.000000000000000000e+00 0.000000000000000000e+00 -5.424134377648215377e-03 4.077280627971534982e-03 4.077280627971539319e-03 2.883634789764288192e-03
1.213181457686397152e+03 -2.410187283123723319e+03 -6.804520968580335705e+01 0.000000000000000000e+00 0.000000000000000000e+00 -3.676977016546345567e-02 4.077280627971534982e-03 4.077280627971539319e-03 2.883548046757643864e-03
1.369739133504874644e+03 -2.203750162157673003e+03 -6.518410960937882237e+01 0.000000000000000000e+00 0.000000000000000000e+00 -1.221702278922975893e-02 4.077280627971534982e-03 4.077280627971539319e-03 2.883529403601780162e-03
1.546978282452839721e+03 -2.028269994232435010e+03 -6.452797864030297603e+01 0.000000000000000000e+00 0.000000000000000000e+00 -3.605939254393319970e-02 4.077280627971534982e-03 4.077280627971539319e-03 2.883532670904354490e-03
1.552280394619825529e+03 -1.688347526840655064e+03 -5.662008790556850357e+01 0.000000000000000000e+00 0.000000000000000000e+00 -2.162067012466906135e-02 4.077280627971534982e-03 4.077280627971539319e-03 2.883462773404932376e-03
1.184091322720461676e+03 -1.699613542463110662e+03 -4.889737671032012400e+01 0.000000000000000000e+00 0.000000000000000000e+00 -2.423351974729115454e-02 4.077280627971534982e-03 4.077280627971539319e-03 2.883374708062828602e-03
1.351846530598265872e+03 -1.451343550139785521e+03 -4.725361005182911356e+01 0.000000000000000000e+00 0.000000000000000000e+00 -1.071769315075954410e-02 4.077280627971534982e-03 4.077280627971539319e-03 2.883367574701167259e-03
1.167955571959081226e+03 -1.292105849599807925e+03 -4.075927065717665698e+01 0.000000000000000000e+00 0.000000000000000000e+00 4.212566999838429638e-02 4.077280627971534982e-03 4.077280627971539319e-03 2.883299642562838633e-03
1.494295236655177860e+03 -1.252531694334779559e+03 -4.701654728075571654e+01 0.000000000000000000e+00 0.000000000000000000e+00 -1.820207457384981353e-03 4.077280627971534982e-03 4.077280627971539319e-03 2.883372935045362684e-03
1.192687652070675085e+03 -9.314052306104181298e+02 -3.605261090954392955e+01 0.000000000000000000e+00 0.000000000000000000e+00 6.074800960843873554e-02 4.077280627971534982e-03 4.077280627971539319e-03 2.883257312179976061e-03
1.357150796586417073e+03 -6.862776097599198692e+02 -3.683243509219137479e+01 0.000000000000000000e+00 0.000000000000000000e+00 5.911596438657085173e-02 4.077280627971534982e-03 4.077280627971539319e-03 2.883272038527518073e-03
1.187155525339117958e+03 -5.234091222620295412e+02 -3.210857147101473430e+01 0.000000000000000000e+00 0.000000000000000000e+00 7.329163615587930281e-02 4.077280627971534982e-03 4.077280627971539319e-03 2.883220237678612175e-03
1.500593224862415809e+03 -5.106875030401611184e+02 -3.872850268833862941e+01 0.000000000000000000e+00 0.000000000000000000e+00 -6.702105146992209939e-03 4.077280627971534982e-03 4.077280627971539319e-03 2.883296674323299492e-03
1.519804547449444954e+03 -2.003883183604518479e+02 -3.774140626357760908e+01 0.000000000000000000e+00 0.000000000000000000e+00 3.749020857113549710e-02 4.077280627971534982e-03 4.077280627971539319e-03 2.883287695644558887e-03
1.174733502574282056e+03 -1.954519292255174321e+02 -3.033778471745293714e+01 0.000000000000000000e+00 0.000000000000000000e+00 3.082393842868569322e-02 4.077280627971534982e-03 4.077280627971539319e-03 2.883202704033908069e-03
1.359026511140939192e+03 4.773256696976844893e+01 -3.379682289300247078e+01 0.000000000000000000e+00 0.000000000000000000e+00 5.064350597913147567e-02 4.077280627971534982e-03 4.077280627971539319e-03 2.883242195617505103e-03
1.529463923706549167e+03 2.189321621922513259e+02 -3.796097081804786910e+01 0.000000000000000000e+00 0.000000000000000000e+00 5.348296657049189662e-02 4.077280627971534982e-03 4.077280627971539319e-03 2.883288225931326942e-03
1.547430968001309566e+03 5.706812111951828683e+02 -4.009272825386096883e+01 0.000000000000000000e+00 0.000000000000000000e+00 -3.692422035726394824e-03 4.077280627971534982e-03 4.077280627971539319e-03 2.883306346496290404e-03
1.171796429032794777e+03 5.562801565600600497e+02 -3.193146889201642580e+01 0.000000000000000000e+00 0.000000000000000000e+00 5.999870747140434446e-02 4.077280627971534982e-03 4.077280627971539319e-03 2.883214638062768682e-03
1.345731156428989379e+03 8.025856267119271479e+02 -3.746840403600847935e+01 0.000000000000000000e+00 0.000000000000000000e+00 2.452925230684854796e-02 4.077280627971534982e-03 4.077280627971539319e-03 2.883271168956419786e-03
1.554400719552835426e+03 9.806761002791595274e+02 -4.417926452680106308e+01 0.000000000000000000e+00 0.000000000000000000e+00 2.382256801811166724e-02 4.077280627971534982e-03 4.077280627971539319e-03 2.883340471185197491e-03
1.204202946954535491e+03 1.009964310358582452e+03 -3.696404213937378813e+01 0.000000000000000000e+00 0.000000000000000000e+00 2.303834878591715096e-02 4.077280627971534982e-03 4.077280627971539319e-03 2.883259483273922178e-03
1.540928258104286215e+03 1.314413321828589460e+03 -4.856306756401834690e+01 0.000000000000000000e+00 0.000000000000000000e+00 6.222044950089156146e-02 4.077280627971534982e-03 4.077280627971539319e-03 2.883376228478421507e-03
1.182609192650878867e+03 1.306495532121844917e+03 -4.082023939038677440e+01 0.000000000000000000e+00 0.000000000000000000e+00 7.791820856897402336e-02 4.077280627971534982e-03 4.077280627971539319e-03 2.883291818056410438e-03
1.324149244457721579e+03 1.537714614418117890e+03 -4.764338532620293876e+01 0.000000000000000000e+00 0.000000000000000000e+00 -9.913210085713330955e-03 4.077280627971534982e-03 4.077280627971539319e-03 2.883356813467384278e-03
1.175686259258719929e+03 1.730994132599500517e+03 -4.864141467376288119e+01 0.000000000000000000e+00 0.000000000000000000e+00 4.883124668785399081e-02 4.077280627971534982e-03 4.077280627971539319e-03 2.883359043423639953e-03
1.488655479353066539e+03 1.755492062251556490e+03 -5.562017299685834359e+01 0.000000000000000000e+00 0.000000000000000000e+00 -2.585676004748904688e-03 4.077280627971534982e-03 4.077280627971539319e-03 2.883432604064182798e-03
8.431403029054533818e+02 1.724901942845702706e+03 -4.329290441707210135e+01 0.000000000000000000e+00 0.000000000000000000e+00 4.682776864043347587e-02 4.077280627971534982e-03 4.077280627971539319e-03 2.883301856131124767e-03
5.142787961442828646e+02 1.741856071780622187e+03 -4.017683321620999948e+01 0.000000000000000000e+00 0.000000000000000000e+00 2.502527561053113914e-02 4.077280627971534982e-03 4.077280627971539319e-03 2.883267626970038942e-03
6.292867860135634146e+02 1.608043948118857088e+03 -3.842643218479246769e+01 0.000000000000000000e+00 0.000000000000000000e+00 1.205390558590124783e-02 4.077280627971534982e-03 4.077280627971539319e-03 2.883254077028131728e-03
5.120984696283076119e+02 1.353981266272414132e+03 -3.269464619752071144e+01 0.000000000000000000e+00 0.000000000000000000e+00 -3.246320597774854377e-03 4.077280627971534982e-03 4.077280627971539319e-03 2.883200917855877066e-03
8.256749602547282620e+02 1.344832122244431048e+03 -3.583518121418438085e+01 0.000000000000000000e+00 0.000000000000000000e+00 2.517224664241268783e-02 4.077280627971534982e-03 4.077280627971539319e-03 2.883235725624996339e-03
9.000842130641844960e+02 1.034984515676118235e+03 -3.224560516145908196e+01 0.000000000000000000e+00 0.000000000000000000e+00 -6.226811598818215998e-02 4.077280627971534982e-03 4.077280627971539319e-03 2.883206257264679315e-03
6.742959288558315620e+02 8.513631364123725689e+02 -2.726441034766699545e+01 0.000000000000000000e+00 0.000000000000000000e+00 -1.985901117880572997e-02 4.077280627971534982e-03 4.077280627971539319e-03 2.883155552448637277e-03
5.090887016115457300e+02 6.040894954656173468e+02 -2.344075707774381101e+01 0.000000000000000000e+00 0.000000000000000000e+00 -6.024660896790479114e-02 4.077280627971534982e-03 4.077280627971539319e-03 2.883117598000307837e-03
8.592785878691082644e+02 6.162676261759480667e+02 -2.734196576262336009e+01 0.000000000000000000e+00 0.000000000000000000e+00 -2.496218319933163343e-02 4.077280627971534982e-03 4.077280627971539319e-03 2.883161574482059116e-03
8.910245063977704376e+02 2.971855443471962417e+02 -2.595086000345830968e+01 0.000000000000000000e+00 0.000000000000000000e+00 -6.496741882685341807e-02 4.077280627971534982e-03 4.077280627971539319e-03 2.883150533954532621e-03
5.149925987435257184e+02 2.738413090701461670e+02 -2.165003370253942450e+01 0.000000000000000000e+00 0.000000000000000000e+00 -1.222594402143784009e-03 4.077280627971534982e-03 4.077280627971539319e-03 2.883101530968258403e-03
6.730733429139140753e+02 1.074816914628772793e+02 -2.274974899817558338e+01 0.000000000000000000e+00 0.000000000000000000e+00 -2.349499759276341138e-03 4.077280627971534982e-03 4.077280627971539319e-03 2.883115224749085992e-03
8.644224214610275112e+02 -1.299828797730980341e+02 -2.514571251657064010e+01 0.000000000000000000e+00 0.000000000000000000e+00 -6.322433895550005900e-02 4.077280627971534982e-03 4.077280627971539319e-03 2.883143044316960162e-03
5.125547214490383112e+02 -1.448276947618313670e+02 -2.129287195961889978e+01 0.000000000000000000e+00 0.000000000000000000e+00 -4.525884576203154097e-02 4.077280627971534982e-03 4.077280627971539319e-03 2.883098455513997353e-03
8.645430743193898024e+02 -4.533220298488409981e+02 -2.637309962125849694e+01 0.000000000000000000e+00 0.000000000000000000e+00 -1.599265232785995750e-02 4.077280627971534982e-03 4.077280627971539319e-03 2.883154795733531769e-03
5.348381419682069691e+02 -4.873650223846951803e+02 -2.287948610384808390e+01 0.000000000000000000e+00 0.000000000000000000e+00 6.055384746698422305e-03 4.077280627971534982e-03 4.077280627971539319e-03 2.883113758783357843e-03
7.032213101484186382e+02 -6.297700813123109356e+02 -2.558150272035823036e+01 0.000000000000000000e+00 0.000000000000000000e+00 -5.995341547664878590e-02 4.077280627971534982e-03 4.077280627971539319e-03 2.883142836660825686e-03
8.774269207772380241e+02 -8.700183086456054298e+02 -3.011935031073716118e+01 0.000000000000000000e+00 0.000000000000000000e+00 -3.547889466834419636e-02 4.077280627971534982e-03 4.077280627971539319e-03 2.883190227517424490e-03
5.304847077069222223e+02 -8.980172755675627059e+02 -2.651932721813623317e+01 0.000000000000000000e+00 0.000000000000000000e+00 -3.619576660447165750e-02 4.077280627971534982e-03 4.077280627971539319e-03 2.883147613696650756e-03
8.733120314780909439e+02 -1.199112047303795407e+03 -3.446093972182475795e+01 0.000000000000000000e+00 0.000000000000000000e+00 -7.014933779554155535e-02 4.077280627971534982e-03 4.077280627971539319e-03 2.883230393270883821e-03
7.085024291432836208e+02 -1.382113019171948736e+03 -3.542322075225069966e+01 0.000000000000000000e+00 0.000000000000000000e+00 -6.236310695545910221e-02 4.077280627971534982e-03 4.077280627971539319e-03 2.883234478471360333e-03
9.065283615895255025e+02 -1.634237186420555190e+03 -4.288159829594253125e+01 0.000000000000000000e+00 0.000000000000000000e+00 -8.740129532760931852e-03 4.077280627971534982e-03 4.077280627971539319e-03 2.883309179413706680e-03
5.454715137409039016e+02 -1.667937096017617478e+03 -3.941170131674539334e+01 0.000000000000000000e+00 0.000000000000000000e+00 -6.340738196008999239e-03 4.077280627971534982e-03 4.077280627971539319e-03 2.883267705129040348e-03
5.421282545391912890e+02 -1.974959354984975562e+03 -4.658131771320458370e+01 0.000000000000000000e+00 0.000000000000000000e+00 -1.720766622931080292e-02 4.077280627971534982e-03 4.077280627971539319e-03 2.883333913236548959e-03
8.992761429733262730e+02 -1.958629486250944183e+03 -5.026210752235742518e+01 0.000000000000000000e+00 0.000000000000000000e+00 -7.117053613544044310e-02 4.077280627971534982e-03 4.077280627971539319e-03 2.883376588198951346e-03
7.190430826990588002e+02 -2.141754807081716990e+03 -5.275612956566504153e+01 0.000000000000000000e+00 0.000000000000000000e+00 -8.714676255456055287e-02 4.077280627971534982e-03 4.077280627971539319e-03 2.883394420138629677e-03
5.540299133743887978e+02 -2.373162792524317865e+03 -5.776572216698184548e+01 0.000000000000000000e+00 0.000000000000000000e+00 -1.408351303805730481e-01 4.077280627971534982e-03 4.077280627971539319e-03 2.883436834069022254e-03
9.101961133999976710e+02 -2.718972457400174335e+03 -7.300765620718382820e+01 0.000000000000000000e+00 0.000000000000000000e+00 -5.099158861354169403e-02 4.077280627971534982e-03 4.077280627971539319e-03 2.883582383407181423e-03
5.091245013885295521e+02 -2.718433200312857934e+03 -6.854491132194883107e+01 0.000000000000000000e+00 0.000000000000000000e+00 -7.123385749623878382e-02 4.077280627971534982e-03 4.077280627971539319e-03 2.883534207810438225e-03
5.347840126580647393e+02 -3.127378228839635085e+03 -8.373354105680975579e+01 0.000000000000000000e+00 0.000000000000000000e+00 -8.372225374675679177e-02 4.077280627971534982e-03 4.077280627971539319e-03 2.883670929305723590e-03
8.968785787381290220e+02 -3.142024341022237877e+03 -8.828771043307268940e+01 0.000000000000000000e+00 0.000000000000000000e+00 -5.461882385446870103e-02 4.077280627971534982e-03 4.077280627971539319e-03 2.883717146961115637e-03
-1.399922450847386983e+02 -3.121792907363201266e+03 -8.146076582426789514e+01 0.000000000000000000e+00 0.000000000000000000e+00 -4.726461696868966555e-02 4.077294432260928844e-03 4.077294432260932314e-03 2.883657355846427385e-03
4.507542185676424396e+01 -2.873750708535684225e+03 -7.201108354342164830e+01 0.000000000000000000e+00 0.000000000000000000e+00 1.308643959561095471e-04 4.077294432260928844e-03 4.077294432260932314e-03 2.883571918972557043e-03
-1.359981746848220041e+02 -2.704457739152305749e+03 -6.617996573052421638e+01 0.000000000000000000e+00 0.000000000000000000e+00 1.052548998858640061e-01 4.077294432260928844e-03 4.077294432260932314e-03 2.883519129461166799e-03
2.374822505655903058e+02 -2.718552414338352719e+03 -6.696069796561219789e+01 0.000000000000000000e+00 0.000000000000000000e+00 5.407244976048275475e-02 4.077294432260928844e-03 4.077294432260932314e-03 2.883526766713997817e-03
1.636841114947310700e+02 -2.413796643424651393e+03 -5.679198838809466565e+01 0.000000000000000000e+00 0.000000000000000000e+00 -3.857833817861688885e-02 4.077294432260928844e-03 4.077294432260932314e-03 2.883433323045120952e-03
-1.214393135613230754e+02 -2.382520912987712109e+03 -5.573939038257199741e+01 0.000000000000000000e+00 0.000000000000000000e+00 -7.652907747890225210e-02 4.077294432260928844e-03 4.077294432260932314e-03 2.883423460164586099e-03
3.731405477448811325e+01 -2.204654995279242939e+03 -5.041426884324130242e+01 0.000000000000000000e+00 0.000000000000000000e+00 -3.454885297411181000e-02 4.077294432260928844e-03 4.077294432260932314e-03 2.883374163919242075e-03
-1.395387591177593549e+02 -2.023576940603668390e+03 -4.564367474589938922e+01 0.000000000000000000e+00 0.000000000000000000e+00 -5.916042807013610627e-02 4.077294432260928844e-03 4.077294432260932314e-03 2.883330338270053816e-03
1.741245006115514684e+02 -1.987112842750112804e+03 -4.478985116646610720e+01 0.000000000000000000e+00 0.000000000000000000e+00 3.419166311060450880e-02 4.077294432260928844e-03 4.077294432260932314e-03 2.883322612556584244e-03
1.928439504564446736e+02 -1.649384474496383518e+03 -3.693005740323260966e+01 0.000000000000000000e+00 0.000000000000000000e+00 -4.795949402261356909e-02 4.077294432260928844e-03 4.077294432260932314e-03 2.883249759280727756e-03
2.616598351067077033e+01 -1.448091561774766660e+03 -3.260879416276556242e+01 0.000000000000000000e+00 0.000000000000000000e+00 -9.290884360479623183e-02 4.077294432260928844e-03 4.077294432260932314e-03 2.883208864601155379e-03
-1.202871637375283740e+02 -1.250405115350681172e+03 -2.926952723395982758e+01 0.000000000000000000e+00 0.000000000000000000e+00 -2.319629606499162833e-02 4.077294432260928844e-03 4.077294432260932314e-03 2.883177994460518062e-03
1.659606786089940442e+02 -1.234015853253025398e+03 -2.911126810433001566e+01 0.000000000000000000e+00 0.000000000000000000e+00 -1.562786569920504576e-02 4.077294432260928844e-03 4.077294432260932314e-03 2.883176762923735353e-03
-1.347266242233566516e+02 -9.291485179334150644e+02 -2.476955212485589186e+01 0.000000000000000000e+00 0.000000000000000000e+00 -1.349409433467840813e-02 4.077294432260928844e-03 4.077294432260932314e-03 2.883136108928522137e-03
1.621895614967515939e+02 -8.885152988879941631e+02 -2.435754975359940389e+01 0.000000000000000000e+00 0.000000000000000000e+00 -1.001063326114781660e-01 4.077294432260928844e-03 4.077294432260932314e-03 2.883132422992617551e-03
4.226891440056548532e+01 -6.812908191345406976e+02 -2.205742988473661370e+01 0.000000000000000000e+00 0.000000000000000000e+00 -5.862340659435005819e-02 4.077294432260928844e-03 4.077294432260932314e-03 2.883110528293967526e-03
-1.171674128639148620e+02 -4.606642394442294517e+02 -2.052703713128192220e+01 0.000000000000000000e+00 0.000000000000000000e+00 -1.260334241487370832e-02 4.077294432260928844e-03 4.077294432260932314e-03 2.883096513422025303e-03
1.968207034050299740e+02 -4.584132539220092895e+02 -2.071486803100832930e+01 0.000000000000000000e+00 0.000000000000000000e+00 -5.152719976279840353e-02 4.077294432260928844e-03 4.077294432260932314e-03 2.883098732707314264e-03
-1.056329408028852583e+02 -1.560841934721458415e+02 -1.929614487198719885e+01 0.000000000000000000e+00 0.000000000000000000e+00 -1.024390259386365187e-01 4.077294432260928844e-03 4.077294432260932314e-03 2.883085030926220427e-03
2.015453133523314193e+02 -1.296518557417250008e+02 -1.948410769385742114e+01 0.000000000000000000e+00 0.000000000000000000e+00 -3.107042572145957138e-02 4.077294432260928844e-03 4.077294432260932314e-03 2.883087321902246935e-03
4.710186186056469637e+01 8.999559187738772437e+01 -1.911970913829381047e+01 0.000000000000000000e+00 0.000000000000000000e+00 -2.027192951026535184e-02 4.077294432260928844e-03 4.077294432260932314e-03 2.883083226961590841e-03
1.816493432804498411e+02 2.856417926882710390e+02 -1.983603104795397698e+01 0.000000000000000000e+00 0.000000000000000000e+00 1.922683499265431806e-02 4.077294432260928844e-03 4.077294432260932314e-03 2.883090386327550724e-03
2.067567995276500596e+02 5.401546597016483702e+02 -2.125292050749094130e+01 0.000000000000000000e+00 0.000000000000000000e+00 3.400192328671280961e-02 4.077294432260928844e-03 4.077294432260932314e-03 2.883103550820684778e-03
-1.421763221205226557e+02 5.952337445862319782e+02 -2.147086290533263053e+01 0.000000000000000000e+00 0.000000000000000000e+00 1.256901407669630544e-02 4.077294432260928844e-03 4.077294432260932314e-03 2.883105146754372499e-03
-1.072615125832926886e+01 7.921232910910705414e+02 -2.304377586170886261e+01 0.000000000000000000e+00 0.000000000000000000e+00 2.432752371047897100e-02 4.077294432260928844e-03 4.077294432260932314e-03 2.883119175318010936e-03
-1.409560784678252503e+02 9.929936161686666765e+02 -2.546651977093289787e+01 0.000000000000000000e+00 0.000000000000000000e+00 2.169000787119301776e-02 4.077294432260928844e-03 4.077294432260932314e-03 2.883141569549161395e-03
1.801182621670092487e+02 9.719367826906403707e+02 -2.530514609803620019e+01 0.000000000000000000e+00 0.000000000000000000e+00 -3.322661422085460003e-02 4.077294432260928844e-03 4.077294432260932314e-03 2.883140313094670164e-03
1.966319118823591623e+02 6.189258461920318268e+02 -2.180056964793733343e+01 0.000000000000000000e+00 0.000000000000000000e+00 -1.207990366333788756e-02 4.077294432260928844e-03 4.077294432260932314e-03 2.883108487193823590e-03
-1.522700298601103270e+02 1.305276615788935487e+03 -3.000338479056316743e+01 0.000000000000000000e+00 0.000000000000000000e+00 -2.678072321359081798e-03 4.077294432260928844e-03 4.077294432260932314e-03 2.883182697002471991e-03
-8.164244172543954292e+00 1.538760673996280957e+03 -3.397055908305259919e+01 0.000000000000000000e+00 0.000000000000000000e+00 1.272193500425800039e-02 4.077294432260928844e-03 4.077294432260932314e-03 2.883218054834010488e-03
-1.527605691118621110e+02 1.730451143299916112e+03 -3.804887820938030529e+01 0.000000000000000000e+00 0.000000000000000000e+00 -2.327856203912403998e-02 4.077294432260928844e-03 4.077294432260932314e-03 2.883254928403038500e-03
-2.005561117671765032e+02 2.037520015728739054e+03 -4.532859803415768596e+01 0.000000000000000000e+00 0.000000000000000000e+00 -3.178772922410644242e-03 4.077294432260928844e-03 4.077294432260932314e-03 2.883319933143678720e-03
1.671798479611251480e+02 2.046000316787582051e+03 -4.544647611952382249e+01 0.000000000000000000e+00 0.000000000000000000e+00 -2.400117618097397099e-02 4.077294432260928844e-03 4.077294432260932314e-03 2.883320814271199926e-03
4.180696628406506221e+01 2.322216120476718061e+03 -5.264230647810010311e+01 0.000000000000000000e+00 0.000000000000000000e+00 1.085397684462918733e-03 4.077294432260928844e-03 4.077294432260932314e-03 2.883384037180686168e-03
-1.563596129415130349e+02 2.489319062000506619e+03 -5.771849509359750385e+01 0.000000000000000000e+00 0.000000000000000000e+00 3.570457909338387026e-02 4.077294432260928844e-03 4.077294432260932314e-03 2.883428880100933483e-03
2.101701181400667622e+02 2.473058920892398419e+03 -5.737911317536475053e+01 0.000000000000000000e+00 0.000000000000000000e+00 1.034103977801947849e-02 4.077294432260928844e-03 4.077294432260932314e-03 2.883426137286604091e-03
-5.687812004983497900e+02 2.112685606977300267e+03 -4.943979147469249824e+01 0.000000000000000000e+00 0.000000000000000000e+00 2.243637771414341842e-02 4.077294432260928844e-03 4.077294432260932314e-03 2.883360001803885776e-03
-6.746821670357932135e+02 2.281654643562410911e+03 -5.499650382303765639e+01 0.000000000000000000e+00 0.000000000000000000e+00 4.973634383262748315e-02 4.077294432260928844e-03 4.077294432260932314e-03 2.883410375671178073e-03
-8.532917391149979949e+02 2.461649499113454112e+03 -6.228260244529051448e+01 0.000000000000000000e+00 0.000000000000000000e+00 1.671241415047575174e-02 4.077294432260928844e-03 4.077294432260932314e-03 2.883477060093086932e-03
-8.709317512236797256e+02 2.112805930610778432e+03 -5.280480426140475458e+01 0.000000000000000000e+00 0.000000000000000000e+00 -1.013767735135928660e-02 4.077294432260928844e-03 4.077294432260932314e-03 2.883395381519781881e-03
-5.588241482990300710e+02 1.784175334141741132e+03 -4.147252450695745551e+01 0.000000000000000000e+00 0.000000000000000000e+00 2.971373962679280112e-02 4.077294432260928844e-03 4.077294432260932314e-03 2.883289577028093527e-03
-7.581846902936322294e+02 1.592885896824879637e+03 -3.952333418420336386e+01 0.000000000000000000e+00 0.000000000000000000e+00 4.837349572945015552e-03 4.077294432260928844e-03 4.077294432260932314e-03 2.883276326355180014e-03
-5.467297397244861941e+02 1.334381442462384939e+03 -3.265386308215408917e+01 0.000000000000000000e+00 0.000000000000000000e+00 -2.852803716483265362e-02 4.077294432260928844e-03 4.077294432260932314e-03 2.883210904508462687e-03
-5.110400494132723566e+02 1.031633678555695724e+03 -2.786839498393666759e+01 0.000000000000000000e+00 0.000000000000000000e+00 1.078122009959301408e-01 4.077294432260928844e-03 4.077294432260932314e-03 2.883167349042811863e-03
-8.464007352026657145e+02 9.646430780321900329e+02 -3.062569166284472288e+01 0.000000000000000000e+00 0.000000000000000000e+00 -3.479668403984348402e-02 4.077294432260928844e-03 4.077294432260932314e-03 2.883199990888501377e-03
-7.274199443346420821e+02 8.457762789925727702e+02 -2.779443622248427204e+01 0.000000000000000000e+00 0.000000000000000000e+00 -5.117567481373086480e-02 4.077294432260928844e-03 4.077294432260932314e-03 2.883171402192033494e-03
-8.384391333213374082e+02 5.834158461900228758e+02 -2.681315716730120258e+01 0.000000000000000000e+00 0.000000000000000000e+00 -8.114746046263832113e-03 4.077294432260928844e-03 4.077294432260932314e-03 2.883165964920253541e-03
-8.685016500032688782e+02 2.769419382759772361e+02 -2.556231578114852709e+01 0.000000000000000000e+00 0.000000000000000000e+00 -6.456826222134282034e-03 4.077294432260928844e-03 4.077294432260932314e-03 2.883156059588568021e-03
-5.360180484229842932e+02 2.493112120452130966e+02 -2.174511666717580027e+01 0.000000000000000000e+00 0.000000000000000000e+00 -2.771769689945813298e-02 4.077294432260928844e-03 4.077294432260932314e-03 2.883112585072989363e-03
-5.185817444105423419e+02 -1.471502545514195219e+02 -2.134709880552898653e+01 0.000000000000000000e+00 0.000000000000000000e+00 -2.380971238345352958e-03 4.077294432260928844e-03 4.077294432260932314e-03 2.883108835562237567e-03
-8.739038389369566175e+02 -4.736788868519392963e+02 -2.662563198465512215e+01 0.000000000000000000e+00 0.000000000000000000e+00 -9.902431798709088184e-02 4.077294432260928844e-03 4.077294432260932314e-03 2.883167219989540321e-03
-5.270598791445079314e+02 -4.888720971783741334e+02 -2.282264341574822808e+01 0.000000000000000000e+00 0.000000000000000000e+00 -2.384177401773612814e-02 4.077294432260928844e-03 4.077294432260932314e-03 2.883122836991194784e-03
-6.987322961960935572e+02 -6.524664550488607802e+02 -2.571913427842262578e+01 0.000000000000000000e+00 0.000000000000000000e+00 4.351353622773501684e-04 4.077294432260928844e-03 4.077294432260932314e-03 2.883153767934155346e-03
-8.351191633365634743e+02 -9.514386423567281099e+02 -3.049720826087060033e+01 0.000000000000000000e+00 0.000000000000000000e+00 -3.263828453457406908e-02 4.077294432260928844e-03 4.077294432260932314e-03 2.883202162218228507e-03
-8.788808503707118689e+02 -1.216368474469038802e+03 -3.480818175651831581e+01 0.000000000000000000e+00 0.000000000000000000e+00 -3.702808763525666791e-02 4.077294432260928844e-03 4.077294432260932314e-03 2.883243551530544069e-03
-6.858918285941572321e+02 -1.395112845330181926e+03 -3.540377260724440589e+01 0.000000000000000000e+00 0.000000000000000000e+00 -5.398937565856698484e-02 4.077294432260928844e-03 4.077294432260932314e-03 2.883243478562257708e-03
-5.396799767847252269e+02 -1.647426577468589130e+03 -3.892293491671976824e+01 0.000000000000000000e+00 0.000000000000000000e+00 -3.762301356361774651e-02 4.077294432260928844e-03 4.077294432260932314e-03 2.883272825647003549e-03
-8.469755812134113739e+02 -1.655026745497549427e+03 -4.248888137574374468e+01 0.000000000000000000e+00 0.000000000000000000e+00 -5.148532695636021117e-02 4.077294432260928844e-03 4.077294432260932314e-03 2.883313439917799433e-03
-5.364201063854352469e+02 -1.992482862971948180e+03 -4.697883563918821181e+01 0.000000000000000000e+00 0.000000000000000000e+00 -2.987608409516440133e-02 4.077294432260928844e-03 4.077294432260932314e-03 2.883347235530869627e-03
-5.340946834179807183e+02 -2.400068700566858752e+03 -5.841281231552984821e+01 0.000000000000000000e+00 0.000000000000000000e+00 -1.657825574367279842e-01 4.077294432260928844e-03 4.077294432260932314e-03 2.883452171713356531e-03
-8.405596644496509953e+02 -2.736610699482511336e+03 -7.266301187447078291e+01 0.000000000000000000e+00 0.000000000000000000e+00 -8.915505443744109471e-02 4.077294432260928844e-03 4.077294432260932314e-03 2.883587329342167209e-03
-5.282666755503523746e+02 -2.752262600073632257e+03 -6.986814017580753955e+01 0.000000000000000000e+00 0.000000000000000000e+00 -5.807031285777952689e-02 4.077294432260928844e-03 4.077294432260932314e-03 2.883556218794310153e-03
-6.527276677075832367e+02 -2.907416389608785721e+03 -7.653314969395972867e+01 0.000000000000000000e+00 0.000000000000000000e+00 -1.305071152422527803e-01 4.077294432260928844e-03 4.077294432260932314e-03 2.883618146550084253e-03
-5.127302823527837745e+02 -3.153612331632247788e+03 -8.457924928407381060e+01 0.000000000000000000e+00 0.000000000000000000e+00 -2.212659500410438795e-01 4.077294432260928844e-03 4.077294432260932314e-03 2.883687952763791269e-03
-8.558484600878319952e+02 -3.142310417273152780e+03 -8.774727167229549707e+01 0.000000000000000000e+00 0.000000000000000000e+00 -8.985290071187534977e-02 4.077294432260928844e-03 4.077294432260932314e-03 2.883721329820699078e-03
-2.182056317033650885e+03 -2.785304431603603007e+03 -1.053738823416599502e+02 0.000000000000000000e+00 0.000000000000000000e+00 -6.651999369815086993e-02 4.077320772711830882e-03 4.077320772711832617e-03 2.883944731502070119e-03
-1.836112126416751607e+03 -2.760778772971585113e+03 -9.402149397516986085e+01 0.000000000000000000e+00 0.000000000000000000e+00 3.787138330167749700e-03 4.077320772711830882e-03 4.077320772711832617e-03 2.883830073716237528e-03
-1.820954708699877756e+03 -3.170930697226418488e+03 -1.084362845558880366e+02 0.000000000000000000e+00 0.000000000000000000e+00 1.035524044814764011e-01 4.077320772711830882e-03 4.077320772711832617e-03 2.883946766084810251e-03
-1.525062477728668682e+03 -3.140456928549551776e+03 -9.981574048413006039e+01 0.000000000000000000e+00 0.000000000000000000e+00 -3.614582352895467920e-03 4.077320772711830882e-03 4.077320772711832617e-03 2.883862941134895767e-03
-1.513670061144487136e+03 -2.786981511144326760e+03 -8.665936205023378136e+01 0.000000000000000000e+00 0.000000000000000000e+00 7.918754681564621478e-02 4.077320772711830882e-03 4.077320772711832617e-03 2.883751449517815268e-03
-1.321719693500826679e+03 -2.895530937474770781e+03 -8.630490365544112308e+01 0.000000000000000000e+00 0.000000000000000000e+00 6.240952003339828025e-02 4.077320772711830882e-03 4.077320772711832617e-03 2.883740494423493554e-03
-1.174702974761148653e+03 -2.734909807857457508e+03 -7.783781302154326909e+01 0.000000000000000000e+00 0.000000000000000000e+00 1.440877132233993052e-01 4.077320772711830882e-03 4.077320772711832617e-03 2.883661530499979486e-03
-1.147656531634718249e+03 -3.148712376190981104e+03 -9.246918537106070346e+01 0.000000000000000000e+00 0.000000000000000000e+00 1.383438895422273163e-01 4.077320772711830882e-03 4.077320772711832617e-03 2.883787978116812006e-03
-1.504691742587895988e+03 -2.460005123494740474e+03 -7.574605832790784632e+01 0.000000000000000000e+00 0.000000000000000000e+00 5.728407968611293200e-02 4.077320772711830882e-03 4.077320772711832617e-03 2.883657041307702892e-03
-1.329691776489261201e+03 -2.215056629783447988e+03 -6.465332270822361238e+01 0.000000000000000000e+00 0.000000000000000000e+00 6.544776214204262033e-02 4.077320772711830882e-03 4.077320772711832617e-03 2.883551233697383316e-03
-1.145230656530415217e+03 -2.050534507306508203e+03 -5.659853208033452177e+01 0.000000000000000000e+00 0.000000000000000000e+00 1.055097184840292357e-02 4.077320772711830882e-03 4.077320772711832617e-03 2.883471245673089375e-03
-1.517264816438052776e+03 -2.054530136794716782e+03 -6.449432910958032039e+01 0.000000000000000000e+00 0.000000000000000000e+00 5.826711677070761652e-02 4.077320772711830882e-03 4.077320772711832617e-03 2.883559139248017145e-03
-1.790380556604487538e+03 -2.051737682011172637e+03 -7.147781291404241699e+01 0.000000000000000000e+00 0.000000000000000000e+00 9.804047599698151316e-02 4.077320772711830882e-03 4.077320772711832617e-03 2.883636483131562719e-03
-1.813329545594107685e+03 -2.406684774003746497e+03 -8.204498243470141006e+01 0.000000000000000000e+00 0.000000000000000000e+00 1.054171560676024910e-01 4.077320772711830882e-03 4.077320772711832617e-03 2.883728424432667296e-03
-2.154278896960770908e+03 -2.417494401563938027e+03 -9.274181641774843854e+01 0.000000000000000000e+00 0.000000000000000000e+00 9.087879867185222338e-02 4.077320772711830882e-03 4.077320772711832617e-03 2.883841427083134318e-03
-2.164632182446712250e+03 -2.062321922440109574e+03 -8.320798515334659839e+01 0.000000000000000000e+00 0.000000000000000000e+00 2.780779777235409256e-02 4.077320772711830882e-03 4.077320772711832617e-03 2.883763793312434098e-03
-2.446585902132885622e+03 -2.413315174425793430e+03 -1.028176862038137074e+02 0.000000000000000000e+00 0.000000000000000000e+00 5.266083429927448378e-02 4.077320772711830882e-03 4.077320772711832617e-03 2.883947102394393731e-03
-2.854544525830331168e+03 -2.401255786981707388e+03 -1.186368498170808436e+02 0.000000000000000000e+00 0.000000000000000000e+00 7.873845378958321817e-02 4.077320772711830882e-03 4.077320772711832617e-03 2.884109990447649395e-03
-2.697696673203496630e+03 -2.165619773427706150e+03 -1.056250810975287777e+02 0.000000000000000000e+00 0.000000000000000000e+00 1.026820489973516715e-01 4.077320772711830882e-03 4.077320772711832617e-03 2.883994887123600675e-03
-2.820233811779001371e+03 -2.030816330772499668e+03 -1.072560334871572536e+02 0.000000000000000000e+00 0.000000000000000000e+00 -7.101854969509702187e-02 4.077320772711830882e-03 4.077320772711832617e-03 2.884021708712907871e-03
-2.508812286814914842e+03 -2.024107257556865989e+03 -9.454632148383373647e+01 0.000000000000000000e+00 0.000000000000000000e+00 6.868493098295402888e-04 4.077320772711830882e-03 4.077320772711832617e-03 2.883888036360653453e-03
-2.480916969696444994e+03 -1.711036785912757978e+03 -8.622338729237931432e+01 0.000000000000000000e+00 0.000000000000000000e+00 -3.492085958362167730e-02 4.077320772711830882e-03 4.077320772711832617e-03 2.883817826374506475e-03
-2.806327527095138066e+03 -1.678837307549320712e+03 -9.865615491206105503e+01 0.000000000000000000e+00 0.000000000000000000e+00 -3.036316390308968494e-02 4.077320772711830882e-03 4.077320772711832617e-03 2.883953723312637080e-03
-2.682789811567884954e+03 -1.462035408709980175e+03 -8.927110908479167506e+01 0.000000000000000000e+00 0.000000000000000000e+00 -4.201127326022913167e-02 4.077320772711830882e-03 4.077320772711832617e-03 2.883864174859214653e-03
-2.520337719991145150e+03 -1.279240785219160671e+03 -7.964253308156774835e+01 0.000000000000000000e+00 0.000000000000000000e+00 2.846738291594874681e-03 4.077320772711830882e-03 4.077320772711832617e-03 2.883766918459691828e-03
-2.498156581160302267e+03 -9.613181164955113900e+02 -7.427229448676386880e+01 0.000000000000000000e+00 0.000000000000000000e+00 9.406850544877443099e-04 4.077320772711830882e-03 4.077320772711832617e-03 2.883718463271133219e-03
-2.824242958765288677e+03 -9.368301889291437874e+02 -8.731966957440516808e+01 0.000000000000000000e+00 0.000000000000000000e+00 1.742071861630734020e-02 4.077320772711830882e-03 4.077320772711832617e-03 2.883863370461712920e-03
-2.682803961291130690e+03 -7.126497615482537640e+02 -7.899302713404765086e+01 0.000000000000000000e+00 0.000000000000000000e+00 -3.859230059519802580e-02 4.077320772711830882e-03 4.077320772711832617e-03 2.883776753900536404e-03
-2.496551443787843255e+03 -5.429195009872457831e+02 -7.017055338000808717e+01 0.000000000000000000e+00 0.000000000000000000e+00 -1.843435356428813066e-02 4.077320772711830882e-03 4.077320772711832617e-03 2.883681083879672223e-03
-2.833155750352867017e+03 -5.172921158255206819e+02 -8.380816374639672972e+01 0.000000000000000000e+00 0.000000000000000000e+00 2.299318529080096596e-02 4.077320772711830882e-03 4.077320772711832617e-03 2.883832824579719845e-03
-2.845046962196126970e+03 -2.302045791092363345e+02 -8.289822729298707316e+01 0.000000000000000000e+00 0.000000000000000000e+00 2.465806678166870824e-02 4.077320772711830882e-03 4.077320772711832617e-03 2.883823958384106219e-03
-2.533770170419045826e+03 -2.005733094148177997e+02 -6.992757981939799095e+01 0.000000000000000000e+00 0.000000000000000000e+00 -1.190601302883464996e-02 4.077320772711830882e-03 4.077320772711832617e-03 2.883679967488389419e-03
-2.652828898099248363e+03 5.184400881863299304e+01 -7.437079589845741623e+01 0.000000000000000000e+00 0.000000000000000000e+00 -1.765958178057758232e-02 4.077320772711830882e-03 4.077320772711832617e-03 2.883727503637464624e-03
-2.498337099281098290e+03 1.917265089154054181e+02 -6.839436075097384560e+01 0.000000000000000000e+00 0.000000000000000000e+00 -2.171268506216961214e-03 4.077320772711830882e-03 4.077320772711832617e-03 2.883659059431321198e-03
-2.843689538868856289e+03 2.368802139161311686e+02 -8.267182075130932617e+01 0.000000000000000000e+00 0.000000000000000000e+00 -7.301326292873966395e-02 4.077320772711830882e-03 4.077320772711832617e-03 2.883815998463456955e-03
-2.830632868277922626e+03 5.522439257247565365e+02 -8.349688872233312509e+01 0.000000000000000000e+00 0.000000000000000000e+00 -5.587047086009988561e-03 4.077320772711830882e-03 4.077320772711832617e-03 2.883816492773050213e-03
-2.538266327032623849e+03 5.708559675950718884e+02 -7.159553823640513315e+01 0.000000000000000000e+00 0.000000000000000000e+00 1.576402547186717129e-02 4.077320772711830882e-03 4.077320772711832617e-03 2.883685351508656798e-03
-2.661187614259921702e+03 8.102681928720539872e+02 -7.843469509724991440e+01 0.000000000000000000e+00 0.000000000000000000e+00 -7.219776297658597741e-02 4.077320772711830882e-03 4.077320772711832617e-03 2.883751789490015399e-03
-2.528332107925200944e+03 9.688380614095581223e+02 -7.482413470585871096e+01 0.000000000000000000e+00 0.000000000000000000e+00 1.195008369913352908e-02 4.077320772711830882e-03 4.077320772711832617e-03 2.883705827126257105e-03
-2.829776103474613137e+03 9.846652904294356858e+02 -8.731975102058684968e+01 0.000000000000000000e+00 0.000000000000000000e+00 -1.447755137949968685e-02 4.077320772711830882e-03 4.077320772711832617e-03 2.883840509085343687e-03
-2.840521894186773807e+03 1.292471332295969660e+03 -9.188724342097248154e+01 0.000000000000000000e+00 0.000000000000000000e+00 -2.149786976077905365e-02 4.077320772711830882e-03 4.077320772711832617e-03 2.883873395318458863e-03
-2.546688504557661417e+03 1.317544912122440792e+03 -8.026780492377110932e+01 0.000000000000000000e+00 0.000000000000000000e+00 -1.912966634321833226e-03 4.077320772711830882e-03 4.077320772711832617e-03 2.883747708694949820e-03
-2.662778451060291900e+03 1.560619193908829402e+03 -8.899728713744039510e+01 0.000000000000000000e+00 0.000000000000000000e+00 3.138919943688733838e-02 4.077320772711830882e-03 4.077320772711832617e-03 2.883826828730755385e-03
-2.841012059420860169e+03 1.727915480132048515e+03 -9.961569694360414928e+01 0.000000000000000000e+00 0.000000000000000000e+00 7.348375168621146258e-02 4.077320772711830882e-03 4.077320772711832617e-03 2.883927784330942313e-03
-2.551121890021282070e+03 1.714925535662466473e+03 -8.758270095675661082e+01 0.000000000000000000e+00 0.000000000000000000e+00 3.564189720759713964e-02 4.077320772711830882e-03 4.077320772711832617e-03 2.883802342086863157e-03
-2.848827392647811848e+03 2.040911404162807230e+03 -1.068392613396793820e+02 0.000000000000000000e+00 0.000000000000000000e+00 8.827665926460781520e-03 4.077320772711830882e-03 4.077320772711832617e-03 2.883980483070455562e-03
-2.549235182292472018e+03 2.056208232279906042e+03 -9.510907366811487407e+01 0.000000000000000000e+00 0.000000000000000000e+00 -3.173948189025566080e-02 4.077320772711830882e-03 4.077320772711832617e-03 2.883858426922939269e-03
-2.661134362930272800e+03 2.302502075361894185e+03 -1.057677574992905534e+02 0.000000000000000000e+00 0.000000000000000000e+00 5.584584803415282295e-03 4.077320772711830882e-03 4.077320772711832617e-03 2.883950098339702842e-03
-2.848171619406820810e+03 2.465996434629978012e+03 -1.179418121406550313e+02 0.000000000000000000e+00 0.000000000000000000e+00 -2.497912417470615765e-02 4.077320772711830882e-03 4.077320772711832617e-03 2.884060385313769962e-03
-2.541898522783575118e+03 2.491536166271053844e+03 -1.064457873370002261e+02 0.000000000000000000e+00 0.000000000000000000e+00 3.276971492383040641e-02 4.077320772711830882e-03 4.077320772711832617e-03 2.883942958397426107e-03
-1.182647838262181040e+03 -1.670607518643448884e+03 -4.824325225308659526e+01 0.000000000000000000e+00 0.000000000000000000e+00 6.497049451999004077e-02 4.077320772711830882e-03 4.077320772711832617e-03 2.883397085169157100e-03
-1.492186186442449070e+03 -1.697723041657305657e+03 -5.538019788155495604e+01 0.000000000000000000e+00 0.000000000000000000e+00 1.780985752838617486e-01 4.077320772711830882e-03 4.077320772711832617e-03 2.883476694547513521e-03
-1.379667590357205427e+03 -1.436369278840565812e+03 -4.757886158687071543e+01 0.000000000000000000e+00 0.000000000000000000e+00 5.127302890820573111e-02 4.077320772711830882e-03 4.077320772711832617e-03 2.883400327229567600e-03
-1.194287444109247872e+03 -1.257649032115763930e+03 -4.068900950224138313e+01 0.000000000000000000e+00 0.000000000000000000e+00 -9.760076935521055930e-04 4.077320772711830882e-03 4.077320772711832617e-03 2.883328537310866479e-03
-1.807729270312133394e+03 -1.649407133610397750e+03 -6.253730146425628789e+01 0.000000000000000000e+00 0.000000000000000000e+00 3.607985414056003037e-02 4.077320772711830882e-03 4.077320772711832617e-03 2.883559655815427520e-03
-2.183523432283165221e+03 -1.661730125853513982e+03 -7.448624877199206651e+01 0.000000000000000000e+00 0.000000000000000000e+00 -1.387523033538684558e-02 4.077320772711830882e-03 4.077320772711832617e-03 2.883691942661378502e-03
-2.050890626953131232e+03 -1.443833684487399978e+03 -6.583587546992319517e+01 0.000000000000000000e+00 0.000000000000000000e+00 9.809317777751402900e-04 4.077320772711830882e-03 4.077320772711832617e-03 2.883606414716836323e-03
-1.866526170043122193e+03 -1.270702128414623530e+03 -5.718406577888197262e+01 0.000000000000000000e+00 0.000000000000000000e+00 2.262800319624602707e-02 4.077320772711830882e-03 4.077320772711832617e-03 2.883516287088379142e-03
-2.157546014357846616e+03 -1.259409977161205234e+03 -6.616934456182914914e+01 0.000000000000000000e+00 0.000000000000000000e+00 4.301042678534372499e-03 4.077320772711830882e-03 4.077320772711832617e-03 2.883617891524662032e-03
-1.868562973760848990e+03 -9.330587131200539943e+02 -5.247470157285377468e+01 0.000000000000000000e+00 0.000000000000000000e+00 1.872044618017554285e-02 4.077320772711830882e-03 4.077320772711832617e-03 2.883473940864285465e-03
-2.008553220030745933e+03 -7.096079186464864961e+02 -5.437806246548139200e+01 0.000000000000000000e+00 0.000000000000000000e+00 -6.589895513494781198e-02 4.077320772711830882e-03 4.077320772711832617e-03 2.883500680548510553e-03
-1.869995531642611923e+03 -5.086094507706376362e+02 -4.856228644438699149e+01 0.000000000000000000e+00 0.000000000000000000e+00 -2.019162384809902733e-02 4.077320772711830882e-03 4.077320772711832617e-03 2.883437594949122065e-03
-2.160699091606587899e+03 -5.067182303283128704e+02 -5.774838708446726798e+01 0.000000000000000000e+00 0.000000000000000000e+00 6.322795117140600496e-02 4.077320772711830882e-03 4.077320772711832617e-03 2.883541857431357134e-03
-1.557655404911299911e+03 -9.347248680240965086e+02 -4.407716661559023663e+01 0.000000000000000000e+00 0.000000000000000000e+00 3.803161603863713935e-02 4.077320772711830882e-03 4.077320772711832617e-03 2.883377978924648276e-03
-1.200169531469218782e+03 -9.332658808881477626e+02 -3.621786844495805724e+01 0.000000000000000000e+00 0.000000000000000000e+00 5.552101126252750873e-02 4.077320772711830882e-03 4.077320772711832617e-03 2.883287558616267829e-03
-1.353262316237417508e+03 -7.118564274625855433e+02 -3.697993743793255561e+01 0.000000000000000000e+00 0.000000000000000000e+00 4.490663504447667265e-02 4.077320772711830882e-03 4.077320772711832617e-03 2.883301625771332762e-03
-1.528194872826948995e+03 -5.443814594785527561e+02 -3.962312899417611334e+01 0.000000000000000000e+00 0.000000000000000000e+00 1.545704556644977856e-02 4.077320772711830882e-03 4.077320772711832617e-03 2.883334886798521318e-03
-1.813077334871468111e+03 -2.004624820651630444e+02 -4.546765124652641532e+01 0.000000000000000000e+00 0.000000000000000000e+00 6.269504813989357217e-02 4.077320772711830882e-03 4.077320772711832617e-03 2.883404287755889864e-03
-2.170850424972531073e+03 -1.660939209948557789e+02 -5.656578371089467794e+01 0.000000000000000000e+00 0.000000000000000000e+00 4.776750771593185618e-02 4.077320772711830882e-03 4.077320772711832617e-03 2.883530006451919762e-03
-2.040647836531111807e+03 4.314435002392890794e+01 -5.206158443530059543e+01 0.000000000000000000e+00 0.000000000000000000e+00 2.089689985398734962e-02 4.077320772711830882e-03 4.077320772711832617e-03 2.883478061630707565e-03
-2.206341830053909234e+03 2.015856146871972499e+02 -5.775761192094643093e+01 0.000000000000000000e+00 0.000000000000000000e+00 4.548284035237770695e-02 4.077320772711830882e-03 4.077320772711832617e-03 2.883540185586106353e-03
-1.566595472675548990e+03 2.348404546858492097e+02 -3.891211122241951159e+01 0.000000000000000000e+00 0.000000000000000000e+00 1.537240663485306413e-02 4.077320772711830882e-03 4.077320772711832617e-03 2.883327223543683329e-03
-1.562546686505421349e+03 -1.500582282376669241e+02 -3.866578805402875219e+01 0.000000000000000000e+00 0.000000000000000000e+00 -2.694034785483978567e-02 4.077320772711830882e-03 4.077320772711832617e-03 2.883326728083581130e-03
-1.197983171549866256e+03 -1.547930372911482380e+02 -3.068272080420125292e+01 0.000000000000000000e+00 0.000000000000000000e+00 4.081457704146629339e-02 4.077320772711830882e-03 4.077320772711832617e-03 2.883235176024756020e-03
-1.362886367403662007e+03 4.637008394389128085e+01 -3.387953784595281093e+01 0.000000000000000000e+00 0.000000000000000000e+00 4.954503827482170664e-02 4.077320772711830882e-03 4.077320772711832617e-03 2.883271536410798776e-03
-1.206390222905616383e+03 2.573792521425729092e+02 -3.107232393263465298e+01 0.000000000000000000e+00 0.000000000000000000e+00 5.777804183458812304e-02 4.077320772711830882e-03 4.077320772711832617e-03 2.883237799607479487e-03
-1.838360910064033760e+03 5.342621691833504656e+02 -4.757923056504267834e+01 0.000000000000000000e+00 0.000000000000000000e+00 4.845253904750279617e-02 4.077320772711830882e-03 4.077320772711832617e-03 2.883419584736332184e-03
-2.174264232623438147e+03 5.738692225635727482e+02 -5.835496693945530211e+01 0.000000000000000000e+00 0.000000000000000000e+00 3.235746146489049124e-02 4.077320772711830882e-03 4.077320772711832617e-03 2.883538789055251420e-03
-2.045020106795617721e+03 7.850077493220504721e+02 -5.584175166172151705e+01 0.000000000000000000e+00 0.000000000000000000e+00 3.481976843609402295e-02 4.077320772711830882e-03 4.077320772711832617e-03 2.883504518926579500e-03
-1.843995120848783017e+03 9.593782964085839922e+02 -5.160735330500991580e+01 0.000000000000000000e+00 0.000000000000000000e+00 1.022234089849405336e-02 4.077320772711830882e-03 4.077320772711832617e-03 2.883451732737549005e-03
-2.180790540479848914e+03 1.005153484837516203e+03 -6.266424695371617304e+01 0.000000000000000000e+00 0.000000000000000000e+00 2.182508020745643762e-02 4.077320772711830882e-03 4.077320772711832617e-03 2.883571555327767849e-03
-1.557457890139682831e+03 5.953424959145116873e+02 -4.051444277151859552e+01 0.000000000000000000e+00 0.000000000000000000e+00 7.659779434982993962e-02 4.077320772711830882e-03 4.077320772711832617e-03 2.883338915950661718e-03
-1.193879370977442022e+03 5.938646555650407208e+02 -3.261420166001646948e+01 0.000000000000000000e+00 0.000000000000000000e+00 -2.320289229484728821e-02 4.077320772711830882e-03 4.077320772711832617e-03 2.883249990561354784e-03
-1.369703527088077408e+03 7.906510195851465141e+02 -3.786275381618278857e+01 0.000000000000000000e+00 0.000000000000000000e+00 -4.654288266820572062e-03 4.077320772711830882e-03 4.077320772711832617e-03 2.883304291154854294e-03
-1.855598813608374712e+03 1.294501650041218682e+03 -5.654253985210453948e+01 0.000000000000000000e+00 0.000000000000000000e+00 -5.679965315579238450e-03 4.077320772711830882e-03 4.077320772711832617e-03 2.883492442601377510e-03
-2.182744206879768626e+03 1.320795742891018790e+03 -6.715015411119239275e+01 0.000000000000000000e+00 0.000000000000000000e+00 2.330098668875280055e-02 4.077320772711830882e-03 4.077320772711832617e-03 2.883606268368671833e-03
-2.055218559058902883e+03 1.555663209365364082e+03 -6.706850600522884065e+01 0.000000000000000000e+00 0.000000000000000000e+00 7.102847524583921768e-02 4.077320772711830882e-03 4.077320772711832617e-03 2.883593552600565834e-03
-1.863690969264947853e+03 1.716991538123119199e+03 -6.449301421416475932e+01 0.000000000000000000e+00 0.000000000000000000e+00 3.772764040382980966e-02 4.077320772711830882e-03 4.077320772711832617e-03 2.883557598593408482e-03
-1.576870253920236564e+03 1.341041584003859953e+03 -4.986848401498284034e+01 0.000000000000000000e+00 0.000000000000000000e+00 3.693527757872061557e-02 4.077320772711830882e-03 4.077320772711832617e-03 2.883417756349587226e-03
-1.216402420857234574e+03 1.323161904119662722e+03 -4.172536642201342261e+01 0.000000000000000000e+00 0.000000000000000000e+00 3.119299213869197729e-02 4.077320772711830882e-03 4.077320772711832617e-03 2.883329495314149084e-03
-1.375788961966263969e+03 1.543364920499275058e+03 -4.883400097051302424e+01 0.000000000000000000e+00 0.000000000000000000e+00 -3.860590753767212391e-03 4.077320772711830882e-03 4.077320772711832617e-03 2.883397840583986314e-03
-1.216714381669209843e+03 1.751576144175859554e+03 -4.984262339490786076e+01 0.000000000000000000e+00 0.000000000000000000e+00 4.240785227111132372e-03 4.077320772711830882e-03 4.077320772711832617e-03 2.883399377902997555e-03
-1.184232382479692205e+03 2.028319736316966328e+03 -5.563656741165696928e+01 0.000000000000000000e+00 0.000000000000000000e+00 -7.703724936419575897e-03 4.077320772711830882e-03 4.077320772711832617e-03 2.883447858949837826e-03
-1.551782602205969624e+03 2.046914584719693494e+03 -6.383056798711977819e+01 0.000000000000000000e+00 0.000000000000000000e+00 4.562586182417049940e-02 4.077320772711830882e-03 4.077320772711832617e-03 2.883533104517405771e-03
-1.317137729013770468e+03 2.327957427909281705e+03 -6.611165476853176415e+01 0.000000000000000000e+00 0.000000000000000000e+00 3.830469223056809369e-02 4.077320772711830882e-03 4.077320772711832617e-03 2.883541937949915968e-03
-1.210356796576270654e+03 2.479426932718718490e+03 -6.844532977705674170e+01 0.000000000000000000e+00 0.000000000000000000e+00 -1.360272192033562533e-02 4.077320772711830882e-03 4.077320772711832617e-03 2.883557965558839614e-03
-1.842185187231511463e+03 2.094670100487631316e+03 -7.256048390249999613e+01 0.000000000000000000e+00 0.000000000000000000e+00 3.857391956226763341e-02 4.077320772711830882e-03 4.077320772711832617e-03 2.883621804909977052e-03
-2.205722534708888816e+03 2.090603667827198024e+03 -8.363772965718521846e+01 0.000000000000000000e+00 0.000000000000000000e+00 3.598531324558962297e-02 4.077320772711830882e-03 4.077320772711832617e-03 2.883737314757584512e-03
-2.057701337163043718e+03 2.292173875253475217e+03 -8.412125217015618261e+01 0.000000000000000000e+00 0.000000000000000000e+00 6.574031446571382276e-02 4.077320772711830882e-03 4.077320772711832617e-03 2.883729572201298302e-03
-2.205982533744423563e+03 2.442531570901630403e+03 -9.310503078302690483e+01 0.000000000000000000e+00 0.000000000000000000e+00 6.582194465863722144e-02 4.077320772711830882e-03 4.077320772711832617e-03 2.883811554320739497e-03
-1.866340002591099164e+03 2.455792282036209599e+03 -8.307094825237143709e+01 0.000000000000000000e+00 0.000000000000000000e+00 -6.564036103327453020e-03 4.077320772711830882e-03 4.077320772711832617e-03 2.883708658335096525e-03
