# x y z x_res y_res z_res x_res_err y_res_err z_res_err
-2.201819937591326834e+03 2.826843474173715094e+03 -1.048794378752005088e+02 0.000000000000000000e+00 0.000000000000000000e+00 -1.289230605132587471e-01 4.077524000249545082e-03 4.077524000249546816e-03 2.884047109027881167e-03
-2.214274947724544745e+03 3.175059589526797481e+03 -1.174697340000402477e+02 0.000000000000000000e+00 0.000000000000000000e+00 -7.144196934869739835e-02 4.077524000249545082e-03 4.077524000249546816e-03 2.884145901205098679e-03
-2.038963447621420300e+03 3.037324414175800030e+03 -1.069723547731263977e+02 0.000000000000000000e+00 0.000000000000000000e+00 -9.620781405544676090e-02 4.077524000249545082e-03 4.077524000249546816e-03 2.884053533882078441e-03
-1.835788166412034570e+03 2.851839186462640555e+03 -9.468571299554037068e+01 0.000000000000000000e+00 0.000000000000000000e+00 -5.182650000389799061e-02 4.077524000249545082e-03 4.077524000249546816e-03 2.883944631718587427e-03
-1.844362992861584189e+03 3.197101303140151686e+03 -1.071924800260446631e+02 0.000000000000000000e+00 0.000000000000000000e+00 -3.238238841336738005e-02 4.077524000249545082e-03 4.077524000249546816e-03 2.884045580257530838e-03
-1.852214804015728532e+03 2.780687504276879736e+03 -9.277193412704151854e+01 0.000000000000000000e+00 0.000000000000000000e+00 -1.847710105309374740e-02 4.077604613439015160e-03 4.077604613439016028e-03 2.883987049551218346e-03
-2.065464453799248986e+03 3.029428203307938929e+03 -1.074992977963354548e+02 0.000000000000000000e+00 0.000000000000000000e+00 -2.406915260247899369e-02 4.077604613439015160e-03 4.077604613439016028e-03 2.884116202978053139e-03
-2.195697946544651586e+03 3.197866355290166666e+03 -1.177097509971208353e+02 0.000000000000000000e+00 0.000000000000000000e+00 -1.059036930698198375e-02 4.077604613439015160e-03 4.077604613439016028e-03 2.884203673305284037e-03
-1.879254917531023239e+03 3.209611098086067159e+03 -1.086239208629348241e+02 0.000000000000000000e+00 0.000000000000000000e+00 3.019252189371002260e-02 4.077604613439015160e-03 4.077604613439016028e-03 2.884115615503970304e-03
-1.537645331964869683e+03 2.845858840219998001e+03 -8.693495098548936539e+01 0.000000000000000000e+00 0.000000000000000000e+00 -3.668213448112567221e-02 4.077524000249545082e-03 4.077524000249546816e-03 2.883868081755031065e-03
-1.373207423670490016e+03 3.045185376006624665e+03 -9.030422105189717286e+01 0.000000000000000000e+00 0.000000000000000000e+00 -7.679330295954400754e-02 4.077524000249545082e-03 4.077524000249546816e-03 2.883890227673470853e-03
-1.180846204340870599e+03 3.215161425827694984e+03 -9.292072344152900598e+01 0.000000000000000000e+00 0.000000000000000000e+00 3.561212106887978734e-03 4.077524000249545082e-03 4.077524000249546816e-03 2.883906793149581052e-03
-1.168053938450500709e+03 2.861868877670291567e+03 -7.993820939042703344e+01 0.000000000000000000e+00 0.000000000000000000e+00 -3.724211226422369236e-02 4.077524000249545082e-03 4.077524000249546816e-03 2.883797611623434634e-03
-9.108621837439275168e+02 2.831207220141168818e+03 -7.484614747359347575e+01 0.000000000000000000e+00 0.000000000000000000e+00 -1.755396758815663816e-02 4.077524000249545082e-03 4.077524000249546816e-03 2.883748388603101735e-03
-7.204076320848440673e+02 3.107927023877494776e+03 -8.232178085423925040e+01 0.000000000000000000e+00 0.000000000000000000e+00 -2.609494441941251353e-03 4.077524000249545082e-03 4.077524000249546816e-03 2.883808911100798397e-03
-5.220615142562653546e+02 3.224381386950099568e+03 -8.485689841402684408e+01 0.000000000000000000e+00 0.000000000000000000e+00 -1.907621753697696931e-02 4.077524000249545082e-03 4.077524000249546816e-03 2.883828273852245307e-03
-5.073817844776708625e+02 2.865276964634488650e+03 -7.166836660456009156e+01 0.000000000000000000e+00 0.000000000000000000e+00 3.214213498058882124e-02 4.077524000249545082e-03 4.077524000249546816e-03 2.883715009368325796e-03
-1.782507731656274075e+02 3.229312567361164383e+03 -8.323466337461826470e+01 0.000000000000000000e+00 0.000000000000000000e+00 -1.640571230355192256e-02 4.077524000249545082e-03 4.077524000249546816e-03 2.883812332004923908e-03
6.939791286624041877e-01 3.095087830199865948e+03 -7.792948544763454777e+01 0.000000000000000000e+00 0.000000000000000000e+00 2.602755947086166088e-02 4.077524000249545082e-03 4.077524000249546816e-03 2.883766478063730376e-03
1.669173360355967475e+02 3.216294612011206027e+03 -8.270543850645768202e+01 0.000000000000000000e+00 0.000000000000000000e+00 2.594100729157844398e-02 4.077524000249545082e-03 4.077524000249546816e-03 2.883807761867361683e-03
1.909468034213752787e+02 2.859459335704011210e+03 -6.978850426896597980e+01 0.000000000000000000e+00 0.000000000000000000e+00 3.080008032776504479e-02 4.077524000249545082e-03 4.077524000249546816e-03 2.883696505006731574e-03
4.277472581731817627e+02 2.838776198751850188e+03 -7.019330433071228015e+01 0.000000000000000000e+00 0.000000000000000000e+00 -2.451320451714877890e-02 4.077524000249545082e-03 4.077524000249546816e-03 2.883701504824694867e-03
6.154359628663771673e+02 3.038308435612977064e+03 -7.870984620546168742e+01 0.000000000000000000e+00 0.000000000000000000e+00 2.351785192425381865e-02 4.077524000249545082e-03 4.077524000249546816e-03 2.883776721172195967e-03
6.650528424712283595e+02 3.008309682425813662e+03 -7.810567544907087267e+01 0.000000000000000000e+00 0.000000000000000000e+00 -1.058510812784163591e-02 4.077524000249545082e-03 4.077524000249546816e-03 2.883772172327938102e-03
4.675592610143294792e+02 3.277494272705688218e+03 -8.650416980563093716e+01 0.000000000000000000e+00 0.000000000000000000e+00 2.590377221326889412e-02 4.077524000249545082e-03 4.077524000249546816e-03 2.883841860536085367e-03
8.361628228958132922e+02 3.267712775958262682e+03 -8.973021370065697511e+01 0.000000000000000000e+00 0.000000000000000000e+00 5.400961550600413830e-02 4.077524000249545082e-03 4.077524000249546816e-03 2.883873426923730648e-03
8.596388121322853522e+02 2.778008471493992602e+03 -7.236684054775292907e+01 0.000000000000000000e+00 0.000000000000000000e+00 -1.429924544164862255e-02 4.077524000249545082e-03 4.077524000249546816e-03 2.883726194745861882e-03
1.129731275370994126e+03 2.850946697411485275e+03 -7.889971111409589355e+01 0.000000000000000000e+00 0.000000000000000000e+00 7.884584420054352449e-03 4.077524000249545082e-03 4.077524000249546816e-03 2.883787836617250373e-03
1.141844467410245215e+03 2.811819625591288514e+03 -7.778300978324109849e+01 0.000000000000000000e+00 0.000000000000000000e+00 -5.301698364462481550e-02 4.077524000249545082e-03 4.077524000249546816e-03 2.883778723986184407e-03
1.339936661982194437e+03 3.049260704621165587e+03 -8.977414591284966150e+01 0.000000000000000000e+00 0.000000000000000000e+00 -6.361005126963448220e-02 4.077524000249545082e-03 4.077524000249546816e-03 2.883884814968385064e-03
1.538951183728093156e+03 2.811260115921541001e+03 -8.580213057298705337e+01 0.000000000000000000e+00 0.000000000000000000e+00 -7.397470509204140399e-02 4.077524000249545082e-03 4.077524000249546816e-03 2.883858783742821071e-03
1.547201146045006453e+03 3.293939895094126314e+03 -1.033930108119991473e+02 0.000000000000000000e+00 0.000000000000000000e+00 -1.717573278347117594e-02 4.077524000249545082e-03 4.077524000249546816e-03 2.884003458450171056e-03
1.765494443479846268e+03 3.305898991009809833e+03 -1.092181561470294184e+02 0.000000000000000000e+00 0.000000000000000000e+00 -3.547169111568848621e-02 4.077524000249545082e-03 4.077524000249546816e-03 2.884058512737818891e-03
1.779072273368107290e+03 2.808422384688470174e+03 -9.169660781355716495e+01 0.000000000000000000e+00 0.000000000000000000e+00 -9.915910284533424601e-03 4.077524000249545082e-03 4.077524000249546816e-03 2.883917628659160484e-03
1.976644923367728552e+03 3.074238597858428420e+03 -1.064348623557191189e+02 0.000000000000000000e+00 0.000000000000000000e+00 -3.665416478357030883e-02 4.077524000249545082e-03 4.077524000249546816e-03 2.884045919740354201e-03
2.195208368629273536e+03 2.842204328934070418e+03 -1.051731796037424118e+02 0.000000000000000000e+00 0.000000000000000000e+00 -4.555294279802524215e-02 4.077524000249545082e-03 4.077524000249546816e-03 2.884048957097159506e-03
2.459981582076316499e+03 2.534998085883477870e+03 -1.046737996349261266e+02 0.000000000000000000e+00 0.000000000000000000e+00 -1.454765063088814259e-01 4.077524000249545082e-03 4.077524000249546816e-03 2.884065705778875773e-03
2.808372591632868989e+03 2.531094304927107260e+03 -1.181638111291192388e+02 0.000000000000000000e+00 0.000000000000000000e+00 -1.439189114597638763e-02 4.077524000249545082e-03 4.077524000249546816e-03 2.884201160398065355e-03
2.635104950507396552e+03 2.380130603240424080e+03 -1.068649905209052520e+02 0.000000000000000000e+00 0.000000000000000000e+00 9.713592196321485517e-02 4.077524000249545082e-03 4.077524000249546816e-03 2.884099199965653622e-03
2.462842296739994254e+03 2.133247907967591345e+03 -9.375829851312438734e+01 0.000000000000000000e+00 0.000000000000000000e+00 -4.981330852885434979e-03 4.077524000249545082e-03 4.077524000249546816e-03 2.883982946879898920e-03
2.847105996497481556e+03 2.140241691934551000e+03 -1.091858309198196508e+02 0.000000000000000000e+00 0.000000000000000000e+00 -3.794799880135713011e-02 4.077524000249545082e-03 4.077524000249546816e-03 2.884140865966466818e-03
2.191172331920551187e+03 2.133114938584561060e+03 -8.422181994729857024e+01 0.000000000000000000e+00 0.000000000000000000e+00 -4.621626597645445145e-02 4.077524000249545082e-03 4.077524000249546816e-03 2.883884413567678988e-03
1.834813382617929847e+03 2.116467637397993713e+03 -7.290525814283341788e+01 0.000000000000000000e+00 0.000000000000000000e+00 -6.034436226426009853e-02 4.077524000249545082e-03 4.077524000249546816e-03 2.883767872468339082e-03
2.175996769152467550e+03 2.484064216041886993e+03 -9.332739338254077666e+01 0.000000000000000000e+00 0.000000000000000000e+00 -2.379428751045509216e-02 4.077524000249545082e-03 4.077524000249546816e-03 2.883954775515791547e-03
1.856320291310471021e+03 2.499363198620008006e+03 -8.407479327182026907e+01 0.000000000000000000e+00 0.000000000000000000e+00 -2.256176040120294601e-02 4.077524000249545082e-03 4.077524000249546816e-03 2.883859938754579182e-03
1.564261052359922587e+03 2.502899465326636346e+03 -7.661845887364994212e+01 0.000000000000000000e+00 0.000000000000000000e+00 -5.347074183620748045e-02 4.077524000249545082e-03 4.077524000249546816e-03 2.883783869877780490e-03
1.365489008928851490e+03 2.341893299864370874e+03 -6.749585922325201182e+01 0.000000000000000000e+00 0.000000000000000000e+00 -3.929587998524652903e-02 4.077524000249545082e-03 4.077524000249546816e-03 2.883699216118858037e-03
1.504238005690600858e+03 2.130149121154436216e+03 -6.482072976801346442e+01 0.000000000000000000e+00 0.000000000000000000e+00 -8.063614018709586162e-03 4.077524000249545082e-03 4.077524000249546816e-03 2.883682766840540111e-03
1.148400276775669681e+03 2.133565029389231768e+03 -5.766131650312614454e+01 0.000000000000000000e+00 0.000000000000000000e+00 -9.342839026480476150e-03 4.077524000249545082e-03 4.077524000249546816e-03 2.883607687332119009e-03
1.122439314825574002e+03 2.478611518516353499e+03 -6.685572361895513893e+01 0.000000000000000000e+00 0.000000000000000000e+00 -5.356748612555861655e-03 4.077524000249545082e-03 4.077524000249546816e-03 2.883685459621269844e-03
8.860730137671413331e+02 2.528001328091095729e+03 -6.472296100932894092e+01 0.000000000000000000e+00 0.000000000000000000e+00 -7.750883018886156606e-03 4.077524000249545082e-03 4.077524000249546816e-03 2.883661148869642778e-03
6.832118777287497551e+02 2.367410263124190351e+03 -5.751437239482810071e+01 0.000000000000000000e+00 0.000000000000000000e+00 -4.202687606692734335e-02 4.077524000249545082e-03 4.077524000249546816e-03 2.883594804609212331e-03
4.968673958288193262e+02 2.539633285995662391e+03 -6.096124553870112095e+01 0.000000000000000000e+00 0.000000000000000000e+00 -2.682249829234706340e-03 4.077524000249545082e-03 4.077524000249546816e-03 2.883622130603880757e-03
2.831998159201568342e+03 1.777645710383455935e+03 -1.002527557465213590e+02 0.000000000000000000e+00 0.000000000000000000e+00 -1.359332986280037403e-02 4.077526698671312365e-03 4.077526698671314100e-03 2.884076702183996019e-03
2.485839562960261446e+03 1.791118796031669262e+03 -8.667770639899268303e+01 0.000000000000000000e+00 0.000000000000000000e+00 6.265931598093743560e-03 4.077526698671312365e-03 4.077526698671314100e-03 2.883933681475594688e-03
2.654654336610509745e+03 1.621594171471371283e+03 -8.981587844013414212e+01 0.000000000000000000e+00 0.000000000000000000e+00 -5.273653624513485738e-03 4.077526698671312365e-03 4.077526698671314100e-03 2.883977370728169325e-03
2.488862972852287839e+03 1.370042596370326009e+03 -7.888779457346223012e+01 0.000000000000000000e+00 0.000000000000000000e+00 3.211856061582807342e-02 4.077526698671312365e-03 4.077526698671314100e-03 2.883875734437611575e-03
2.834807377274843020e+03 1.358788393904569148e+03 -9.267345977933482004e+01 0.000000000000000000e+00 0.000000000000000000e+00 -9.269208406067264150e-03 4.077526698671312365e-03 4.077526698671314100e-03 2.884023590480168549e-03
2.195081513003462078e+03 1.736516476464535572e+03 -7.519349098977436086e+01 0.000000000000000000e+00 0.000000000000000000e+00 3.210767724601737427e-02 4.077526698671312365e-03 4.077526698671314100e-03 2.883815836426792487e-03
1.848592112165808658e+03 1.742701658149692776e+03 -6.460040061654591170e+01 0.000000000000000000e+00 0.000000000000000000e+00 -5.105622207689464176e-02 4.077526698671312365e-03 4.077526698671314100e-03 2.883703025942060613e-03
2.185762117651971948e+03 1.365776040972713417e+03 -6.797841509302855911e+01 0.000000000000000000e+00 0.000000000000000000e+00 2.841431709728681199e-02 4.077526698671312365e-03 4.077526698671314100e-03 2.883758639665827406e-03
1.849469719921974047e+03 1.336808234172158336e+03 -5.704398439232754470e+01 0.000000000000000000e+00 0.000000000000000000e+00 2.304086824871376393e-02 4.077526698671312365e-03 4.077526698671314100e-03 2.883641647807325733e-03
1.837834681213952308e+03 1.036316442291130443e+03 -5.236725719701019699e+01 0.000000000000000000e+00 0.000000000000000000e+00 -1.336047657911620945e-02 4.077526698671312365e-03 4.077526698671314100e-03 2.883602921758154046e-03
2.170099719582265607e+03 1.030372091361706680e+03 -6.261413888943079087e+01 0.000000000000000000e+00 0.000000000000000000e+00 2.916227567894225103e-02 4.077526698671312365e-03 4.077526698671314100e-03 2.883715613976650140e-03
2.188649344936716261e+03 6.387456898179824520e+02 -5.931193174178665117e+01 0.000000000000000000e+00 0.000000000000000000e+00 5.968800528071227518e-02 4.077526698671312365e-03 4.077526698671314100e-03 2.883693181771222747e-03
2.459986468831456023e+03 1.008190130075896036e+03 -7.267336295896700449e+01 0.000000000000000000e+00 0.000000000000000000e+00 -1.346855104102928635e-02 4.077526698671312365e-03 4.077526698671314100e-03 2.883826343162060324e-03
2.832226219951110124e+03 1.029451704018822966e+03 -8.795268334628380558e+01 0.000000000000000000e+00 0.000000000000000000e+00 -3.013817569758714399e-02 4.077526698671312365e-03 4.077526698671314100e-03 2.883990818588905766e-03
2.675776228415084006e+03 8.841022799949992077e+02 -7.976450587277319926e+01 0.000000000000000000e+00 0.000000000000000000e+00 1.103000394653008698e-02 4.077526698671312365e-03 4.077526698671314100e-03 2.883908858977329934e-03
2.483825414116207412e+03 6.129381005463076235e+02 -6.978277945428311568e+01 0.000000000000000000e+00 0.000000000000000000e+00 -2.131097449962737755e-02 4.077526698671312365e-03 4.077526698671314100e-03 2.883809705633723092e-03
2.824914358498428555e+03 6.035492798805288430e+02 -8.359070349512893472e+01 0.000000000000000000e+00 0.000000000000000000e+00 -1.142927107734692527e-02 4.077526698671312365e-03 4.077526698671314100e-03 2.883961430263037862e-03
2.480489692525414284e+03 2.864236955493565802e+02 -6.795560444455566085e+01 0.000000000000000000e+00 0.000000000000000000e+00 1.701891423354595645e-02 4.077526698671312365e-03 4.077526698671314100e-03 2.883798048523704936e-03
2.842093148804518023e+03 2.762576849496219324e+02 -8.271004278689747480e+01 0.000000000000000000e+00 0.000000000000000000e+00 3.036623850742614650e-02 4.077526698671312365e-03 4.077526698671314100e-03 2.883961205225830243e-03
2.676139578272607196e+03 1.373928902343365905e+02 -7.539442051802501510e+01 0.000000000000000000e+00 0.000000000000000000e+00 5.385877841649744369e-02 4.077526698671312365e-03 4.077526698671314100e-03 2.883883250167157668e-03
2.503397809456062532e+03 -1.196831468652731161e+02 -6.855634996009519000e+01 0.000000000000000000e+00 0.000000000000000000e+00 3.583011952089520946e-02 4.077526698671312365e-03 4.077526698671314100e-03 2.883810002656922097e-03
2.842880069514593288e+03 -1.398363879977104318e+02 -8.256350771743466055e+01 0.000000000000000000e+00 0.000000000000000000e+00 6.656413085133294771e-02 4.077526698671312365e-03 4.077526698671314100e-03 2.883965558707505226e-03
2.223373689648967229e+03 -1.243374556929240669e+02 -5.828042331232806816e+01 0.000000000000000000e+00 0.000000000000000000e+00 7.757028664402554341e-02 4.077526698671312365e-03 4.077526698671314100e-03 2.883694839349556453e-03
2.204090887951401328e+03 2.275668750397121016e+02 -5.774245120362326134e+01 0.000000000000000000e+00 0.000000000000000000e+00 1.497873183661369012e-02 4.077526698671312365e-03 4.077526698671314100e-03 2.883685237486659225e-03
1.869043658183018351e+03 2.626222006137921312e+02 -4.717268121828647054e+01 0.000000000000000000e+00 0.000000000000000000e+00 -8.944954331560950322e-03 4.077526698671312365e-03 4.077526698671314100e-03 2.883565904674955434e-03
2.016500219748732661e+03 1.101296210015783004e+02 -5.134242345039491795e+01 0.000000000000000000e+00 0.000000000000000000e+00 5.338621010808708434e-02 4.077526698671312365e-03 4.077526698671314100e-03 2.883614918867265318e-03
1.838022758017920523e+03 -1.363308606741084645e+02 -4.603596636584593682e+01 0.000000000000000000e+00 0.000000000000000000e+00 2.156384626513130343e-02 4.077526698671312365e-03 4.077526698671314100e-03 2.883556365312425502e-03
2.503586822653593117e+03 -4.573901806153401708e+02 -6.988411648212142779e+01 0.000000000000000000e+00 0.000000000000000000e+00 2.677377640205236276e-02 4.077526698671312365e-03 4.077526698671314100e-03 2.883824366363926285e-03
2.844956497684830538e+03 -4.810963213857716596e+02 -8.408559450049943962e+01 0.000000000000000000e+00 0.000000000000000000e+00 3.752716690854640547e-03 4.077526698671312365e-03 4.077526698671314100e-03 2.883981877163840132e-03
2.676010514478553432e+03 -6.151385690066051666e+02 -7.787988852672540929e+01 0.000000000000000000e+00 0.000000000000000000e+00 7.571292726183287414e-03 4.077526698671312365e-03 4.077526698671314100e-03 2.883911659467028148e-03
2.846898294628982057e+03 -8.851542651316410684e+02 -8.770564193503724937e+01 0.000000000000000000e+00 0.000000000000000000e+00 -4.617320351073317397e-03 4.077526698671312365e-03 4.077526698671314100e-03 2.884014669216537936e-03
2.495834864441897480e+03 -8.735681790894908545e+02 -7.315599332338199190e+01 0.000000000000000000e+00 0.000000000000000000e+00 1.451467263598260615e-02 4.077526698671312365e-03 4.077526698671314100e-03 2.883854015959527468e-03
2.233297199592746438e+03 -5.136924311860096850e+02 -6.028749384820828539e+01 0.000000000000000000e+00 0.000000000000000000e+00 5.455536239712444058e-02 4.077526698671312365e-03 4.077526698671314100e-03 2.883716082516073979e-03
2.228089785789702546e+03 -8.634072660507285946e+02 -6.321606688418712139e+01 0.000000000000000000e+00 0.000000000000000000e+00 5.584977491085396650e-02 4.077526698671312365e-03 4.077526698671314100e-03 2.883742918558957532e-03
2.017471415755989938e+03 -7.034301169220649399e+02 -5.460355984081752467e+01 0.000000000000000000e+00 0.000000000000000000e+00 5.905369808364469009e-02 4.077526698671312365e-03 4.077526698671314100e-03 2.883648986318249671e-03
1.862612104955207542e+03 -8.753536326179546450e+02 -5.162839561037110769e+01 0.000000000000000000e+00 0.000000000000000000e+00 8.829646549621372742e-03 4.077526698671312365e-03 4.077526698671314100e-03 2.883611435892813497e-03
1.826762123749586408e+03 -5.269300895277115160e+02 -4.742603821745597514e+01 0.000000000000000000e+00 0.000000000000000000e+00 2.404849826632471377e-02 4.077526698671312365e-03 4.077526698671314100e-03 2.883570048587398224e-03
2.495496977299525042e+03 -1.201050060358129031e+03 -7.745747239518784966e+01 0.000000000000000000e+00 0.000000000000000000e+00 1.984109698140912315e-02 4.077526698671312365e-03 4.077526698671314100e-03 2.883891501453215295e-03
2.867890166394966855e+03 -1.194686148823971052e+03 -9.266936976149227689e+01 0.000000000000000000e+00 0.000000000000000000e+00 -1.464300490256675857e-02 4.077526698671312365e-03 4.077526698671314100e-03 2.884058716860786985e-03
2.672105399245064291e+03 -1.365625424416497481e+03 -8.712948489379004968e+01 0.000000000000000000e+00 0.000000000000000000e+00 2.447271330611044959e-02 4.077526698671312365e-03 4.077526698671314100e-03 2.883991038731092797e-03
2.864909896183537967e+03 -1.612938643448666426e+03 -9.983180013403965347e+01 0.000000000000000000e+00 0.000000000000000000e+00 6.934260429530070269e-02 4.077526698671312365e-03 4.077526698671314100e-03 2.884115763826399729e-03
2.510676172101859265e+03 -1.614827076906547973e+03 -8.536426140435457910e+01 0.000000000000000000e+00 0.000000000000000000e+00 4.636293623194376323e-02 4.077526698671312365e-03 4.077526698671314100e-03 2.883959422938644785e-03
2.223934251270383356e+03 -1.620389808084317792e+03 -7.501138583467964338e+01 0.000000000000000000e+00 0.000000000000000000e+00 6.801800121294832024e-02 4.077526698671312365e-03 4.077526698671314100e-03 2.883845540778994399e-03
2.230978426726292582e+03 -1.266488916036601040e+03 -6.879290717060982274e+01 0.000000000000000000e+00 0.000000000000000000e+00 3.064736567972659032e-02 4.077526698671312365e-03 4.077526698671314100e-03 2.883792606250439212e-03
2.030973378293470887e+03 -1.370640163304272392e+03 -6.389129042727286389e+01 0.000000000000000000e+00 0.000000000000000000e+00 2.767140447136284820e-02 4.077526698671312365e-03 4.077526698671314100e-03 2.883733456221475398e-03
1.844621231223894256e+03 -1.286174708635619936e+03 -5.679795252672215611e+01 0.000000000000000000e+00 0.000000000000000000e+00 4.234808887933638744e-02 4.077526698671312365e-03 4.077526698671314100e-03 2.883656948902871275e-03
1.867020327245475983e+03 -1.618723688356186813e+03 -6.360655176537110833e+01 0.000000000000000000e+00 0.000000000000000000e+00 2.593818956794535779e-02 4.077526698671312365e-03 4.077526698671314100e-03 2.883718804784215790e-03
2.516404787314109853e+03 -1.957307325558627326e+03 -9.319252665957287718e+01 0.000000000000000000e+00 0.000000000000000000e+00 5.972891700125160241e-02 4.077526698671312365e-03 4.077526698671314100e-03 2.884023639888257280e-03
2.849561837103305152e+03 -1.963854847650757620e+03 -1.068730230021917151e+02 0.000000000000000000e+00 0.000000000000000000e+00 -1.565954680083336825e-02 4.077526698671312365e-03 4.077526698671314100e-03 2.884168084518231711e-03
2.865855627312537763e+03 -2.367044665364779576e+03 -1.181377780325306333e+02 0.000000000000000000e+00 0.000000000000000000e+00 2.262481001577043571e-02 4.077526698671312365e-03 4.077526698671314100e-03 2.884253437777526286e-03
2.525057121576201553e+03 -2.382029610940453495e+03 -1.048419605506028489e+02 0.000000000000000000e+00 0.000000000000000000e+00 2.978936095841788756e-02 4.077526698671312365e-03 4.077526698671314100e-03 2.884116115546439540e-03
2.254425870502648650e+03 -2.001041592409279929e+03 -8.470591876191549829e+01 0.000000000000000000e+00 0.000000000000000000e+00 6.862861030028000187e-02 4.077526698671312365e-03 4.077526698671314100e-03 2.883929551679711382e-03
2.240412374947599346e+03 -2.363862859207541987e+03 -9.404417304664175958e+01 0.000000000000000000e+00 0.000000000000000000e+00 2.555742066833488479e-02 4.077526698671312365e-03 4.077526698671314100e-03 2.884004658475577357e-03
2.044462166280974088e+03 -2.115208068642821218e+03 -8.069052009591371188e+01 0.000000000000000000e+00 0.000000000000000000e+00 -1.211439815719472790e-03 4.077526698671312365e-03 4.077526698671314100e-03 2.883878773738344104e-03
1.881125211089384948e+03 -2.386607719357605220e+03 -8.337493920219702659e+01 0.000000000000000000e+00 0.000000000000000000e+00 4.317773521930234892e-02 4.077526698671312365e-03 4.077526698671314100e-03 2.883889685865377236e-03
1.870268461620513563e+03 -2.709899311862993272e+03 -9.327228827558892021e+01 0.000000000000000000e+00 0.000000000000000000e+00 3.191415044648238108e-02 4.077526698671312365e-03 4.077526698671314100e-03 2.883971576723067236e-03
2.033504373772867893e+03 -2.873951809229937226e+03 -1.037100046969777623e+02 0.000000000000000000e+00 0.000000000000000000e+00 1.440290927758809403e-01 4.077526698671312365e-03 4.077526698671314100e-03 2.884066790871009974e-03
2.235912700728967138e+03 -3.125289832808228311e+03 -1.192382413016922271e+02 0.000000000000000000e+00 0.000000000000000000e+00 -2.454684502660597900e-02 4.077526698671312365e-03 4.077526698671314100e-03 2.884201353800933728e-03
1.870153709337726468e+03 -3.131754441799422693e+03 -1.083052656064015906e+02 0.000000000000000000e+00 0.000000000000000000e+00 -8.225736760931567915e-02 4.077526698671312365e-03 4.077526698671314100e-03 2.884093899382634239e-03
1.170629694665126635e+03 -3.126671585499962475e+03 -9.202411741140683432e+01 0.000000000000000000e+00 0.000000000000000000e+00 2.023059709155461405e-02 4.077564465904062393e-03 4.077564465904064996e-03 2.883957155350619882e-03
1.366811884693959655e+03 -2.885279444554279507e+03 -8.686851650513459333e+01 0.000000000000000000e+00 0.000000000000000000e+00 -5.103271475267945334e-02 4.077564465904062393e-03 4.077564465904064996e-03 2.883919413482363345e-03
1.194094956083114539e+03 -2.723428989006509255e+03 -7.780161438066724600e+01 0.000000000000000000e+00 0.000000000000000000e+00 1.543504143310769905e-02 4.077564465904062393e-03 4.077564465904064996e-03 2.883834237767770366e-03
1.574134020849625358e+03 -2.709510781875073462e+03 -8.545087527588199805e+01 0.000000000000000000e+00 0.000000000000000000e+00 -2.269101989183752721e-02 4.077564465904062393e-03 4.077564465904064996e-03 2.883916353583656101e-03
1.213933338959462390e+03 -2.410004371143477783e+03 -6.805391050128194763e+01 0.000000000000000000e+00 0.000000000000000000e+00 -1.792179554239226036e-02 4.077564465904062393e-03 4.077564465904064996e-03 2.883748890410444375e-03
1.370426087428510073e+03 -2.203450211194868189e+03 -6.519048505893425727e+01 0.000000000000000000e+00 0.000000000000000000e+00 -1.146482870953491329e-02 4.077564465904062393e-03 4.077564465904064996e-03 2.883730227949764247e-03
1.547635052496619210e+03 -2.027857687760554654e+03 -6.453329987606181817e+01 0.000000000000000000e+00 0.000000000000000000e+00 -2.079552306025789221e-02 4.077564465904062393e-03 4.077564465904064996e-03 2.883733490000687898e-03
1.183930419248820726e+03 -2.035597798201942169e+03 -5.692073883716918914e+01 0.000000000000000000e+00 0.000000000000000000e+00 -6.540927825646036808e-02 4.077564465904062393e-03 4.077564465904064996e-03 2.883648056757687466e-03
1.552916898850394546e+03 -1.688039283001245622e+03 -5.662902125223310890e+01 0.000000000000000000e+00 0.000000000000000000e+00 -4.222081594415527661e-02 4.077564465904062393e-03 4.077564465904064996e-03 2.883663620636199836e-03
1.184615277499771764e+03 -1.699396192399233314e+03 -4.890248707094266223e+01 0.000000000000000000e+00 0.000000000000000000e+00 2.465282769450283240e-02 4.077564465904062393e-03 4.077564465904064996e-03 2.883575501809703366e-03
1.168386362214210976e+03 -1.291943240209622218e+03 -4.076458517546129201e+01 0.000000000000000000e+00 0.000000000000000000e+00 -3.339043696044541321e-04 4.077564465904062393e-03 4.077564465904064996e-03 2.883500429534498026e-03
1.494740564804035102e+03 -1.252277436517899332e+03 -4.702300614776387278e+01 0.000000000000000000e+00 0.000000000000000000e+00 1.891191364049404910e-02 4.077564465904062393e-03 4.077564465904064996e-03 2.883573743094883755e-03
1.540977334472433995e+03 -9.487172639683902844e+02 -4.383719977402296308e+01 0.000000000000000000e+00 0.000000000000000000e+00 -2.351071425975703733e-02 4.077564465904062393e-03 4.077564465904064996e-03 2.883547175989228158e-03
1.357439605047463829e+03 -6.859376344115827351e+02 -3.683565700783455554e+01 0.000000000000000000e+00 0.000000000000000000e+00 9.433192971096104884e-02 4.077564465904062393e-03 4.077564465904064996e-03 2.883472799782685596e-03
1.187409708045054003e+03 -5.231647694830238606e+02 -3.211172921656043400e+01 0.000000000000000000e+00 0.000000000000000000e+00 4.002120009729992489e-03 4.077564465904062393e-03 4.077564465904064996e-03 2.883420991619371505e-03
1.500790959002024920e+03 -5.102474234572328555e+02 -3.873029247495506411e+01 0.000000000000000000e+00 0.000000000000000000e+00 6.733631733693812293e-02 4.077564465904062393e-03 4.077564465904064996e-03 2.883497419864341701e-03
1.520010828561919197e+03 -2.000434523028177978e+02 -3.774545005194279668e+01 0.000000000000000000e+00 0.000000000000000000e+00 4.264172844270319729e-02 4.077564465904062393e-03 4.077564465904064996e-03 2.883488461421366417e-03
1.174860896042084505e+03 -1.951187786237996704e+02 -3.033930975282301290e+01 0.000000000000000000e+00 0.000000000000000000e+00 4.107394198747726932e-03 4.077564465904062393e-03 4.077564465904064996e-03 2.883403435535588592e-03
1.359133289112991633e+03 4.811057271768418531e+01 -3.379931071544876886e+01 0.000000000000000000e+00 0.000000000000000000e+00 2.372506442566191254e-02 4.077564465904062393e-03 4.077564465904064996e-03 2.883442937651808577e-03
1.529423845262405393e+03 2.194119731226195711e+02 -3.796125906955835205e+01 0.000000000000000000e+00 0.000000000000000000e+00 4.226232559700093816e-02 4.077564465904062393e-03 4.077564465904064996e-03 2.883488942420115927e-03
1.185592395795778202e+03 2.510202789918917006e+02 -3.065747469945295478e+01 0.000000000000000000e+00 0.000000000000000000e+00 8.403609094742137131e-03 4.077564465904062393e-03 4.077564465904064996e-03 2.883405462153708007e-03
1.547349767513672305e+03 5.711173265883982140e+02 -4.009381205247503743e+01 0.000000000000000000e+00 0.000000000000000000e+00 -6.113065151254204466e-03 4.077564465904062393e-03 4.077564465904064996e-03 2.883507068957742725e-03
1.171698150071723376e+03 5.566812194364090374e+02 -3.193242919706078098e+01 0.000000000000000000e+00 0.000000000000000000e+00 4.453037105582069444e-02 4.077564465904062393e-03 4.077564465904064996e-03 2.883415354777727445e-03
1.345603793486581708e+03 8.030574937359913292e+02 -3.747040526867625942e+01 0.000000000000000000e+00 0.000000000000000000e+00 3.874670506820621085e-02 4.077564465904062393e-03 4.077564465904064996e-03 2.883471896075259864e-03
1.554287650288716350e+03 9.810739951605934266e+02 -4.418132038189529709e+01 0.000000000000000000e+00 0.000000000000000000e+00 -1.500395194009485067e-02 4.077564465904062393e-03 4.077564465904064996e-03 2.883541203030203642e-03
1.204051005716724376e+03 1.010234243981057034e+03 -3.696455489901764224e+01 0.000000000000000000e+00 0.000000000000000000e+00 2.345050767741696518e-02 4.077564465904062393e-03 4.077564465904064996e-03 2.883460197267383868e-03
1.540720146686948510e+03 1.314982221294961164e+03 -4.856725717060192693e+01 0.000000000000000000e+00 0.000000000000000000e+00 6.569644930414852979e-02 4.077564465904062393e-03 4.077564465904064996e-03 2.883576975767592268e-03
1.182388906262748378e+03 1.306845548363199214e+03 -4.082182559669137589e+01 0.000000000000000000e+00 0.000000000000000000e+00 4.934207407463020445e-02 4.077564465904062393e-03 4.077564465904064996e-03 2.883492541283490338e-03
1.323798780321332742e+03 1.538155106410206827e+03 -4.764449664814112850e+01 0.000000000000000000e+00 0.000000000000000000e+00 -1.278998653418739195e-03 4.077564465904062393e-03 4.077564465904064996e-03 2.883557529984025983e-03
1.175229774992535340e+03 1.731464176135147682e+03 -4.864307893523420745e+01 0.000000000000000000e+00 0.000000000000000000e+00 8.823357454267721778e-02 4.077564465904062393e-03 4.077564465904064996e-03 2.883559763818922990e-03
1.488348379362475725e+03 1.755924065974837958e+03 -5.562236275134386432e+01 0.000000000000000000e+00 0.000000000000000000e+00 -1.214465954439702955e-02 4.077564465904062393e-03 4.077564465904064996e-03 2.883633335299270149e-03
8.427090896501460975e+02 1.725376660909288148e+03 -4.329735173196215925e+01 0.000000000000000000e+00 0.000000000000000000e+00 3.353353038419015775e-02 4.077564465904062393e-03 4.077564465904064996e-03 2.883502603596843541e-03
5.138168518811089598e+02 1.742146511236242532e+03 -4.017939148317198317e+01 0.000000000000000000e+00 0.000000000000000000e+00 2.364837202921421522e-02 4.077564465904062393e-03 4.077564465904064996e-03 2.883468359974999604e-03
6.288701684664212053e+02 1.608368876204724074e+03 -3.842881697706725674e+01 0.000000000000000000e+00 0.000000000000000000e+00 -8.439218234840950572e-03 4.077564465904062393e-03 4.077564465904064996e-03 2.883454806460700442e-03
8.253795688115515077e+02 1.345033007961072144e+03 -3.583471761599007266e+01 0.000000000000000000e+00 0.000000000000000000e+00 -7.623996804852595233e-03 4.077564465904062393e-03 4.077564465904064996e-03 2.883436428414342268e-03
8.998608965263359778e+02 1.035364087946335985e+03 -3.224734945114060736e+01 0.000000000000000000e+00 0.000000000000000000e+00 -6.747672001149140897e-02 4.077564465904062393e-03 4.077564465904064996e-03 2.883406978386150992e-03
5.274955865050907278e+02 1.008353050194374759e+03 -2.770492418665590151e+01 0.000000000000000000e+00 0.000000000000000000e+00 -2.650859393867932567e-02 4.077564465904062393e-03 4.077564465904064996e-03 2.883357117957788523e-03
5.089201345722405563e+02 6.042895820692705229e+02 -2.344092286603862263e+01 0.000000000000000000e+00 0.000000000000000000e+00 -3.462391190497626781e-02 4.077564465904062393e-03 4.077564465904064996e-03 2.883318303204668136e-03
8.591665015358610162e+02 6.165411198501079753e+02 -2.734255819745628813e+01 0.000000000000000000e+00 0.000000000000000000e+00 -5.326672968434564837e-02 4.077564465904062393e-03 4.077564465904064996e-03 2.883362285828055226e-03
8.892372705504888017e+02 2.978137933332521925e+02 -2.592786813130059542e+01 0.000000000000000000e+00 0.000000000000000000e+00 -5.337118675797825063e-02 4.077564465904062393e-03 4.077564465904064996e-03 2.883350973758574878e-03
5.149412698250972653e+02 2.740815130142361795e+02 -2.165044703173336771e+01 0.000000000000000000e+00 0.000000000000000000e+00 1.377673854283045785e-02 4.077564465904062393e-03 4.077564465904064996e-03 2.883302239374007508e-03
6.730568946301984852e+02 1.077036467120430814e+02 -2.274987042299423123e+01 0.000000000000000000e+00 0.000000000000000000e+00 -3.113278396784835422e-02 4.077564465904062393e-03 4.077564465904064996e-03 2.883315931905042727e-03
8.645650598185934541e+02 -1.298648588976615486e+02 -2.514748215680171484e+01 0.000000000000000000e+00 0.000000000000000000e+00 -9.501222340095338836e-02 4.077564465904062393e-03 4.077564465904064996e-03 2.883343773659795967e-03
5.127152172914368293e+02 -1.444887623943053825e+02 -2.129355586630087771e+01 0.000000000000000000e+00 0.000000000000000000e+00 1.480876510840900551e-02 4.077564465904062393e-03 4.077564465904064996e-03 2.883299170249769335e-03
8.647728549504114426e+02 -4.532276989284239903e+02 -2.637572853053450217e+01 0.000000000000000000e+00 0.000000000000000000e+00 -2.660427042178170609e-02 4.077564465904062393e-03 4.077564465904064996e-03 2.883355536855058878e-03
5.349846813061840294e+02 -4.872539789434616182e+02 -2.288004620766160357e+01 0.000000000000000000e+00 0.000000000000000000e+00 2.221118156944967836e-02 4.077564465904062393e-03 4.077564465904064996e-03 2.883314473479749868e-03
7.034385577242329646e+02 -6.295443520867767120e+02 -2.558211755790244979e+01 0.000000000000000000e+00 0.000000000000000000e+00 -1.298197412138435425e-02 4.077564465904062393e-03 4.077564465904064996e-03 2.883343556617760581e-03
8.777884830018979301e+02 -8.698891848785119691e+02 -3.012298347140792742e+01 0.000000000000000000e+00 0.000000000000000000e+00 -2.296796940802181552e-02 4.077564465904062393e-03 4.077564465904064996e-03 2.883390984953914434e-03
5.307494653034451630e+02 -8.978166436416656779e+02 -2.651925578745035850e+01 0.000000000000000000e+00 0.000000000000000000e+00 -3.850227514764981152e-02 4.077564465904062393e-03 4.077564465904064996e-03 2.883348327241081442e-03
8.737331211763749934e+02 -1.199012493865188844e+03 -3.446528749140437498e+01 0.000000000000000000e+00 0.000000000000000000e+00 -7.507728932598922711e-02 4.077564465904062393e-03 4.077564465904064996e-03 2.883431161900787149e-03
7.089397165230770952e+02 -1.382002186681004787e+03 -3.542620753321283189e+01 0.000000000000000000e+00 0.000000000000000000e+00 -7.833124822720094471e-02 4.077564465904062393e-03 4.077564465904064996e-03 2.883435232569039712e-03
9.070730110725548911e+02 -1.634140771109169236e+03 -4.288744626845026175e+01 0.000000000000000000e+00 0.000000000000000000e+00 4.821436763293718286e-03 4.077564465904062393e-03 4.077564465904064996e-03 2.883509971258314472e-03
5.459654102812938845e+02 -1.667818346838200341e+03 -3.941345907440336305e+01 0.000000000000000000e+00 0.000000000000000000e+00 8.729971483766973961e-03 4.077564465904062393e-03 4.077564465904064996e-03 2.883468448384817698e-03
5.426283865092758560e+02 -1.974803286500371541e+03 -4.658167865343146730e+01 0.000000000000000000e+00 0.000000000000000000e+00 2.571226896689893238e-02 4.077564465904062393e-03 4.077564465904064996e-03 2.883534647774333402e-03
8.998385117023649400e+02 -1.958373520107981221e+03 -5.026371346974588761e+01 0.000000000000000000e+00 0.000000000000000000e+00 -7.883335283138137584e-02 4.077564465904062393e-03 4.077564465904064996e-03 2.883577345337748864e-03
7.197575676390441686e+02 -2.141726633916219726e+03 -5.276350623979358545e+01 0.000000000000000000e+00 0.000000000000000000e+00 -4.190170064483567103e-02 4.077564465904062393e-03 4.077564465904064996e-03 2.883595230925761668e-03
8.873662651206889223e+02 -2.362549298299654311e+03 -6.123433524455233368e+01 0.000000000000000000e+00 0.000000000000000000e+00 -7.762802029344584298e-02 4.077564465904062393e-03 4.077564465904064996e-03 2.883676713784162366e-03
9.108457932025772834e+02 -2.718931773245662043e+03 -7.301548045312475210e+01 0.000000000000000000e+00 0.000000000000000000e+00 -1.067162420742420181e-01 4.077564465904062393e-03 4.077564465904064996e-03 2.883783209395481429e-03
5.099800868817111450e+02 -2.718604910210497565e+03 -6.855762962887411049e+01 0.000000000000000000e+00 0.000000000000000000e+00 -1.089709464213513002e-01 4.077564465904062393e-03 4.077564465904064996e-03 2.883735071022256336e-03
7.149751804293258601e+02 -2.886883464994768474e+03 -7.644876548319743392e+01 0.000000000000000000e+00 0.000000000000000000e+00 -1.155297159634329773e-01 4.077564465904062393e-03 4.077564465904064996e-03 2.883809484074612624e-03
8.978671618160850585e+02 -3.142063443669343087e+03 -8.830283369390080850e+01 0.000000000000000000e+00 0.000000000000000000e+00 -5.712228841254329836e-02 4.077564465904062393e-03 4.077564465904064996e-03 2.883918048823601050e-03
-1.390690008281762573e+02 -3.121888535293786845e+03 -8.146249550180691301e+01 0.000000000000000000e+00 0.000000000000000000e+00 -2.390429015575534777e-02 4.077578271154434948e-03 4.077578271154437550e-03 2.883858112872846047e-03
1.720230183092265861e+02 -3.152072729775507923e+03 -8.272075536313590760e+01 0.000000000000000000e+00 0.000000000000000000e+00 4.624890327234254528e-02 4.077578271154434948e-03 4.077578271154437550e-03 2.883869505263931664e-03
4.583573698293962195e+01 -2.873870415363451684e+03 -7.201595270769112744e+01 0.000000000000000000e+00 0.000000000000000000e+00 2.254428907576766505e-03 4.077578271154434948e-03 4.077578271154437550e-03 2.883772702484990041e-03
2.382125081319221351e+02 -2.718709739744539547e+03 -6.696883027891131235e+01 0.000000000000000000e+00 0.000000000000000000e+00 9.903746341464625402e-03 4.077578271154434948e-03 4.077578271154437550e-03 2.883727580881919814e-03
1.644487831836464977e+02 -2.413926163102417377e+03 -5.679796120457359621e+01 0.000000000000000000e+00 0.000000000000000000e+00 -1.482997078923631307e-02 4.077578271154434948e-03 4.077578271154437550e-03 2.883634110611874198e-03
-1.207973760217923740e+02 -2.382721895502276766e+03 -5.574427418275108437e+01 0.000000000000000000e+00 0.000000000000000000e+00 -8.139352292334223193e-02 4.077578271154434948e-03 4.077578271154437550e-03 2.883624230819287725e-03
3.792896284476196911e+01 -2.204814092583724232e+03 -5.041913258926746266e+01 0.000000000000000000e+00 0.000000000000000000e+00 -6.502749030353527360e-03 4.077578271154434948e-03 4.077578271154437550e-03 2.883574934302768691e-03
-1.389650777099948016e+02 -2.023844517635049215e+03 -4.564936265617379263e+01 0.000000000000000000e+00 0.000000000000000000e+00 -1.174818662802508129e-01 4.077578271154434948e-03 4.077578271154437550e-03 2.883531109913245113e-03
1.747720040475644225e+02 -1.987258038647985813e+03 -4.479536469387949182e+01 0.000000000000000000e+00 0.000000000000000000e+00 -5.057621348148444440e-02 4.077578271154434948e-03 4.077578271154437550e-03 2.883523388608614721e-03
-1.474097845056747360e+02 -1.651341534928520105e+03 -3.684785608334511409e+01 0.000000000000000000e+00 0.000000000000000000e+00 7.368349279175845368e-03 4.077578271154434948e-03 4.077578271154437550e-03 2.883449433253065103e-03
1.933302772356581158e+02 -1.649362317492075817e+03 -3.693109075551136300e+01 0.000000000000000000e+00 0.000000000000000000e+00 -1.573658786439580126e-02 4.077578271154434948e-03 4.077578271154437550e-03 2.883450488310232603e-03
2.649275636793189648e+01 -1.448203793298104301e+03 -3.261103393453936405e+01 0.000000000000000000e+00 0.000000000000000000e+00 -8.533657725576659914e-02 4.077578271154434948e-03 4.077578271154437550e-03 2.883409598989379770e-03
-1.200293748581313196e+02 -1.250468905207613261e+03 -2.927006101534800209e+01 0.000000000000000000e+00 0.000000000000000000e+00 1.248011657372316563e-02 4.077578271154434948e-03 4.077578271154437550e-03 2.883378709333579096e-03
1.663205469779232430e+02 -1.234100501539400284e+03 -2.911358125426270504e+01 0.000000000000000000e+00 0.000000000000000000e+00 -1.086109766453091652e-02 4.077578271154434948e-03 4.077578271154437550e-03 2.883377497685549792e-03
1.624276234187131251e+02 -8.885250908203406652e+02 -2.435828437551781889e+01 0.000000000000000000e+00 0.000000000000000000e+00 -7.570317384132962957e-02 4.077578271154434948e-03 4.077578271154437550e-03 2.883333139181889181e-03
4.251555121172236085e+01 -6.813334812881480502e+02 -2.205797377319948538e+01 0.000000000000000000e+00 0.000000000000000000e+00 -5.549832608624072350e-02 4.077578271154434948e-03 4.077578271154437550e-03 2.883311240110474852e-03
-1.170845881141084135e+02 -4.607687170977880555e+02 -2.052750200180094353e+01 0.000000000000000000e+00 0.000000000000000000e+00 -5.893265232373678941e-02 4.077578271154434948e-03 4.077578271154437550e-03 2.883297222757051463e-03
1.969469826954273231e+02 -4.583157951408189206e+02 -2.071469162832899258e+01 0.000000000000000000e+00 0.000000000000000000e+00 -6.485262085730170156e-02 4.077578271154434948e-03 4.077578271154437550e-03 2.883299437537239704e-03
-1.056408512974497995e+02 -1.560741012800026510e+02 -1.929613803187602628e+01 0.000000000000000000e+00 0.000000000000000000e+00 -2.925932850190804402e-02 4.077578271154434948e-03 4.077578271154437550e-03 2.883285735473531657e-03
2.016388724223891131e+02 -1.296636458207818237e+02 -1.948443018823752837e+01 0.000000000000000000e+00 0.000000000000000000e+00 4.191124693210923624e-03 4.077578271154434948e-03 4.077578271154437550e-03 2.883288030334400266e-03
4.707819037664894779e+01 9.010733740272360137e+01 -1.911982023443376377e+01 0.000000000000000000e+00 0.000000000000000000e+00 1.374397459785825504e-02 4.077578271154434948e-03 4.077578271154437550e-03 2.883283932400278020e-03
-1.281314070502966445e+02 2.658913035467420514e+02 -1.963385276724407191e+01 0.000000000000000000e+00 0.000000000000000000e+00 1.948954859597407108e-02 4.077578271154434948e-03 4.077578271154437550e-03 2.883288929560481016e-03
2.066782945967235889e+02 5.401582899102022566e+02 -2.125268669659139320e+01 0.000000000000000000e+00 0.000000000000000000e+00 7.454191849820546167e-03 4.077578271154434948e-03 4.077578271154437550e-03 2.883304253972544546e-03
-1.422969453588964370e+02 5.952221052018049932e+02 -2.147104823975818277e+01 0.000000000000000000e+00 0.000000000000000000e+00 1.967339275921631270e-02 4.077578271154434948e-03 4.077578271154437550e-03 2.883305855034574896e-03
-1.088577584160037404e+01 7.922179839551188252e+02 -2.304475342755055678e+01 0.000000000000000000e+00 0.000000000000000000e+00 9.704951090728997087e-03 4.077578271154434948e-03 4.077578271154437550e-03 2.883319891257595576e-03
-1.412002410837405932e+02 9.929585943740576113e+02 -2.546662677327278601e+01 0.000000000000000000e+00 0.000000000000000000e+00 1.870358022473439519e-02 4.077578271154434948e-03 4.077578271154437550e-03 2.883342280182427282e-03
1.798167895013122006e+02 9.719517605890623599e+02 -2.530447011295523652e+01 0.000000000000000000e+00 0.000000000000000000e+00 -3.983044819457148833e-02 4.077578271154434948e-03 4.077578271154437550e-03 2.883341013567952086e-03
1.964525682009000036e+02 6.190638799716725771e+02 -2.180109342716373533e+01 0.000000000000000000e+00 0.000000000000000000e+00 -3.771478136700778805e-02 4.077578271154434948e-03 4.077578271154437550e-03 2.883309196954005754e-03
-1.526516523128699987e+02 1.305355741346905688e+03 -3.000559545937720785e+01 0.000000000000000000e+00 0.000000000000000000e+00 1.410666740694921373e-02 4.077578271154434948e-03 4.077578271154437550e-03 2.883383430164097698e-03
-8.673932287090694970e+00 1.538841828516765418e+03 -3.397218296268761861e+01 0.000000000000000000e+00 0.000000000000000000e+00 1.478081934146047161e-02 4.077578271154434948e-03 4.077578271154437550e-03 2.883418783388447867e-03
-1.532382635573991934e+02 1.730492107914621101e+03 -3.805089954119225837e+01 0.000000000000000000e+00 0.000000000000000000e+00 -1.869701240626397976e-02 4.077578271154434948e-03 4.077578271154437550e-03 2.883455664975795828e-03
-2.011426125853143958e+02 2.037639586488858640e+03 -4.533342519826947381e+01 0.000000000000000000e+00 0.000000000000000000e+00 1.005396145559700471e-02 4.077578271154434948e-03 4.077578271154437550e-03 2.883520700001030324e-03
1.665472574401256054e+02 2.046189547088375093e+03 -4.544960335762272052e+01 0.000000000000000000e+00 0.000000000000000000e+00 -1.155070712048456016e-02 4.077578271154434948e-03 4.077578271154437550e-03 2.883521560174114127e-03
4.116864596259156883e+01 2.322514984410334364e+03 -5.265038039355881949e+01 0.000000000000000000e+00 0.000000000000000000e+00 1.501681286541156624e-02 4.077578271154434948e-03 4.077578271154437550e-03 2.883584833009169689e-03
-1.571488529542722858e+02 2.489467884235225029e+03 -5.772490157744407213e+01 0.000000000000000000e+00 0.000000000000000000e+00 4.214696106244986140e-02 4.077578271154434948e-03 4.077578271154437550e-03 2.883629667603004095e-03
2.094849554250927213e+02 2.473277294608267312e+03 -5.738347651952448558e+01 0.000000000000000000e+00 0.000000000000000000e+00 3.332621745592234674e-03 4.077578271154434948e-03 4.077578271154437550e-03 2.883626900470491819e-03
-5.502830404434280354e+02 2.480851414249182653e+03 -5.959889185750299845e+01 0.000000000000000000e+00 0.000000000000000000e+00 3.647218519737549514e-02 4.077578271154434948e-03 4.077578271154437550e-03 2.883649311618236705e-03
-6.753207788644696166e+02 2.281590126558602606e+03 -5.500134772390882176e+01 0.000000000000000000e+00 0.000000000000000000e+00 6.995742784816627591e-02 4.077578271154434948e-03 4.077578271154437550e-03 2.883611156319395262e-03
-8.540287447032314958e+02 2.461559107818543907e+03 -6.228954188947625425e+01 0.000000000000000000e+00 0.000000000000000000e+00 4.055190848524148350e-02 4.077578271154434948e-03 4.077578271154437550e-03 2.883677867652946307e-03
-8.715641112337507366e+02 2.112635087519432091e+03 -5.280889835245071851e+01 0.000000000000000000e+00 0.000000000000000000e+00 -3.393644411334406641e-02 4.077578271154434948e-03 4.077578271154437550e-03 2.883596158743339209e-03
-8.922739009187755528e+02 1.781510560858565441e+03 -4.518015262876653537e+01 0.000000000000000000e+00 0.000000000000000000e+00 6.580664725883167421e-02 4.077578271154434948e-03 4.077578271154437550e-03 2.883530181541967691e-03
-7.586658882857216213e+02 1.592691510939228465e+03 -3.952520007381765055e+01 0.000000000000000000e+00 0.000000000000000000e+00 7.894203942576893951e-03 4.077578271154434948e-03 4.077578271154437550e-03 2.883477072200352209e-03
-8.550414042720586849e+02 1.346419465013029367e+03 -3.624895282348951753e+01 0.000000000000000000e+00 0.000000000000000000e+00 1.597664310867230597e-02 4.077578271154434948e-03 4.077578271154437550e-03 2.883450686833183285e-03
-5.125753447867913337e+02 1.031705282929245641e+03 -2.788174746820885019e+01 0.000000000000000000e+00 0.000000000000000000e+00 9.122145386893265595e-02 4.077578271154434948e-03 4.077578271154437550e-03 2.883368206300436238e-03
-8.467501544187276750e+02 9.644865824971371921e+02 -3.062847150286047793e+01 0.000000000000000000e+00 0.000000000000000000e+00 -3.755598826851169747e-02 4.077578271154434948e-03 4.077578271154437550e-03 2.883400738873981035e-03
-7.279382043691964554e+02 8.456258550433125265e+02 -2.779880808207575527e+01 0.000000000000000000e+00 0.000000000000000000e+00 -1.789817429208184763e-02 4.077578271154434948e-03 4.077578271154437550e-03 2.883372165561005375e-03
-5.159189760498576334e+02 6.116391388044388577e+02 -2.355457256993245707e+01 0.000000000000000000e+00 0.000000000000000000e+00 -1.119194023546299377e-02 4.077578271154434948e-03 4.077578271154437550e-03 2.883329224182640347e-03
-8.386974191772828817e+02 5.833089203865035870e+02 -2.681581124976014507e+01 0.000000000000000000e+00 0.000000000000000000e+00 -1.164123488353752123e-02 4.077578271154434948e-03 4.077578271154437550e-03 2.883366707160932730e-03
-8.686337114847943894e+02 2.767626995395753511e+02 -2.556352075871527063e+01 0.000000000000000000e+00 0.000000000000000000e+00 9.646637990584849831e-03 4.077578271154434948e-03 4.077578271154437550e-03 2.883356784652812890e-03
-7.039904646059671904e+02 1.044254686637808760e+02 -2.308598380960032159e+01 0.000000000000000000e+00 0.000000000000000000e+00 -8.933056350675627755e-02 4.077578271154434948e-03 4.077578271154437550e-03 2.883329574023398272e-03
-8.387456835289352739e+02 -1.627165163532470729e+02 -2.485891059221970778e+01 0.000000000000000000e+00 0.000000000000000000e+00 -2.494738107246874392e-02 4.077578271154434948e-03 4.077578271154437550e-03 2.883350102580678996e-03
-5.269083411226539511e+02 -4.889117489916365571e+02 -2.282161089809567400e+01 0.000000000000000000e+00 0.000000000000000000e+00 2.671690531747472619e-02 4.077578271154434948e-03 4.077578271154437550e-03 2.883323531615845665e-03
-6.986140762640957291e+02 -6.527194256511155572e+02 -2.571994289824610291e+01 0.000000000000000000e+00 0.000000000000000000e+00 -3.187510303990492844e-02 4.077578271154434948e-03 4.077578271154437550e-03 2.883354481811106935e-03
-5.485272762000292914e+02 -9.117937510677836599e+02 -2.683700073392034113e+01 0.000000000000000000e+00 0.000000000000000000e+00 -3.612782849441842359e-02 4.077578271154434948e-03 4.077578271154437550e-03 2.883361409328893780e-03
-8.348169830326260126e+02 -9.518715138120780921e+02 -3.049848813470076436e+01 0.000000000000000000e+00 0.000000000000000000e+00 -7.409367227485574858e-02 4.077578271154434948e-03 4.077578271154437550e-03 2.883402877483826239e-03
-6.855970107469865980e+02 -1.395385051443871362e+03 -3.540543789656175022e+01 0.000000000000000000e+00 0.000000000000000000e+00 -3.235573715829076491e-02 4.077578271154434948e-03 4.077578271154437550e-03 2.883444202156732958e-03
-5.392533251503315341e+02 -1.647722199409671703e+03 -3.892553398042144863e+01 0.000000000000000000e+00 0.000000000000000000e+00 -1.085800331885948822e-01 4.077578271154434948e-03 4.077578271154437550e-03 2.883473559103351836e-03
-8.466163305889806452e+02 -1.655437780032416867e+03 -4.249278633735768551e+01 0.000000000000000000e+00 0.000000000000000000e+00 -7.303172355487674849e-02 4.077578271154434948e-03 4.077578271154437550e-03 2.883514185357854281e-03
-5.359295333100966445e+02 -1.992900009443074396e+03 -4.698532379038431372e+01 0.000000000000000000e+00 0.000000000000000000e+00 -6.555168215546558486e-02 4.077578271154434948e-03 4.077578271154437550e-03 2.883548009201447430e-03
-6.782221944819415285e+02 -2.146080983047254449e+03 -5.242261625429702576e+01 0.000000000000000000e+00 0.000000000000000000e+00 -1.264308179561624002e-01 4.077578271154434948e-03 4.077578271154437550e-03 2.883600904287009041e-03
-8.397912855905382230e+02 -2.736882835749550395e+03 -7.266232011548376590e+01 0.000000000000000000e+00 0.000000000000000000e+00 -2.874970236577212290e-02 4.077578271154434948e-03 4.077578271154437550e-03 2.883788044409001192e-03
-5.275746500461335700e+02 -2.752590252780861647e+03 -6.987380511122434257e+01 0.000000000000000000e+00 0.000000000000000000e+00 -8.905860762965289723e-02 4.077578271154434948e-03 4.077578271154437550e-03 2.883756997309787178e-03
-6.519802997079168563e+02 -2.907717037493191128e+03 -7.653653194864413933e+01 0.000000000000000000e+00 0.000000000000000000e+00 -1.033255822585630312e-01 4.077578271154434948e-03 4.077578271154437550e-03 2.883818905847210842e-03
-5.119391863217799141e+02 -3.153926958953848043e+03 -8.458533062986640516e+01 0.000000000000000000e+00 0.000000000000000000e+00 -1.595408415734738128e-01 4.077578271154434948e-03 4.077578271154437550e-03 2.883888744269468788e-03
-8.549000888056409622e+02 -3.142740447881616092e+03 -8.775154899406381048e+01 0.000000000000000000e+00 0.000000000000000000e+00 -1.414738441611262942e-01 4.077578271154434948e-03 4.077578271154437550e-03 2.883922097227644907e-03
-2.181462726443277461e+03 -3.149203309993223684e+03 -1.183535955538737596e+02 0.000000000000000000e+00 0.000000000000000000e+00 -3.183984161323394346e-02 4.077604613439015160e-03 4.077604613439016028e-03 2.884246045410922450e-03
-1.993165047729065691e+03 -2.900391146626203863e+03 -1.034149056719657551e+02 0.000000000000000000e+00 0.000000000000000000e+00 1.567510247026859815e-02 4.077604613439015160e-03 4.077604613439016028e-03 2.884116942506997298e-03
-1.835445739274048947e+03 -2.761443020553924725e+03 -9.402543208491019300e+01 0.000000000000000000e+00 0.000000000000000000e+00 -1.458675269478248993e-02 4.077604613439015160e-03 4.077604613439016028e-03 2.884030823560132083e-03
-1.524225476783042041e+03 -3.141107305760471263e+03 -9.982136167379094616e+01 0.000000000000000000e+00 0.000000000000000000e+00 6.281404279529567702e-02 4.077604613439015160e-03 4.077604613439016028e-03 2.884063713460165591e-03
-1.513092052271603734e+03 -2.787699360849804179e+03 -8.667074768574073573e+01 0.000000000000000000e+00 0.000000000000000000e+00 7.203529496280225430e-04 4.077604613439015160e-03 4.077604613439016028e-03 2.883952271364233124e-03
-1.320972858263789931e+03 -2.896139958407394261e+03 -8.631161787876943947e+01 0.000000000000000000e+00 0.000000000000000000e+00 8.777384499391871486e-02 4.077604613439015160e-03 4.077604613439016028e-03 2.883941274822759710e-03
-1.174017772823660152e+03 -2.735534172637834672e+03 -7.784671682772126644e+01 0.000000000000000000e+00 0.000000000000000000e+00 6.852107056505474247e-02 4.077604613439015160e-03 4.077604613439016028e-03 2.883862329876410967e-03
-1.146833850055463927e+03 -3.149377062171854504e+03 -9.248054741349150731e+01 0.000000000000000000e+00 0.000000000000000000e+00 7.643927484097901015e-02 4.077604613439015160e-03 4.077604613439016028e-03 2.883988806582375199e-03
-1.139623217915951500e+03 -2.461048975284906192e+03 -6.825711333988013507e+01 0.000000000000000000e+00 0.000000000000000000e+00 1.265093241301400440e-01 4.077604613439015160e-03 4.077604613439016028e-03 2.883776286847910229e-03
-1.504114876900590161e+03 -2.460541957695756992e+03 -7.574916153510388028e+01 0.000000000000000000e+00 0.000000000000000000e+00 7.848091724088135379e-02 4.077604613439015160e-03 4.077604613439016028e-03 2.883857784049212360e-03
-1.144800211065394251e+03 -2.050879287351810490e+03 -5.659977036460422539e+01 0.000000000000000000e+00 0.000000000000000000e+00 3.378079303254111210e-02 4.077604613439015160e-03 4.077604613439016028e-03 2.883671971226070899e-03
-1.516805800991234946e+03 -2.055085467200500261e+03 -6.449788582511868640e+01 0.000000000000000000e+00 0.000000000000000000e+00 3.472518087083642513e-02 4.077604613439015160e-03 4.077604613439016028e-03 2.883759883453219063e-03
-1.789963103778784216e+03 -2.052367038876925562e+03 -7.148246396626417720e+01 0.000000000000000000e+00 0.000000000000000000e+00 7.689651000730179931e-02 4.077604613439015160e-03 4.077604613439016028e-03 2.883837238987218242e-03
-1.812817295008279416e+03 -2.407452874584311303e+03 -8.205372850410503816e+01 0.000000000000000000e+00 0.000000000000000000e+00 9.831564234491452225e-02 4.077604613439015160e-03 4.077604613439016028e-03 2.883929215634655450e-03
-1.968926673948482630e+03 -2.197487722823781496e+03 -8.056981462134079663e+01 0.000000000000000000e+00 0.000000000000000000e+00 -2.838664098521803680e-02 4.077604613439015160e-03 4.077604613439016028e-03 2.883927232557154628e-03
-2.153659533666298103e+03 -2.418380130659943006e+03 -9.274790925706950873e+01 0.000000000000000000e+00 0.000000000000000000e+00 3.232385613418387038e-02 4.077604613439015160e-03 4.077604613439016028e-03 2.884042185005035452e-03
-2.446240175741263556e+03 -2.414105743638842341e+03 -1.028282331431547618e+02 0.000000000000000000e+00 0.000000000000000000e+00 4.570954089176382240e-02 4.077604613439015160e-03 4.077604613439016028e-03 2.884147916370370310e-03
-2.853844199777646281e+03 -2.402375328869751684e+03 -1.186394735733999539e+02 0.000000000000000000e+00 0.000000000000000000e+00 2.882782598388189399e-02 4.077604613439015160e-03 4.077604613439016028e-03 2.884310699826166374e-03
-2.697339493203385700e+03 -2.166534006404857337e+03 -1.056347481866197455e+02 0.000000000000000000e+00 0.000000000000000000e+00 9.186090606719687912e-02 4.077604613439015160e-03 4.077604613439016028e-03 2.884195688424865279e-03
-2.819844583672350382e+03 -2.031638300061023074e+03 -1.072599102340402908e+02 0.000000000000000000e+00 0.000000000000000000e+00 -6.441709502787773545e-02 4.077604613439015160e-03 4.077604613439016028e-03 2.884222460253426604e-03
-2.508339648275285981e+03 -2.024875477989176943e+03 -9.454749395351237240e+01 0.000000000000000000e+00 0.000000000000000000e+00 -1.232095429793389485e-02 4.077604613439015160e-03 4.077604613439016028e-03 2.884088757922313815e-03
-2.480567115012837348e+03 -1.711835330190347122e+03 -8.622713546581177013e+01 0.000000000000000000e+00 0.000000000000000000e+00 5.928024960098809970e-03 4.077604613439015160e-03 4.077604613439016028e-03 2.884018577479257901e-03
-2.806025285101864029e+03 -1.679757823828683740e+03 -9.866239275226793382e+01 0.000000000000000000e+00 0.000000000000000000e+00 -3.757147035511820832e-02 4.077604613439015160e-03 4.077604613439016028e-03 2.884154500985618760e-03
-2.682556009375159647e+03 -1.462770360051744774e+03 -8.927494189334836960e+01 0.000000000000000000e+00 0.000000000000000000e+00 -2.589463719053242130e-02 4.077604613439015160e-03 4.077604613439016028e-03 2.884064939181272234e-03
-2.825953032403670022e+03 -1.292480636659331140e+03 -9.237126387229361058e+01 0.000000000000000000e+00 0.000000000000000000e+00 2.642413088256034825e-02 4.077604613439015160e-03 4.077604613439016028e-03 2.884106515349233769e-03
-2.520226835332085102e+03 -1.280076832821337575e+03 -7.965171574539940025e+01 0.000000000000000000e+00 0.000000000000000000e+00 -2.637351924995812169e-02 4.077604613439015160e-03 4.077604613439016028e-03 2.883967737472267149e-03
-2.498047533949418266e+03 -9.620685951948071306e+02 -7.427727128534576195e+01 0.000000000000000000e+00 0.000000000000000000e+00 5.185085748991014043e-03 4.077604613439015160e-03 4.077604613439016028e-03 2.883919245964143129e-03
-2.824123929338879861e+03 -9.378341995981054424e+02 -8.732643087510660962e+01 0.000000000000000000e+00 0.000000000000000000e+00 -3.545508928553431360e-02 4.077604613439015160e-03 4.077604613439016028e-03 2.884064174919154233e-03
-2.682911515188877274e+03 -7.135389132566001535e+02 -7.900559973058778951e+01 0.000000000000000000e+00 0.000000000000000000e+00 -8.640798543301286827e-02 4.077604613439015160e-03 4.077604613439016028e-03 2.883977629516507307e-03
-2.496448949722542693e+03 -5.436456069906826087e+02 -7.017172287032899192e+01 0.000000000000000000e+00 0.000000000000000000e+00 -4.882388601072307210e-02 4.077604613439015160e-03 4.077604613439016028e-03 2.883881834600708453e-03
-2.833349885518746760e+03 -5.182869109688718936e+02 -8.382328348836425391e+01 0.000000000000000000e+00 0.000000000000000000e+00 -2.640717219298949203e-02 4.077604613439015160e-03 4.077604613439016028e-03 2.884033737832716621e-03
-2.845228626119458568e+03 -2.310696520086140993e+02 -8.290892275708753800e+01 0.000000000000000000e+00 0.000000000000000000e+00 2.382882696177546222e-02 4.077604613439015160e-03 4.077604613439016028e-03 2.884024834167298827e-03
-2.533894718391792594e+03 -2.012927077750723015e+02 -6.993449472722394944e+01 0.000000000000000000e+00 0.000000000000000000e+00 1.454045041316476272e-02 4.077604613439015160e-03 4.077604613439016028e-03 2.883880792222738056e-03
-2.652734024507209142e+03 5.111010914189154875e+01 -7.436672457430699978e+01 0.000000000000000000e+00 0.000000000000000000e+00 4.158793844908359461e-03 4.077604613439015160e-03 4.077604613439016028e-03 2.883928217116301946e-03
-2.498476593650025734e+03 1.910216584229423518e+02 -6.839831808281570602e+01 0.000000000000000000e+00 0.000000000000000000e+00 2.688220506114191721e-02 4.077604613439015160e-03 4.077604613439016028e-03 2.883859859995363886e-03
-2.843663885739113994e+03 2.360749472908356950e+02 -8.266870354674406940e+01 0.000000000000000000e+00 0.000000000000000000e+00 -2.834711068241801968e-02 4.077604613439015160e-03 4.077604613439016028e-03 2.884016736651951341e-03
-2.831053636988068774e+03 5.514903539323310042e+02 -8.351029133641158353e+01 0.000000000000000000e+00 0.000000000000000000e+00 1.304496795270893017e-03 4.077604613439015160e-03 4.077604613439016028e-03 2.884017419492633343e-03
-2.538580185318372060e+03 5.701216631898716969e+02 -7.160290493421189240e+01 0.000000000000000000e+00 0.000000000000000000e+00 -2.225153783584232769e-02 4.077604613439015160e-03 4.077604613439016028e-03 2.883886201685792634e-03
-2.661608714324431276e+03 8.095532869259874360e+02 -7.844503203885179232e+01 0.000000000000000000e+00 0.000000000000000000e+00 -6.677000648639364044e-02 4.077604613439015160e-03 4.077604613439016028e-03 2.883952681831522188e-03
-2.830309558487977938e+03 9.839963754378131853e+02 -8.733496235037759448e+01 0.000000000000000000e+00 0.000000000000000000e+00 -1.409326378588104944e-02 4.077604613439015160e-03 4.077604613439016028e-03 2.884041462235541458e-03
-2.841175619095080037e+03 1.291852192445318451e+03 -9.190591514733468159e+01 0.000000000000000000e+00 0.000000000000000000e+00 -4.456686024681744129e-03 4.077604613439015160e-03 4.077604613439016028e-03 2.884074389142227916e-03
-2.547211712724363679e+03 1.316954506413535455e+03 -8.027886983999407278e+01 0.000000000000000000e+00 0.000000000000000000e+00 -2.390134117490561039e-02 4.077604613439015160e-03 4.077604613439016028e-03 2.883948609672718887e-03
-2.663325054056585486e+03 1.560035714327170353e+03 -8.900854974693763211e+01 0.000000000000000000e+00 0.000000000000000000e+00 1.266523028658639305e-02 4.077604613439015160e-03 4.077604613439016028e-03 2.884027739807482147e-03
-2.841744728113044403e+03 1.727238697757377395e+03 -9.963322550129819888e+01 0.000000000000000000e+00 0.000000000000000000e+00 7.673873537439135362e-02 4.077604613439015160e-03 4.077604613439016028e-03 2.884128776738555111e-03
-2.551782086932175389e+03 1.714369509390759958e+03 -8.759689310234239201e+01 0.000000000000000000e+00 0.000000000000000000e+00 4.396063880305689509e-02 4.077604613439015160e-03 4.077604613439016028e-03 2.884003280901160839e-03
-2.849664825897963510e+03 2.040320978172063860e+03 -1.068607638924782179e+02 0.000000000000000000e+00 0.000000000000000000e+00 2.496314244581299135e-03 4.077604613439015160e-03 4.077604613439016028e-03 2.884181514839219418e-03
-2.549992834657324693e+03 2.055684648857055436e+03 -9.512541100243186065e+01 0.000000000000000000e+00 0.000000000000000000e+00 -4.115481517882813023e-02 4.077604613439015160e-03 4.077604613439016028e-03 2.884059390230584406e-03
-2.661986402159147474e+03 2.301904307716324183e+03 -1.057854552957887790e+02 0.000000000000000000e+00 0.000000000000000000e+00 -8.280798451238524649e-03 4.077604613439015160e-03 4.077604613439016028e-03 2.884151087417262827e-03
-2.849620948348646380e+03 2.465219529174298259e+03 -1.179805809229336830e+02 0.000000000000000000e+00 0.000000000000000000e+00 -5.145682772673865202e-02 4.077604613439015160e-03 4.077604613439016028e-03 2.884261608506955270e-03
-2.542732998098447752e+03 2.491012975799470041e+03 -1.064621171574399909e+02 0.000000000000000000e+00 0.000000000000000000e+00 3.726332355900296989e-02 4.077604613439015160e-03 4.077604613439016028e-03 2.884143925650066616e-03
-1.182227314019939968e+03 -1.670950640858237875e+03 -4.824271345828225321e+01 0.000000000000000000e+00 0.000000000000000000e+00 1.532583956636557332e-02 4.077604613439015160e-03 4.077604613439016028e-03 2.883597788472254397e-03
-1.491872175371975345e+03 -1.698294625079455727e+03 -5.538520243253130104e+01 0.000000000000000000e+00 0.000000000000000000e+00 1.507965938010613627e-01 4.077604613439015160e-03 4.077604613439016028e-03 2.883677453984500455e-03
-1.379335767305514537e+03 -1.436990494191059952e+03 -4.758305854357425346e+01 0.000000000000000000e+00 0.000000000000000000e+00 1.932346235847148819e-02 4.077604613439015160e-03 4.077604613439016028e-03 2.883601074929893846e-03
-1.193986989398121750e+03 -1.258088213694232763e+03 -4.069040924850305174e+01 0.000000000000000000e+00 0.000000000000000000e+00 -1.753113058917676881e-03 4.077604613439015160e-03 4.077604613439016028e-03 2.883529258419637812e-03
-1.494905439895804648e+03 -1.253451785454468336e+03 -4.704581800225467703e+01 0.000000000000000000e+00 0.000000000000000000e+00 8.394963840759572804e-02 4.077604613439015160e-03 4.077604613439016028e-03 2.883602351349679686e-03
-1.807330954081554637e+03 -1.650068326191094002e+03 -6.253988571443115063e+01 0.000000000000000000e+00 0.000000000000000000e+00 -2.955199929736807007e-02 4.077604613439015160e-03 4.077604613439016028e-03 2.883760389055853909e-03
-2.050461985215660661e+03 -1.444498460436700952e+03 -6.583434638986207688e+01 0.000000000000000000e+00 0.000000000000000000e+00 -2.206536934778569048e-02 4.077604613439015160e-03 4.077604613439016028e-03 2.883807108594795866e-03
-1.866252412642144918e+03 -1.271409250378950674e+03 -5.718752523526396203e+01 0.000000000000000000e+00 0.000000000000000000e+00 -4.202930260461812395e-04 4.077604613439015160e-03 4.077604613439016028e-03 2.883717033497782724e-03
-2.157390578656846174e+03 -1.260114902734120733e+03 -6.617541216429717110e+01 0.000000000000000000e+00 0.000000000000000000e+00 1.506129375270859327e-02 4.077604613439015160e-03 4.077604613439016028e-03 2.883818673740042721e-03
-2.185179930060177412e+03 -9.665132587954065002e+02 -6.294695432780865474e+01 0.000000000000000000e+00 0.000000000000000000e+00 9.594550356416675641e-02 4.077604613439015160e-03 4.077604613439016028e-03 2.883792281488859605e-03
-2.008499944681537954e+03 -7.102685368471991296e+02 -5.438244269375384476e+01 0.000000000000000000e+00 0.000000000000000000e+00 -7.486309286560555165e-02 4.077604613439015160e-03 4.077604613439016028e-03 2.883701451395445127e-03
-1.870060959930565787e+03 -5.090644631238644138e+02 -4.856723363539300209e+01 0.000000000000000000e+00 0.000000000000000000e+00 4.320507263898321071e-03 4.077604613439015160e-03 4.077604613439016028e-03 2.883638375106807594e-03
-2.160708511641152654e+03 -5.074465139054234442e+02 -5.775352764894611823e+01 0.000000000000000000e+00 0.000000000000000000e+00 5.046558713388549222e-02 4.077604613439015160e-03 4.077604613439016028e-03 2.883742644008399462e-03
-1.557542185511366824e+03 -9.351133555445084085e+02 -4.407905216922950586e+01 0.000000000000000000e+00 0.000000000000000000e+00 3.839595921699157088e-02 4.077604613439015160e-03 4.077604613439016028e-03 2.883578714947510838e-03
-1.199942131894702470e+03 -9.336679930277356334e+02 -3.621836105430094932e+01 0.000000000000000000e+00 0.000000000000000000e+00 1.547467808661195932e-02 4.077604613439015160e-03 4.077604613439016028e-03 2.883488271911845060e-03
-1.353259174480102956e+03 -7.122653526605629395e+02 -3.698363725566630933e+01 0.000000000000000000e+00 0.000000000000000000e+00 7.967848197077387340e-02 4.077604613439015160e-03 4.077604613439016028e-03 2.883502379882862173e-03
-1.528110197894373414e+03 -5.447041889683986255e+02 -3.962335878932489663e+01 0.000000000000000000e+00 0.000000000000000000e+00 4.837239298008455535e-02 4.077604613439015160e-03 4.077604613439016028e-03 2.883535606905729669e-03
-1.198016763709053748e+03 -5.048346972548468443e+02 -3.219137418061909273e+01 0.000000000000000000e+00 0.000000000000000000e+00 5.860936372172176334e-02 4.077604613439015160e-03 4.077604613439016028e-03 2.883450555852483475e-03
-2.169495902734112406e+03 -1.658151140967078732e+02 -5.651919285730673437e+01 0.000000000000000000e+00 0.000000000000000000e+00 3.096263325689108115e-02 4.077604613439015160e-03 4.077604613439016028e-03 2.883730216017641856e-03
-2.040789589197335090e+03 4.258931448838003320e+01 -5.206595285227367498e+01 0.000000000000000000e+00 0.000000000000000000e+00 2.262222633356003598e-02 4.077604613439015160e-03 4.077604613439016028e-03 2.883678847729900796e-03
-2.206539357176271551e+03 2.008790320652663866e+02 -5.776282820609046098e+01 0.000000000000000000e+00 0.000000000000000000e+00 -2.112783337082646540e-05 4.077604613439015160e-03 4.077604613439016028e-03 2.883740991181145494e-03
-1.852521001702489002e+03 2.306346051705013451e+02 -4.659778007347641449e+01 0.000000000000000000e+00 0.000000000000000000e+00 1.589770326636852360e-02 4.077604613439015160e-03 4.077604613439016028e-03 2.883614983597390224e-03
-1.566736322173142071e+03 2.344017247314490078e+02 -3.891436464866846023e+01 0.000000000000000000e+00 0.000000000000000000e+00 4.005426991115967894e-02 4.077604613439015160e-03 4.077604613439016028e-03 2.883527975906575481e-03
-1.198138144353273447e+03 -1.550889087539270008e+02 -3.068629111298730550e+01 0.000000000000000000e+00 0.000000000000000000e+00 5.160979278405619652e-02 4.077604613439015160e-03 4.077604613439016028e-03 2.883435931496652546e-03
-1.362975232072780955e+03 4.600913421060780450e+01 -3.388129164114828029e+01 0.000000000000000000e+00 0.000000000000000000e+00 2.316891211145133411e-02 4.077604613439015160e-03 4.077604613439016028e-03 2.883472275852721513e-03
-1.206592701398136569e+03 2.570669938415770162e+02 -3.107521292161637660e+01 0.000000000000000000e+00 0.000000000000000000e+00 3.664386259978158478e-02 4.077604613439015160e-03 4.077604613439016028e-03 2.883438551135342979e-03
-1.838666466785532066e+03 5.338097930326458709e+02 -4.758510100098727946e+01 0.000000000000000000e+00 0.000000000000000000e+00 3.919941355296430174e-02 4.077604613439015160e-03 4.077604613439016028e-03 2.883620388982907450e-03
-2.174562490857505054e+03 5.732944288639868091e+02 -5.836111084379923852e+01 0.000000000000000000e+00 0.000000000000000000e+00 5.570429174888857915e-02 4.077604613439015160e-03 4.077604613439016028e-03 2.883739609369158612e-03
-2.045397733262392649e+03 7.845018569105499182e+02 -5.584895898898072630e+01 0.000000000000000000e+00 0.000000000000000000e+00 2.726823981318915457e-02 4.077604613439015160e-03 4.077604613439016028e-03 2.883705349087301462e-03
-1.844360630785083458e+03 9.589158025208297431e+02 -5.161243929009380338e+01 0.000000000000000000e+00 0.000000000000000000e+00 -8.209479816727593970e-03 4.077604613439015160e-03 4.077604613439016028e-03 2.883652535466356154e-03
-2.181238403719485632e+03 1.004547771976764352e+03 -6.267200747235170155e+01 0.000000000000000000e+00 0.000000000000000000e+00 7.963460903106067690e-03 4.077604613439015160e-03 4.077604613439016028e-03 2.883772403289207743e-03
-1.579515715229446641e+03 9.891409879520351751e+02 -4.489753254326434728e+01 0.000000000000000000e+00 0.000000000000000000e+00 -5.117985929445012516e-03 4.077604613439015160e-03 4.077604613439016028e-03 2.883577254243552442e-03
-1.194137901024896792e+03 5.935757613263529038e+02 -3.261694624252839247e+01 0.000000000000000000e+00 0.000000000000000000e+00 1.763103069234972509e-02 4.077604613439015160e-03 4.077604613439016028e-03 2.883450743520961455e-03
-1.370009469305323819e+03 7.902510043521413081e+02 -3.786542980911393386e+01 0.000000000000000000e+00 0.000000000000000000e+00 -1.379001188850992321e-02 4.077604613439015160e-03 4.077604613439016028e-03 2.883505051728767719e-03
-1.205643380474101377e+03 9.875968425500464036e+02 -3.671363553115613598e+01 0.000000000000000000e+00 0.000000000000000000e+00 2.888584889584677740e-02 4.077604613439015160e-03 4.077604613439016028e-03 2.883486499495294293e-03
-2.183288935141323691e+03 1.320348305002252800e+03 -6.716132243908063515e+01 0.000000000000000000e+00 0.000000000000000000e+00 4.746675035903535900e-02 4.077604613439015160e-03 4.077604613439016028e-03 2.883807151693463296e-03
-2.055764118283678272e+03 1.555238867307389683e+03 -6.707776317102090502e+01 0.000000000000000000e+00 0.000000000000000000e+00 7.739074609568774576e-02 4.077604613439015160e-03 4.077604613439016028e-03 2.883794413835722489e-03
-2.212069072118468284e+03 1.710317887471057020e+03 -7.522384441910209318e+01 0.000000000000000000e+00 0.000000000000000000e+00 1.913703191014803906e-02 4.077604613439015160e-03 4.077604613439016028e-03 2.883872765459342610e-03
-1.864374798467108121e+03 1.716554980942251404e+03 -6.450353286643425577e+01 0.000000000000000000e+00 0.000000000000000000e+00 1.751014169467168813e-02 4.077604613439015160e-03 4.077604613439016028e-03 2.883758471046848817e-03
-1.216844611330584030e+03 1.322930991905778683e+03 -4.172999936599869386e+01 0.000000000000000000e+00 0.000000000000000000e+00 5.611728260114290379e-02 4.077604613439015160e-03 4.077604613439016028e-03 2.883530276470105090e-03
-1.376207817123769928e+03 1.543268729684679329e+03 -4.884113407600233359e+01 0.000000000000000000e+00 0.000000000000000000e+00 3.249369542015756451e-02 4.077604613439015160e-03 4.077604613439016028e-03 2.883598648308655261e-03
-1.570547421245003306e+03 1.707818552562987406e+03 -5.654853816881877293e+01 0.000000000000000000e+00 0.000000000000000000e+00 -2.809382701916973701e-02 4.077604613439015160e-03 4.077604613439016028e-03 2.883673965191228383e-03
-1.184905352194816714e+03 2.028217040689468377e+03 -5.564632070322702617e+01 0.000000000000000000e+00 0.000000000000000000e+00 1.342449374292442599e-02 4.077604613439015160e-03 4.077604613439016028e-03 2.883648696626758823e-03
-1.552410150797110646e+03 2.046682128649179049e+03 -6.383974809961028996e+01 0.000000000000000000e+00 0.000000000000000000e+00 6.024861114437385368e-02 4.077604613439015160e-03 4.077604613439016028e-03 2.883733948986852511e-03
-1.371474856403473041e+03 2.300636205708849502e+03 -6.646470592529482246e+01 0.000000000000000000e+00 0.000000000000000000e+00 6.866657592912872587e-02 4.077604613439015160e-03 4.077604613439016028e-03 2.883747772851929896e-03
-1.317939840423282249e+03 2.327571526015692143e+03 -6.611696104823911924e+01 0.000000000000000000e+00 0.000000000000000000e+00 2.803827400600766850e-02 4.077604613439015160e-03 4.077604613439016028e-03 2.883742749532868400e-03
-1.509409765226763284e+03 2.480034636565404071e+03 -7.465548290863519298e+01 0.000000000000000000e+00 0.000000000000000000e+00 7.988300610278997738e-03 4.077604613439015160e-03 4.077604613439016028e-03 2.883822152878610674e-03
-2.206359118327198757e+03 2.090294406275267193e+03 -8.365129445119764284e+01 0.000000000000000000e+00 0.000000000000000000e+00 3.489133005817279809e-02 4.077604613439015160e-03 4.077604613439016028e-03 2.883938225100753528e-03
-2.058461550589115632e+03 2.291785036280361055e+03 -8.413429856607018564e+01 0.000000000000000000e+00 0.000000000000000000e+00 5.119015012442673651e-02 4.077604613439015160e-03 4.077604613439016028e-03 2.883930480191528728e-03
-2.206818445454017365e+03 2.442078216247382898e+03 -9.311964441908851597e+01 0.000000000000000000e+00 0.000000000000000000e+00 5.167554025523202199e-02 4.077604613439015160e-03 4.077604613439016028e-03 2.884012488161560254e-03
-1.867158489633555746e+03 2.455493261102536053e+03 -8.308529523458038568e+01 0.000000000000000000e+00 0.000000000000000000e+00 -2.163286690354482289e-02 4.077604613439015160e-03 4.077604613439016028e-03 2.883909570793416911e-03
