# x y z x_res y_res z_res x_res_err y_res_err z_res_err
8.456661135324283123e+02 2.076990036980317655e+03 -3.249608723610798933e+01 0.000000000000000000e+00 0.000000000000000000e+00 7.677039843386523899e-03 1.656134687218432586e-02 1.557964842239734256e-02 1.226524929817022005e-02
4.698765487382036099e+02 2.491021801389135817e+03 -4.021983493367729778e+01 0.000000000000000000e+00 0.000000000000000000e+00 -8.570260836236798241e-03 1.562203799442184876e-02 1.468899717574562343e-02 1.154407825770757852e-02
6.559092710141618454e+02 2.326745965294854614e+03 -3.701441746320318060e+01 0.000000000000000000e+00 0.000000000000000000e+00 2.147665998522541031e-02 1.656134687218432586e-02 1.557964842239734256e-02 1.226536015632337905e-02
4.704154232636138886e+02 2.075811791903100584e+03 -2.864571389899377962e+01 0.000000000000000000e+00 0.000000000000000000e+00 -2.347622621424605427e-02 1.656134687218432586e-02 1.557964842239734256e-02 1.226509115844575531e-02
8.450473773840201375e+02 2.497154710386166698e+03 -4.418407385008619315e+01 0.000000000000000000e+00 0.000000000000000000e+00 -1.148930376283630039e-02 1.712092917502230915e-02 1.561489737733560285e-02 1.293578094464390565e-02
1.740417975543626881e+02 2.493236587938265529e+03 -3.882535447660612959e+01 0.000000000000000000e+00 0.000000000000000000e+00 1.804890628545052778e-02 1.757388878158000836e-02 1.613206257584176573e-02 1.319647907832240986e-02
-1.472989439296951097e+01 2.321854505528242953e+03 -3.356441822360918792e+01 0.000000000000000000e+00 0.000000000000000000e+00 3.707370507194696074e-02 1.562203799442184876e-02 1.468899717574562343e-02 1.154387267724362766e-02
1.743433036778496898e+02 2.072592309957010912e+03 -2.708444437232972035e+01 0.000000000000000000e+00 0.000000000000000000e+00 1.296344309758268309e-02 1.515583294565981537e-02 1.416954142257449700e-02 1.127084488711226594e-02
-1.998959658833779258e+02 2.070416022883840924e+03 -2.710314512407529719e+01 0.000000000000000000e+00 0.000000000000000000e+00 -2.817085434738686445e-03 1.515583294565981537e-02 1.416954142257449700e-02 1.127084615795866454e-02
-2.001625331451566581e+02 2.487720858897541348e+03 -3.873332826614424818e+01 0.000000000000000000e+00 0.000000000000000000e+00 -6.616167774005532465e-03 1.562203799442184876e-02 1.468899717574562343e-02 1.154402276569134640e-02
6.586467482873459858e+02 1.577520953900918585e+03 -1.906535971806914276e+01 0.000000000000000000e+00 0.000000000000000000e+00 -1.216208336272117663e-02 1.515583294565981537e-02 1.416954142257449700e-02 1.127065909573382249e-02
4.734023682473011831e+02 1.744018738961718327e+03 -2.085477036189506705e+01 0.000000000000000000e+00 0.000000000000000000e+00 -9.086603965009487638e-04 1.515583294565981537e-02 1.416954142257449700e-02 1.127069008535158852e-02
4.739365147051668146e+02 1.326486711417087463e+03 -1.288593633247888093e+01 0.000000000000000000e+00 0.000000000000000000e+00 1.493718201497173936e-02 1.461655102295543115e-02 1.413645036801899901e-02 1.061302946385779371e-02
8.490120833578388329e+02 1.748367644681219872e+03 -2.481849422508505754e+01 0.000000000000000000e+00 0.000000000000000000e+00 -2.124151972542520639e-02 1.515583294565981537e-02 1.416954142257449700e-02 1.127084053064479618e-02
8.486406951189368328e+02 1.326995520117484375e+03 -1.678707355911141264e+01 0.000000000000000000e+00 0.000000000000000000e+00 1.025507667700154002e-02 1.472131195658648618e-02 1.368257501957105202e-02 1.101795550841100542e-02
1.787889056171224524e+02 1.745070134703677695e+03 -1.937793572488598315e+01 0.000000000000000000e+00 0.000000000000000000e+00 -1.701263805885844249e-02 1.461655102295543115e-02 1.413645036801899901e-02 1.061320569353025114e-02
1.782430857468511931e+02 1.324943201610710048e+03 -1.134291737534978139e+01 0.000000000000000000e+00 0.000000000000000000e+00 3.782824668144613156e-03 1.515583294565981537e-02 1.416954142257449700e-02 1.127041061833938124e-02
-1.186555799201664030e+01 1.574065767631193921e+03 -1.560300115298596424e+01 0.000000000000000000e+00 0.000000000000000000e+00 -2.826906095999603963e-02 1.461655102295543115e-02 1.413645036801899901e-02 1.061309320200346656e-02
-1.957644647832823352e+02 1.740285663669830228e+03 -1.932420739688734201e+01 0.000000000000000000e+00 0.000000000000000000e+00 -8.717583096071734872e-03 1.461655102295543115e-02 1.413645036801899901e-02 1.061320455161800583e-02
-1.960945429018672144e+02 1.323905419252785123e+03 -1.137831647897633403e+01 0.000000000000000000e+00 0.000000000000000000e+00 -1.093908943608390416e-02 1.461655102295543115e-02 1.413645036801899901e-02 1.061297180352383136e-02
1.710358938730813065e+02 2.823526846475982438e+03 -4.944539239729431301e+01 0.000000000000000000e+00 0.000000000000000000e+00 6.618123090277094889e-03 1.650883715709010671e-02 1.606629212614901769e-02 1.190075628683985413e-02
-2.051058245219277865e+02 2.821687892765783999e+03 -4.948038448408813395e+01 0.000000000000000000e+00 0.000000000000000000e+00 -2.606863541308257481e-02 1.702919731848870702e-02 1.609794607431830685e-02 1.254058330246964233e-02
-2.040970407338570567e+02 3.237594744927929696e+03 -6.456705839841934846e+01 0.000000000000000000e+00 0.000000000000000000e+00 2.464509153112715012e-02 1.895611219459260310e-02 1.858430770680062627e-02 1.352701097057336030e-02
1.713971376997259313e+02 3.243924955791354478e+03 -6.471887594818679190e+01 0.000000000000000000e+00 0.000000000000000000e+00 -1.119138010628262236e-02 1.701833151749411119e-02 1.661240062339136569e-02 1.220869863024676844e-02
-1.983220183910995260e+01 3.072685557328287359e+03 -5.804612930079274236e+01 0.000000000000000000e+00 0.000000000000000000e+00 -5.275185073287502746e-03 1.893058866574640065e-02 1.804922653203401214e-02 1.382983640408553920e-02
-4.948086803847562578e+02 2.489556799631056947e+03 -4.035997437169305613e+01 0.000000000000000000e+00 0.000000000000000000e+00 -2.593164869566066955e-02 1.650883715709010671e-02 1.606629212614901769e-02 1.190047189220859968e-02
-4.955436641764626984e+02 2.070606201516651254e+03 -2.870118332381008841e+01 0.000000000000000000e+00 0.000000000000000000e+00 -1.449726342178081495e-02 1.650883715709010671e-02 1.606629212614901769e-02 1.190008771573223406e-02
-6.862391513486473968e+02 2.320940180032591797e+03 -3.716317326072951488e+01 0.000000000000000000e+00 0.000000000000000000e+00 -2.363038833370723069e-02 1.701833151749411119e-02 1.661240062339136569e-02 1.220779107313148433e-02
-8.677423630204682468e+02 2.485514446174165187e+03 -4.413034614866300132e+01 0.000000000000000000e+00 0.000000000000000000e+00 -2.570106282492190530e-02 1.701833151749411119e-02 1.661240062339136569e-02 1.220804628824574342e-02
-8.691668978862372796e+02 2.068571176388701588e+03 -3.259391318804808435e+01 0.000000000000000000e+00 0.000000000000000000e+00 -7.591694592996134361e-03 1.601518016786669663e-02 1.603711531305328578e-02 1.127956480584990304e-02
1.814085867923829483e+02 9.962602941634514764e+02 -6.559582842189797702e+00 0.000000000000000000e+00 0.000000000000000000e+00 -5.009267853082199906e-03 1.461655102295543115e-02 1.413645036801899901e-02 1.061282904981304849e-02
-8.475545126453765121e+00 8.256245148936640135e+02 -4.335778977086675923e+00 0.000000000000000000e+00 0.000000000000000000e+00 -1.596393734901901951e-02 1.416549742342457577e-02 1.364830333952172375e-02 1.034406417271022983e-02
-1.932483583530136002e+02 5.734455252425829030e+02 -2.395086097179391693e+00 0.000000000000000000e+00 0.000000000000000000e+00 -2.886376098364396015e-02 1.504732022306978778e-02 1.502597453794620071e-02 1.068473417468396129e-02
-1.942673113837566348e+02 9.899842353451382451e+02 -6.519241350305274629e+00 0.000000000000000000e+00 0.000000000000000000e+00 -8.196771567533289726e-03 1.504732022306978778e-02 1.502597453794620071e-02 1.068487191102853243e-02
1.825653229236094148e+02 5.770662785756909443e+02 -2.389571556348686787e+00 0.000000000000000000e+00 0.000000000000000000e+00 -2.371512029991418302e-03 1.460957218203167568e-02 1.456766507904210493e-02 1.041789780704252023e-02
-4.921559182621635387e+02 1.742702165242797719e+03 -2.096760526306620775e+01 0.000000000000000000e+00 0.000000000000000000e+00 -1.397844761513056255e-03 1.602580273147355752e-02 1.554693924335609663e-02 1.160984889479487782e-02
-6.827783963917978554e+02 1.575075753251265496e+03 -1.927063560638736561e+01 0.000000000000000000e+00 0.000000000000000000e+00 -1.857963926658712239e-02 1.551678590166202278e-02 1.551678590166198114e-02 1.097271501031959681e-02
-8.652878108029013902e+02 1.320682197288144835e+03 -1.690690102948185825e+01 0.000000000000000000e+00 0.000000000000000000e+00 -4.526202431588188801e-03 1.551678590166202278e-02 1.551678590166198114e-02 1.097265298930532283e-02
-4.906858376397847223e+02 1.324685947380572316e+03 -1.298316783912408390e+01 0.000000000000000000e+00 0.000000000000000000e+00 4.424807846968192848e-03 1.551678590166202278e-02 1.551678590166198114e-02 1.097248829593953055e-02
-8.650917581867366835e+02 1.739193392027637856e+03 -2.483566261947061804e+01 0.000000000000000000e+00 0.000000000000000000e+00 -1.915820417750069282e-03 1.601518016786669663e-02 1.603711531305328578e-02 1.127929649699792140e-02
8.429943563239265814e+02 2.825055491777462976e+03 -5.467503279452196097e+01 0.000000000000000000e+00 0.000000000000000000e+00 4.072141023917907887e-02 1.757388878158000836e-02 1.613206257584176573e-02 1.319701054123805645e-02
4.663428230968129355e+02 3.240501018839463086e+03 -6.600137742598353441e+01 0.000000000000000000e+00 0.000000000000000000e+00 1.165475332483367765e-02 1.752356883377463592e-02 1.664301594065678569e-02 1.283323477364097659e-02
8.433006026990785813e+02 3.246227424221735419e+03 -6.992857851263444502e+01 0.000000000000000000e+00 0.000000000000000000e+00 1.377087670768162297e-02 1.804228146052637080e-02 1.721231478719220317e-02 1.314160622534838244e-02
4.665400741959807647e+02 2.823627270038037295e+03 -5.088214705629968648e+01 0.000000000000000000e+00 0.000000000000000000e+00 -1.275492213679285669e-04 1.650883715709010671e-02 1.606629212614901769e-02 1.190081371166033797e-02
6.516259968345062816e+02 3.075512475175053169e+03 -6.135415492422905004e+01 0.000000000000000000e+00 0.000000000000000000e+00 1.197937295716400286e-02 1.702919731848870702e-02 1.609794607431830685e-02 1.254097657713609294e-02
1.139157733976112240e+03 2.078586484319510419e+03 -3.703111079283523566e+01 0.000000000000000000e+00 0.000000000000000000e+00 7.202993965904624929e-05 1.515583294565981537e-02 1.416954142257449700e-02 1.127121636291047134e-02
1.324970564835441564e+03 2.329878242511333156e+03 -4.726527389486327024e+01 0.000000000000000000e+00 0.000000000000000000e+00 -2.248061611137330829e-02 1.602580273147355752e-02 1.554693924335609663e-02 1.161077924118960984e-02
1.515803986628894791e+03 2.078905864564253534e+03 -4.472480186874859953e+01 0.000000000000000000e+00 0.000000000000000000e+00 1.054647169987532607e-02 1.515583294565981537e-02 1.416954142257449700e-02 1.127150369186566588e-02
1.516581350450317814e+03 2.499629230331631334e+03 -5.634515540746480156e+01 0.000000000000000000e+00 0.000000000000000000e+00 3.630531777657353132e-02 1.712092917502230915e-02 1.561489737733560285e-02 1.293627456205715537e-02
1.140350425837600596e+03 2.494930330359162781e+03 -4.859618781484257255e+01 0.000000000000000000e+00 0.000000000000000000e+00 5.386627065509230761e-02 1.712092917502230915e-02 1.561489737733560285e-02 1.293596156522582030e-02
1.517100869175593289e+03 1.752923566576961548e+03 -3.716834225553835580e+01 0.000000000000000000e+00 0.000000000000000000e+00 -1.687146823912399896e-02 1.515583294565981537e-02 1.416954142257449700e-02 1.127130946193275092e-02
1.142251643147231562e+03 1.746187317462711235e+03 -2.930881058441865861e+01 0.000000000000000000e+00 0.000000000000000000e+00 -1.721719186707204585e-02 1.515583294565981537e-02 1.416954142257449700e-02 1.127101231882151298e-02
1.143399427301882270e+03 1.328530436002467468e+03 -2.141197588452341805e+01 0.000000000000000000e+00 0.000000000000000000e+00 2.326145380997957091e-02 1.472131195658648618e-02 1.368257501957105202e-02 1.101812896692220059e-02
1.327657276171266858e+03 1.581156875842375712e+03 -2.949229886458432404e+01 0.000000000000000000e+00 0.000000000000000000e+00 -2.085300762762543059e-02 1.515583294565981537e-02 1.416954142257449700e-02 1.127105918051106957e-02
1.518614361004792272e+03 1.330475818439271961e+03 -2.923658216193200943e+01 0.000000000000000000e+00 0.000000000000000000e+00 1.072531596738812709e-02 1.572104097410383788e-02 1.420542252996920274e-02 1.194475174292335476e-02
1.812110787647478674e+03 1.750779476557560429e+03 -4.468644073799087124e+01 0.000000000000000000e+00 0.000000000000000000e+00 -2.000940552601093714e-02 1.572104097410383788e-02 1.420542252996920274e-02 1.194523483942126763e-02
1.813261043877975226e+03 1.333361821154274139e+03 -3.690381026538036480e+01 0.000000000000000000e+00 0.000000000000000000e+00 -5.136189233425625389e-03 1.612232648839481350e-02 1.509088171918723971e-02 1.200917309965702541e-02
1.997971479660298201e+03 1.585441671875503062e+03 -4.679177018011467482e+01 0.000000000000000000e+00 0.000000000000000000e+00 -3.059161223929152129e-02 1.572104097410383788e-02 1.420542252996920274e-02 1.194536696128199044e-02
2.187770801363502414e+03 1.334249125794910469e+03 -4.847390749889698469e+01 0.000000000000000000e+00 0.000000000000000000e+00 -2.785417891783481537e-02 1.612232648839481350e-02 1.509088171918723971e-02 1.200964500482890919e-02
2.187374320876131151e+03 1.756086302858567706e+03 -5.628399017256352721e+01 0.000000000000000000e+00 0.000000000000000000e+00 -1.882653471907502762e-02 1.656134687218432586e-02 1.557964842239734256e-02 1.226632515368353792e-02
-1.157409989843793255e+03 2.073859330618490731e+03 -3.723442953819958490e+01 0.000000000000000000e+00 0.000000000000000000e+00 -7.511929799584038392e-03 1.653988812444768391e-02 1.658418461527318838e-02 1.160362193762120263e-02
-1.537143729323694288e+03 2.485154018869774063e+03 -5.638940270001079114e+01 0.000000000000000000e+00 0.000000000000000000e+00 1.394506580759014014e-03 1.701833151749411119e-02 1.661240062339136569e-02 1.220856407278744435e-02
-1.350462100859679595e+03 2.320111177304254397e+03 -4.751225048467747314e+01 0.000000000000000000e+00 0.000000000000000000e+00 9.805723675739841383e-03 1.611717786060492055e-02 1.523761992160242197e-02 1.183605146406439650e-02
-1.161083004271901018e+03 2.493808546686891987e+03 -4.892643532634206593e+01 0.000000000000000000e+00 0.000000000000000000e+00 -1.068347362188148963e-02 1.701833151749411119e-02 1.661240062339136569e-02 1.220824689138952368e-02
-1.533773652742582499e+03 2.069242130378684124e+03 -4.490230126035567082e+01 0.000000000000000000e+00 0.000000000000000000e+00 -1.612375195573889641e-02 1.701833151749411119e-02 1.661240062339136569e-02 1.220818854424677094e-02
-1.161477153720103843e+03 1.746708474083296323e+03 -2.966360936559906492e+01 0.000000000000000000e+00 0.000000000000000000e+00 -1.874071788782316617e-02 1.653988812444768391e-02 1.658418461527318838e-02 1.160335486018732563e-02
-1.534417610674234766e+03 1.739828718118114693e+03 -3.729756076500345330e+01 0.000000000000000000e+00 0.000000000000000000e+00 4.094896929871083557e-03 1.601518016786669663e-02 1.603711531305328578e-02 1.127982297337924537e-02
-1.159234979015780709e+03 1.326245349953479035e+03 -2.165961297609910474e+01 0.000000000000000000e+00 0.000000000000000000e+00 -1.260944469528268996e-02 1.742466266459254814e-02 1.744657781354626291e-02 1.227600759513887592e-02
-1.352364351231175078e+03 1.575537461640816673e+03 -2.989766438632203460e+01 0.000000000000000000e+00 0.000000000000000000e+00 -7.363474631564059791e-03 1.692740280181311702e-02 1.692740280181306844e-02 1.197071215622183896e-02
-1.533633992879339758e+03 1.321468021851884941e+03 -2.944669355656428067e+01 0.000000000000000000e+00 0.000000000000000000e+00 2.184525591284014467e-02 1.692740280181311702e-02 1.692740280181306844e-02 1.197073684098193605e-02
-6.763466374137044568e+02 8.230707822883365452e+02 -7.936544899131125597e+00 0.000000000000000000e+00 0.000000000000000000e+00 -1.024545162789447517e-02 1.596138797390531106e-02 1.640676286322463248e-02 1.104864395072561144e-02
-4.857796811277260645e+02 9.941785381097949994e+02 -8.140500017527065424e+00 0.000000000000000000e+00 0.000000000000000000e+00 5.676102241897851286e-03 1.551678590166202278e-02 1.551678590166198114e-02 1.097232238606529568e-02
-8.606879857634445443e+02 9.874405148593541526e+02 -1.204450929726209019e+01 0.000000000000000000e+00 0.000000000000000000e+00 5.997348963902027208e-03 1.692740280181311702e-02 1.692740280181306844e-02 1.196998794290931971e-02
-8.612180287746596150e+02 5.726695953058388113e+02 -7.990655790186302454e+00 0.000000000000000000e+00 0.000000000000000000e+00 6.267242546504014911e-03 1.645665866826000190e-02 1.643528347089507485e-02 1.168162237217563841e-02
-4.856709946876056279e+02 5.731181911407902589e+02 -3.973589170082603150e+00 0.000000000000000000e+00 0.000000000000000000e+00 -5.998090530312083501e-03 1.645665866826000190e-02 1.643528347089507485e-02 1.168143910405595315e-02
2.483260877963371058e+03 1.333910047031470185e+03 -5.903208293467545076e+01 0.000000000000000000e+00 0.000000000000000000e+00 1.150780310489096792e-03 1.833801970196421299e-02 1.833801970196416095e-02 1.296973635075603093e-02
2.481952964581588731e+03 1.751096898825595645e+03 -6.662800066050736802e+01 0.000000000000000000e+00 0.000000000000000000e+00 -2.469866548865695677e-02 1.949188358531375037e-02 1.794379921446150397e-02 1.467103053912651063e-02
2.666583555905779122e+03 1.586047750018418128e+03 -7.055846631876981689e+01 0.000000000000000000e+00 0.000000000000000000e+00 -1.258206897905722599e-02 2.068571973308049386e-02 2.066428123834911090e-02 1.467552283157038187e-02
2.859106413639103721e+03 1.336046902012036526e+03 -7.429287633692887027e+01 0.000000000000000000e+00 0.000000000000000000e+00 6.690591068192475177e-03 2.489115642492148450e-02 2.666148680231089640e-02 1.658820640724371909e-02
2.857970434596909399e+03 1.758113330832582506e+03 -8.188946829307634800e+01 0.000000000000000000e+00 0.000000000000000000e+00 6.218909575053999106e-03 2.303013281040581020e-02 2.392608139538650661e-02 1.573705853724390383e-02
-1.532984792865440113e+03 9.832374297210029681e+02 -2.463767625543348672e+01 0.000000000000000000e+00 0.000000000000000000e+00 5.627790844513924640e-03 1.692740280181311702e-02 1.692740280181306844e-02 1.197056963601402652e-02
-1.157891290314752268e+03 9.899662367049354543e+02 -1.680166803006276055e+01 0.000000000000000000e+00 0.000000000000000000e+00 2.123146608759185483e-02 1.737092991744853404e-02 1.781624903483973801e-02 1.204628938869116081e-02
-1.347907956959029207e+03 8.183875620267389195e+02 -1.861943164796160488e+01 0.000000000000000000e+00 0.000000000000000000e+00 -3.898485988784727851e-04 1.737092991744853404e-02 1.781624903483973801e-02 1.204639502665724379e-02
-1.532394921943783856e+03 5.686180682181400243e+02 -2.065929913893937808e+01 0.000000000000000000e+00 0.000000000000000000e+00 5.254474221811022971e-03 1.783755661590322172e-02 1.872888237062090774e-02 1.212815138640994592e-02
-1.156916741812128976e+03 5.688708739475093807e+02 -1.269283022351285872e+01 0.000000000000000000e+00 0.000000000000000000e+00 -5.745689904538053838e-03 1.737092991744853404e-02 1.781624903483973801e-02 1.204612699257632570e-02
-1.833962659693979958e+03 1.741444949913310666e+03 -4.510123097066632170e+01 0.000000000000000000e+00 0.000000000000000000e+00 -1.533183653019420944e-02 1.601518016786669663e-02 1.603711531305328578e-02 1.128015085573199489e-02
-2.024118116874225734e+03 1.570998481661090864e+03 -4.732415565958374515e+01 0.000000000000000000e+00 0.000000000000000000e+00 -3.620378620027508987e-03 1.692740280181311702e-02 1.692740280181306844e-02 1.197149120463150002e-02
-2.205650227775518488e+03 1.319134594680716873e+03 -4.883610808964697725e+01 0.000000000000000000e+00 0.000000000000000000e+00 2.748434590313308945e-02 1.785584244881555094e-02 1.831023870572755577e-02 1.235154759340546630e-02
-1.830842116659417115e+03 1.321237497950339275e+03 -3.720387923135768915e+01 0.000000000000000000e+00 0.000000000000000000e+00 9.137648074784010532e-04 1.785584244881555094e-02 1.831023870572755577e-02 1.235098348131802477e-02
-2.205751376308654017e+03 1.734828719503674165e+03 -5.645524916215376976e+01 0.000000000000000000e+00 0.000000000000000000e+00 -1.270173413436026522e-02 1.692740280181311702e-02 1.692740280181306844e-02 1.197185767827734296e-02
4.777754848872208413e+02 9.950546767278410698e+02 -8.090462409582572789e+00 0.000000000000000000e+00 0.000000000000000000e+00 -1.436171340539971197e-03 1.416549742342457577e-02 1.364830333952172375e-02 1.034418760718538652e-02
4.776200366775005364e+02 5.793299641055282336e+02 -3.957227938149211699e+00 0.000000000000000000e+00 0.000000000000000000e+00 -4.142360115633181294e-04 1.504732022306978778e-02 1.502597453794620071e-02 1.068479904464022558e-02
6.628840380735281315e+02 8.290618842400467656e+02 -7.856036498050430694e+00 0.000000000000000000e+00 0.000000000000000000e+00 -2.081805258741908915e-03 1.472131195658648618e-02 1.368257501957105202e-02 1.101769575108519326e-02
8.530811215204349764e+02 1.000065663714839047e+03 -1.209872744693001145e+01 0.000000000000000000e+00 0.000000000000000000e+00 6.677039063253786821e-03 1.416549742342457577e-02 1.364830333952172375e-02 1.034433770952567985e-02
8.521086862356751226e+02 5.796971477891586346e+02 -7.917720708451694733e+00 0.000000000000000000e+00 0.000000000000000000e+00 2.389491812288646599e-03 1.557169079983586682e-02 1.505711080963401463e-02 1.133824508986563603e-02
4.809756369558093638e+02 -1.737905639512360381e+02 -2.050526410147738954e+00 0.000000000000000000e+00 0.000000000000000000e+00 9.503892166101035599e-03 1.504732022306978778e-02 1.502597453794620071e-02 1.068473674673420769e-02
8.560443205194917482e+02 -1.729668349673978298e+02 -6.064572703800919840e+00 0.000000000000000000e+00 0.000000000000000000e+00 2.564954608415881410e-03 1.460957218203167568e-02 1.456766507904210493e-02 1.041806592000774946e-02
6.650105386516006547e+02 7.725793431161935132e+01 -3.577911077713629151e+00 0.000000000000000000e+00 0.000000000000000000e+00 -3.270753164152040426e-03 1.460957218203167568e-02 1.456766507904210493e-02 1.041796429352754780e-02
4.792524422504547488e+02 2.428388948240279319e+02 -2.213880857386010703e+00 0.000000000000000000e+00 0.000000000000000000e+00 2.256233893379011590e-02 1.601476867460796885e-02 1.597272077216866856e-02 1.141187273834490083e-02
8.551252196274189146e+02 2.501557100444450725e+02 -6.238653252532788684e+00 0.000000000000000000e+00 0.000000000000000000e+00 7.174420726245855917e-03 1.460957218203167568e-02 1.456766507904210493e-02 1.041806898780542508e-02
1.334408547929612496e+03 8.155092403813807778e+01 -1.424120032231066268e+01 0.000000000000000000e+00 0.000000000000000000e+00 3.038257631530427716e-03 1.416549742342457577e-02 1.364830333952172375e-02 1.034448981006317290e-02
1.524030548286636986e+03 2.522336103568087537e+02 -1.886981163035903108e+01 0.000000000000000000e+00 0.000000000000000000e+00 4.959470327499104769e-04 1.515583294565981537e-02 1.416954142257449700e-02 1.127084573077212319e-02
1.149799157345320054e+03 -1.708188312695181992e+02 -1.076359046797503893e+01 0.000000000000000000e+00 0.000000000000000000e+00 -3.336303629948744742e-03 1.557169079983586682e-02 1.505711080963401463e-02 1.133839281127356144e-02
1.149146025477224384e+03 2.469685507755999652e+02 -1.091676274388682621e+01 0.000000000000000000e+00 0.000000000000000000e+00 -7.429906241588568605e-03 1.557169079983586682e-02 1.505711080963401463e-02 1.133839313996615368e-02
1.525142581950920430e+03 -1.682403377096188990e+02 -1.873608594901727642e+01 0.000000000000000000e+00 0.000000000000000000e+00 2.689744436015928386e-02 1.515583294565981537e-02 1.416954142257449700e-02 1.127084931761484013e-02
8.590043610047629272e+02 -5.000190363602762318e+02 -7.533187152345718118e+00 0.000000000000000000e+00 0.000000000000000000e+00 2.234861239835783664e-02 1.504732022306978778e-02 1.502597453794620071e-02 1.068495893964289609e-02
8.607345372383405220e+02 -9.211740631581390062e+02 -1.142671362746260932e+01 0.000000000000000000e+00 0.000000000000000000e+00 -1.964538951203387285e-02 1.504732022306978778e-02 1.502597453794620071e-02 1.068509236272033314e-02
6.703223965803130113e+02 -6.713967943682330315e+02 -6.517555989058680055e+00 0.000000000000000000e+00 0.000000000000000000e+00 9.335528364593947970e-03 1.504732022306978778e-02 1.502597453794620071e-02 1.068490468020007189e-02
4.843724996686661939e+02 -9.229586558805737013e+02 -7.385378064795764530e+00 0.000000000000000000e+00 0.000000000000000000e+00 -8.627873295221633043e-04 1.504732022306978778e-02 1.502597453794620071e-02 1.068491942188518756e-02
4.837832729504141867e+02 -5.071049757341624513e+02 -3.537743778698349217e+00 0.000000000000000000e+00 0.000000000000000000e+00 1.637193974646677930e-03 1.557169079983586682e-02 1.505711080963401463e-02 1.133806811420882792e-02
2.197373016544090206e+03 -9.151824219220760597e+02 -4.368608789659824509e+01 0.000000000000000000e+00 0.000000000000000000e+00 6.634654114044735707e-03 1.596138797390531106e-02 1.640676286322463248e-02 1.105028265829812242e-02
2.006863117902977820e+03 -6.640985500618296555e+02 -3.486279710968332779e+01 0.000000000000000000e+00 0.000000000000000000e+00 -1.148137279628258511e-03 1.551678590166202278e-02 1.551678590166198114e-02 1.097352782806118934e-02
1.819871640140361251e+03 -4.995331041077643590e+02 -2.798835411428816755e+01 0.000000000000000000e+00 0.000000000000000000e+00 3.235829407607582198e-03 1.656134687218432586e-02 1.557964842239734256e-02 1.226541825590853931e-02
1.822294461491642778e+03 -9.178522004272642789e+02 -3.189111295681217584e+01 0.000000000000000000e+00 0.000000000000000000e+00 -1.527565921998785825e-02 1.656134687218432586e-02 1.557964842239734256e-02 1.226554412279706567e-02
2.197249595001757370e+03 -4.926643794808824168e+02 -3.984310574855580001e+01 0.000000000000000000e+00 0.000000000000000000e+00 2.584033897095139309e-02 1.602580273147355752e-02 1.554693924335609663e-02 1.161088402175682911e-02
2.202796930331275689e+03 -1.242635925423239314e+03 -4.837973393891788021e+01 0.000000000000000000e+00 0.000000000000000000e+00 -2.280012345926252237e-02 1.692740280181311702e-02 1.692740280181306844e-02 1.197168768887630838e-02
1.827376992232441125e+03 -1.248337871540655669e+03 -3.662882915294494524e+01 0.000000000000000000e+00 0.000000000000000000e+00 -1.062034703473813124e-02 1.602580273147355752e-02 1.554693924335609663e-02 1.161065601418138915e-02
2.012060672046215132e+03 -1.413189341767158567e+03 -4.498754522036523440e+01 0.000000000000000000e+00 0.000000000000000000e+00 -1.357923407810091021e-02 1.602580273147355752e-02 1.554693924335609663e-02 1.161098603896231971e-02
1.827724638895867429e+03 -1.664037518153334304e+03 -4.435573582435494444e+01 0.000000000000000000e+00 0.000000000000000000e+00 1.636655947763188124e-04 1.602580273147355752e-02 1.554693924335609663e-02 1.161090297661065973e-02
2.202773312940302276e+03 -1.662676380580214072e+03 -5.609879686668904952e+01 0.000000000000000000e+00 0.000000000000000000e+00 2.060203528803583595e-02 1.692740280181311702e-02 1.692740280181306844e-02 1.197196398565634860e-02
2.491725121432616106e+03 -9.133466527944814288e+02 -5.438931069011341890e+01 0.000000000000000000e+00 0.000000000000000000e+00 -1.565541512036361382e-02 1.737092991744853404e-02 1.781624903483973801e-02 1.204817575533067078e-02
2.867320756851311216e+03 -9.110934308704956948e+02 -6.982658684661680581e+01 0.000000000000000000e+00 0.000000000000000000e+00 1.300645922069065819e-02 1.878063328054386735e-02 1.922590106524925749e-02 1.304642832864721068e-02
2.677682834976488721e+03 -6.615770203285459274e+02 -5.926808775731444001e+01 0.000000000000000000e+00 0.000000000000000000e+00 -2.057417747835188493e-03 1.785584244881555094e-02 1.831023870572755577e-02 1.235223140327274677e-02
2.866855729467054061e+03 -4.909044356332049119e+02 -6.604039408431856373e+01 0.000000000000000000e+00 0.000000000000000000e+00 -2.644519180819315807e-03 1.833801970196421299e-02 1.833801970196416095e-02 1.297029326266127373e-02
2.494612592294195565e+03 -4.970962632313085123e+02 -5.072378821511136948e+01 0.000000000000000000e+00 0.000000000000000000e+00 -9.495313598513632769e-03 1.692740280181311702e-02 1.692740280181306844e-02 1.197187233112881853e-02
2.497114147382541432e+03 -1.664044342424724164e+03 -6.678780505170087167e+01 0.000000000000000000e+00 0.000000000000000000e+00 -6.567470996088786706e-03 1.878063328054386735e-02 1.922590106524925749e-02 1.304614898821030225e-02
2.493070737342341090e+03 -1.246883034015906787e+03 -5.901040187095908607e+01 0.000000000000000000e+00 0.000000000000000000e+00 2.087101131670721088e-02 1.737092991744853404e-02 1.781624903483973801e-02 1.204835999870457544e-02
2.679566948874724403e+03 -1.411109956430564807e+03 -6.916063722158038729e+01 0.000000000000000000e+00 0.000000000000000000e+00 -1.988116611885004659e-02 1.924469759423312609e-02 2.013599061572106733e-02 1.312745237743536374e-02
2.867843707044588427e+03 -1.237398996524090080e+03 -7.425090911571577124e+01 0.000000000000000000e+00 0.000000000000000000e+00 -1.305742418693967011e-03 1.924469759423312609e-02 2.013599061572106733e-02 1.312774887588671544e-02
2.871942423539579977e+03 -1.660029823498314045e+03 -8.202029435306063476e+01 0.000000000000000000e+00 0.000000000000000000e+00 1.398531066531916167e-02 1.924469759423312609e-02 2.013599061572106733e-02 1.312808577149352125e-02
1.523497524004568049e+03 1.004910003602114330e+03 -2.467623483526056205e+01 0.000000000000000000e+00 0.000000000000000000e+00 2.137496981250208705e-02 1.472131195658648618e-02 1.368257501957105202e-02 1.101831151779499203e-02
1.332961631870123483e+03 8.331552349214250626e+02 -1.845549234113371284e+01 0.000000000000000000e+00 0.000000000000000000e+00 3.364389429385994390e-03 1.472131195658648618e-02 1.368257501957105202e-02 1.101810125410695659e-02
1.524779507426544569e+03 5.830564413684390956e+02 -2.057838761227115043e+01 0.000000000000000000e+00 0.000000000000000000e+00 -3.046526242254543604e-03 1.472131195658648618e-02 1.368257501957105202e-02 1.101821327299469695e-02
1.149638128900451193e+03 5.826910255844070434e+02 -1.265927581906449717e+01 0.000000000000000000e+00 0.000000000000000000e+00 7.750312934918568430e-03 1.472131195658648618e-02 1.368257501957105202e-02 1.101790849085726789e-02
1.148246882104953784e+03 9.974908285409543396e+02 -1.671978517718081036e+01 0.000000000000000000e+00 0.000000000000000000e+00 2.494928446008515266e-03 1.416549742342457577e-02 1.364830333952172375e-02 1.034451138062288632e-02
2.192315655231848723e+03 1.007232123639566112e+03 -4.401937322636980099e+01 0.000000000000000000e+00 0.000000000000000000e+00 -2.741473022751250710e-02 1.572104097410383788e-02 1.420542252996920274e-02 1.194540920024297903e-02
1.818037570454129536e+03 9.996559373377373277e+02 -3.229187455547481989e+01 0.000000000000000000e+00 0.000000000000000000e+00 -1.050367904755944437e-02 1.472131195658648618e-02 1.368257501957105202e-02 1.101860013108893130e-02
1.818050843788025759e+03 5.849429179235186211e+02 -2.828577776834319479e+01 0.000000000000000000e+00 0.000000000000000000e+00 -6.676627204228680057e-03 1.515583294565981537e-02 1.416954142257449700e-02 1.127119242440951033e-02
2.192299962574746132e+03 5.855097980075541955e+02 -3.998833390240194063e+01 0.000000000000000000e+00 0.000000000000000000e+00 -3.144630339750165149e-02 1.557169079983586682e-02 1.505711080963401463e-02 1.133957956057127410e-02
2.002515354721155290e+03 8.349609885377125238e+02 -3.593638682563585007e+01 0.000000000000000000e+00 0.000000000000000000e+00 4.222168801874204291e-03 1.515583294565981537e-02 1.416954142257449700e-02 1.127145916449298103e-02
2.487265394976985590e+03 1.003802469392288231e+03 -5.459402684258811433e+01 0.000000000000000000e+00 0.000000000000000000e+00 -1.464356812285672049e-02 1.697861806968756909e-02 1.646622810171105566e-02 1.233486730591459857e-02
2.486815331186038748e+03 5.870752873945880310e+02 -5.065417977538098881e+01 0.000000000000000000e+00 0.000000000000000000e+00 9.564279224989036265e-03 1.645665866826000190e-02 1.643528347089507485e-02 1.168353872839271099e-02
2.861758979882996300e+03 5.873961896756743499e+02 -6.601236007054141908e+01 0.000000000000000000e+00 0.000000000000000000e+00 -5.789935444951765930e-03 1.972869898942297348e-02 2.106541016706272446e-02 1.321343837720307356e-02
2.860601707402370721e+03 1.008216820452340585e+03 -6.985968640292222176e+01 0.000000000000000000e+00 0.000000000000000000e+00 1.500213424509411198e-02 2.067571104803150178e-02 2.199378993976736779e-02 1.382769050466037958e-02
2.671769612162378507e+03 8.386119720633108727e+02 -6.007766386286136395e+01 0.000000000000000000e+00 0.000000000000000000e+00 -7.394219375882471468e-04 1.924469759423312609e-02 2.013599061572106733e-02 1.312693873308218642e-02
1.820552915041829237e+03 2.488011055768405981e+02 -2.667056751395272229e+01 0.000000000000000000e+00 0.000000000000000000e+00 5.988929431996581343e-03 1.515583294565981537e-02 1.416954142257449700e-02 1.127115814265532492e-02
1.820545593392770115e+03 -1.680177395256761770e+02 -2.654360336421637001e+01 0.000000000000000000e+00 0.000000000000000000e+00 1.023298225043589582e-02 1.557169079983586682e-02 1.505711080963401463e-02 1.133906251754557629e-02
2.195125426570065883e+03 2.555162481394092424e+02 -3.845307416422065216e+01 0.000000000000000000e+00 0.000000000000000000e+00 1.329489643119075026e-03 1.557169079983586682e-02 1.505711080963401463e-02 1.133954727680294879e-02
2.195963451013083159e+03 -1.656963166601787520e+02 -3.836290141095091855e+01 0.000000000000000000e+00 0.000000000000000000e+00 2.081267403396935833e-02 1.557169079983586682e-02 1.505711080963401463e-02 1.133955877582358378e-02
2.004921032175283699e+03 8.429753303964136535e+01 -3.189533048572360840e+01 0.000000000000000000e+00 0.000000000000000000e+00 2.012140480861290825e-03 1.557169079983586682e-02 1.505711080963401463e-02 1.133928314078075025e-02
1.154327438753134402e+03 -5.029634845584328673e+02 -1.230621831654191034e+01 0.000000000000000000e+00 0.000000000000000000e+00 4.994900757163023286e-02 1.504732022306978778e-02 1.502597453794620071e-02 1.068516188023009572e-02
1.339661611451703266e+03 -6.687801747089411037e+02 -1.724964200268751924e+01 0.000000000000000000e+00 0.000000000000000000e+00 1.849418696814808527e-02 1.557169079983586682e-02 1.505711080963401463e-02 1.133864430903036048e-02
1.529998840390975602e+03 -9.176738794952586886e+02 -2.414100634175850146e+01 0.000000000000000000e+00 0.000000000000000000e+00 3.489567608772503604e-02 1.504732022306978778e-02 1.502597453794620071e-02 1.068563209469072448e-02
1.154014718610538011e+03 -9.190839993132464087e+02 -1.612751098114835457e+01 0.000000000000000000e+00 0.000000000000000000e+00 1.392151142173858602e-02 1.557169079983586682e-02 1.505711080963401463e-02 1.133856926902915112e-02
1.529274537903787405e+03 -4.980563527589434329e+02 -2.028080376085532066e+01 0.000000000000000000e+00 0.000000000000000000e+00 -8.028511362208945457e-03 1.504732022306978778e-02 1.502597453794620071e-02 1.068549968015712268e-02
-2.493237406905105217e+03 9.831326492558155223e+02 -5.457795995672051248e+01 0.000000000000000000e+00 0.000000000000000000e+00 5.445835342874261187e-02 1.971818554335814586e-02 2.060902517851939675e-02 1.342809448290893312e-02
-2.869283365911747296e+03 5.628220688637300100e+02 -6.617883355613460594e+01 0.000000000000000000e+00 0.000000000000000000e+00 -6.116095265585386187e-02 2.749967215810869905e-02 2.977973433106892789e-02 1.829639016322134881e-02
-2.686056986019018041e+03 8.175876111767465773e+02 -6.045798258519390345e+01 0.000000000000000000e+00 0.000000000000000000e+00 4.069699355387257356e-02 2.399666634281253513e-02 2.579047949009868196e-02 1.600510263898186764e-02
-2.495182291969283142e+03 5.644092086720984298e+02 -5.082236553217239816e+01 0.000000000000000000e+00 0.000000000000000000e+00 5.386046961424284518e-02 2.065231282542939403e-02 2.154355776974275008e-02 1.412340432898054679e-02
-2.865677182277222983e+03 9.813977582359198095e+02 -6.976836208166382391e+01 0.000000000000000000e+00 0.000000000000000000e+00 -1.857544422945522911e-02 2.254545735583658381e-02 2.297898605069209621e-02 1.574980092600727563e-02
-2.199550402307090280e+03 9.853678063775547571e+02 -4.400259125827393802e+01 0.000000000000000000e+00 0.000000000000000000e+00 2.122390136761964641e-03 1.785584244881555094e-02 1.831023870572755577e-02 1.235136956509483991e-02
-2.016705884457311413e+03 8.193954788096199309e+02 -3.622376228954018984e+01 0.000000000000000000e+00 0.000000000000000000e+00 8.723025304384179890e-03 1.737092991744853404e-02 1.781624903483973801e-02 1.204724467466434905e-02
-1.825658775059814843e+03 9.879765428263717695e+02 -3.236636815908080678e+01 0.000000000000000000e+00 0.000000000000000000e+00 1.066241634183739961e-02 1.785584244881555094e-02 1.831023870572755577e-02 1.235079700902464578e-02
-2.199114428839819084e+03 5.659443300047377079e+02 -4.008644181055822742e+01 0.000000000000000000e+00 0.000000000000000000e+00 2.181353254405138387e-02 1.924469759423312609e-02 2.013599061572106733e-02 1.312590047131573581e-02
-1.826332933436475514e+03 5.669061717857526901e+02 -2.839588214699717028e+01 0.000000000000000000e+00 0.000000000000000000e+00 3.315269644648211056e-02 1.878063328054386735e-02 1.922590106524925749e-02 1.304424516372643811e-02
1.536145793064471491e+03 -1.994823925409467847e+03 -4.435376482771169293e+01 0.000000000000000000e+00 0.000000000000000000e+00 -1.166015898092354064e-02 1.551678590166202278e-02 1.551678590166198114e-02 1.097373451006359094e-02
1.536129654231117684e+03 -2.413655583918800858e+03 -5.600958163982488713e+01 0.000000000000000000e+00 0.000000000000000000e+00 -1.212801004596286703e-02 1.692740280181311702e-02 1.692740280181306844e-02 1.197177073255827930e-02
1.160918418798336461e+03 -2.417136130927749946e+03 -4.822738334190818676e+01 0.000000000000000000e+00 0.000000000000000000e+00 1.248428787660316175e-02 1.692740280181311702e-02 1.692740280181306844e-02 1.197141763136152885e-02
1.346362048521012184e+03 -2.165863227181615912e+03 -4.457796787958833562e+01 0.000000000000000000e+00 0.000000000000000000e+00 -1.706431391654206209e-02 1.596138797390531106e-02 1.640676286322463248e-02 1.105014328173547881e-02
1.159748395862276084e+03 -2.001772077415213516e+03 -3.654474032445204301e+01 0.000000000000000000e+00 0.000000000000000000e+00 1.006288535869259704e-02 1.551678590166202278e-02 1.551678590166198114e-02 1.097340053981029143e-02
1.533550213041103007e+03 -1.667637774065173289e+03 -3.666333530678935659e+01 0.000000000000000000e+00 0.000000000000000000e+00 6.081540423835463116e-03 1.551678590166202278e-02 1.551678590166198114e-02 1.097347365839227915e-02
1.341765889622032546e+03 -1.418547346752024396e+03 -2.737805535082110353e+01 0.000000000000000000e+00 0.000000000000000000e+00 1.362208546132492870e-02 1.602580273147355752e-02 1.554693924335609663e-02 1.161021965011819340e-02
1.533844393221535256e+03 -1.246651083398933451e+03 -2.881494783664158277e+01 0.000000000000000000e+00 0.000000000000000000e+00 -4.492555599085790163e-03 1.551678590166202278e-02 1.551678590166198114e-02 1.097320450068755421e-02
1.158531525224738516e+03 -1.253057018033523264e+03 -2.088987696734065835e+01 0.000000000000000000e+00 0.000000000000000000e+00 -2.500658741070083124e-03 1.557169079983586682e-02 1.505711080963401463e-02 1.133872257075868584e-02
1.158589231414172900e+03 -1.668344046981194651e+03 -2.869182781452603592e+01 0.000000000000000000e+00 0.000000000000000000e+00 -1.396236577482667940e-02 1.551678590166202278e-02 1.551678590166198114e-02 1.097312931921316098e-02
1.467697629099097290e-01 -6.744431199714267677e+02 -2.932532108837310414e+00 0.000000000000000000e+00 0.000000000000000000e+00 -2.790868491808984331e-02 1.557169079983586682e-02 1.505711080963401463e-02 1.133802805141571370e-02
1.904154741356539375e+02 -5.028895622213580623e+02 -1.920404063374373083e+00 0.000000000000000000e+00 0.000000000000000000e+00 1.011590281662755331e-03 1.557169079983586682e-02 1.505711080963401463e-02 1.133799858096567158e-02
-1.845721346896673367e+02 -5.092319467211341362e+02 -1.944197087864598661e+00 0.000000000000000000e+00 0.000000000000000000e+00 -1.665923484959197509e-02 1.601476867460796885e-02 1.597272077216866856e-02 1.141184961198352631e-02
-1.846383834883681061e+02 -9.252932965594676489e+02 -5.800543245809568482e+00 0.000000000000000000e+00 0.000000000000000000e+00 -1.610705430642589420e-02 1.601476867460796885e-02 1.597272077216866856e-02 1.141198887993875692e-02
1.906842953590301590e+02 -9.235166293200479686e+02 -5.797564825861163840e+00 0.000000000000000000e+00 0.000000000000000000e+00 -1.929801850336865243e-03 1.504732022306978778e-02 1.502597453794620071e-02 1.068485131780097692e-02
1.871233306608469320e+02 -1.721561216555249700e+02 -4.715687306749720697e-01 0.000000000000000000e+00 0.000000000000000000e+00 -1.364050036632152851e-02 1.557169079983586682e-02 1.505711080963401463e-02 1.133795175039217437e-02
-1.882799969978402714e+02 -1.733481370487670574e+02 -4.777051777591103110e-01 0.000000000000000000e+00 0.000000000000000000e+00 -2.099698019956502959e-02 1.557169079983586682e-02 1.505711080963401463e-02 1.133795198580291388e-02
1.849292427203003513e+02 2.492952131379016691e+02 -6.713412929259093831e-01 0.000000000000000000e+00 0.000000000000000000e+00 7.642418854437837972e-03 1.557169079983586682e-02 1.505711080963401463e-02 1.133795792531152279e-02
-1.909618348267865713e+02 2.421128501947623306e+02 -6.669371031880901857e-01 0.000000000000000000e+00 0.000000000000000000e+00 -8.149410725442618464e-03 1.655066985755890285e-02 1.600455978759086559e-02 1.207755317900582534e-02
-4.254275272155142673e+00 7.731252479299701008e+01 -3.846559679902886858e-02 0.000000000000000000e+00 0.000000000000000000e+00 -2.538204151470411368e-02 1.601476867460796885e-02 1.597272077216866856e-02 1.141177842272392447e-02
1.828942865823263446e+03 -1.997505352634112796e+03 -5.211901251753801745e+01 0.000000000000000000e+00 0.000000000000000000e+00 4.626553425644885920e-03 1.692740280181311702e-02 1.692740280181306844e-02 1.197170309163194703e-02
2.204809411512159841e+03 -1.990947343030924912e+03 -6.369007003782879650e+01 0.000000000000000000e+00 0.000000000000000000e+00 -8.483584267899857423e-03 1.692740280181311702e-02 1.692740280181306844e-02 1.197222988521633863e-02
2.014554642236133077e+03 -2.162628859294653921e+03 -6.195997340261487096e+01 0.000000000000000000e+00 0.000000000000000000e+00 -1.936936939874556174e-02 1.692740280181311702e-02 1.692740280181306844e-02 1.197210647375076230e-02
1.830183485043210339e+03 -2.412788568188358568e+03 -6.363951927385605956e+01 0.000000000000000000e+00 0.000000000000000000e+00 -2.600885743781589099e-02 1.742466266459254814e-02 1.744657781354626291e-02 1.227779747185243388e-02
2.205243854608723268e+03 -2.410820975631175770e+03 -7.517139002609575016e+01 0.000000000000000000e+00 0.000000000000000000e+00 -2.209826515549195847e-02 1.742466266459254814e-02 1.744657781354626291e-02 1.227832315738197622e-02
6.730520504014388052e+02 -1.419732067644054723e+03 -1.665818452707641484e+01 0.000000000000000000e+00 0.000000000000000000e+00 1.082545761974529341e-03 1.504732022306978778e-02 1.502597453794620071e-02 1.068525040011249379e-02
8.621735484630063411e+02 -1.246255162895910644e+03 -1.599730734287541800e+01 0.000000000000000000e+00 0.000000000000000000e+00 6.089175709826477600e-03 1.557169079983586682e-02 1.505711080963401463e-02 1.133851428121456818e-02
8.642131188230092675e+02 -1.667090262387343273e+03 -2.392740382414045186e+01 0.000000000000000000e+00 0.000000000000000000e+00 -8.752474308195701269e-04 1.504732022306978778e-02 1.502597453794620071e-02 1.068551630696331321e-02
4.871933445260589792e+02 -1.254815917428210241e+03 -1.207985006887247970e+01 0.000000000000000000e+00 0.000000000000000000e+00 -5.301743396614710946e-03 1.504732022306978778e-02 1.502597453794620071e-02 1.068507976846838625e-02
4.883764691323705733e+02 -1.671077755237791735e+03 -1.995332898024932788e+01 0.000000000000000000e+00 0.000000000000000000e+00 1.452897077550119320e-02 1.504732022306978778e-02 1.502597453794620071e-02 1.068534783520732473e-02
1.925887789281530900e+02 -1.671735103216942434e+03 -1.835504593243237537e+01 0.000000000000000000e+00 0.000000000000000000e+00 1.519434967590882479e-03 1.601476867460796885e-02 1.597272077216866856e-02 1.141244252669850606e-02
-1.829069671089121130e+02 -1.674110819189073254e+03 -1.837722023696084506e+01 0.000000000000000000e+00 0.000000000000000000e+00 6.888148961508022694e-03 1.601476867460796885e-02 1.597272077216866856e-02 1.141244306721109041e-02
2.679612845952980216e+00 -1.422307151527869564e+03 -1.307240664470108982e+01 0.000000000000000000e+00 0.000000000000000000e+00 -7.018713618744953919e-04 1.601476867460796885e-02 1.597272077216866856e-02 1.141224916963216700e-02
1.927597413192953013e+02 -1.250289657908438812e+03 -1.039816390590733697e+01 0.000000000000000000e+00 0.000000000000000000e+00 1.066231563020991757e-03 1.504732022306978778e-02 1.502597453794620071e-02 1.068500853190978810e-02
-1.819006403228423210e+02 -1.257347735699238001e+03 -1.047992411385591360e+01 0.000000000000000000e+00 0.000000000000000000e+00 4.994155060611404906e-03 1.601476867460796885e-02 1.597272077216866856e-02 1.141215792683468629e-02
8.663425538543738185e+02 -1.997268981732165457e+03 -3.172387050081231408e+01 0.000000000000000000e+00 0.000000000000000000e+00 8.587844771867025884e-03 1.596138797390531106e-02 1.640676286322463248e-02 1.104959753717474347e-02
4.915514356269569589e+02 -2.004196879616875322e+03 -2.785706116015559175e+01 0.000000000000000000e+00 0.000000000000000000e+00 -1.220512332945844491e-03 1.645665866826000190e-02 1.643528347089507485e-02 1.168233186636343131e-02
6.764620384567223255e+02 -2.169338419394001448e+03 -3.398946134364981475e+01 0.000000000000000000e+00 0.000000000000000000e+00 -6.879306591869749354e-03 1.645665866826000190e-02 1.643528347089507485e-02 1.168257267497676589e-02
8.666393988638195651e+02 -2.416923666522269286e+03 -4.354103522948414451e+01 0.000000000000000000e+00 0.000000000000000000e+00 -1.079346977665096574e-02 1.645665866826000190e-02 1.643528347089507485e-02 1.168294044179307364e-02
4.923361210378198507e+02 -2.420623595049971300e+03 -3.964838943261233339e+01 0.000000000000000000e+00 0.000000000000000000e+00 1.204574447591966191e-02 1.645665866826000190e-02 1.643528347089507485e-02 1.168276627899599192e-02
-4.809427455044434510e+02 -1.779279565538636234e+02 -2.059682457177083315e+00 0.000000000000000000e+00 0.000000000000000000e+00 -1.387238960483205830e-02 1.700402638541786277e-02 1.694189180850737622e-02 1.215298353460886674e-02
-4.814815715977479726e+02 2.442714201868565738e+02 -2.235425856776569020e+00 0.000000000000000000e+00 0.000000000000000000e+00 8.470842527795063859e-03 1.742084131545888759e-02 1.737867750878005838e-02 1.240640263656203265e-02
-6.729237444222475233e+02 7.262654015927122941e+01 -3.658249941751964052e+00 0.000000000000000000e+00 0.000000000000000000e+00 -9.515177579889844139e-03 1.742084131545888759e-02 1.737867750878005838e-02 1.240647602518422932e-02
-8.575306523185407741e+02 -1.793718392149222325e+02 -6.099705941631843764e+00 0.000000000000000000e+00 0.000000000000000000e+00 6.309555133877431388e-03 1.840551378153742687e-02 1.834312711275040003e-02 1.314479308471511870e-02
-8.561498945106235396e+02 2.381230840503887407e+02 -6.215806247867488032e+00 0.000000000000000000e+00 0.000000000000000000e+00 1.700442663866308379e-02 1.742084131545888759e-02 1.737867750878005838e-02 1.240659640033889288e-02
2.499990885912010526e+03 -1.995361986499288605e+03 -7.443096412763490832e+01 0.000000000000000000e+00 0.000000000000000000e+00 -1.671058054175489360e-02 1.833801970196421299e-02 1.833801970196416095e-02 1.297043437713102897e-02
2.500528826718816163e+03 -2.411981148957775531e+03 -8.572264337958424107e+01 0.000000000000000000e+00 0.000000000000000000e+00 -1.205450370918015324e-02 1.974863660211530550e-02 1.974863660211524652e-02 1.396859053883971712e-02
2.874204716778718193e+03 -1.988178339791317967e+03 -8.944978902494437989e+01 0.000000000000000000e+00 0.000000000000000000e+00 2.347130001425057344e-02 2.160039784575620847e-02 2.204557543370897627e-02 1.504241777640000048e-02
2.684988106860600965e+03 -2.160423902423695381e+03 -8.590634861814015721e+01 0.000000000000000000e+00 0.000000000000000000e+00 -3.532446657314380900e-02 1.974863660211530550e-02 1.974863660211524652e-02 1.396869147377945847e-02
2.874699625056965488e+03 -2.409155442094910541e+03 -1.006505430704183368e+02 0.000000000000000000e+00 0.000000000000000000e+00 3.243338065112766344e-02 2.348795763960416158e-02 2.481313846771299875e-02 1.581951617753464198e-02
-4.786466052751211464e+02 -5.074965788720561477e+02 -3.500593523381249295e+00 0.000000000000000000e+00 0.000000000000000000e+00 -6.860640015632579747e-03 1.601476867460796885e-02 1.597272077216866856e-02 1.141192036112435339e-02
-8.531219635038336264e+02 -9.290610931087460358e+02 -1.141647352755112621e+01 0.000000000000000000e+00 0.000000000000000000e+00 -3.589297794023948995e-03 1.645665866826000190e-02 1.643528347089507485e-02 1.168175750315017872e-02
-4.791212153554304223e+02 -9.276913794354668426e+02 -7.401336678789068202e+00 0.000000000000000000e+00 0.000000000000000000e+00 -2.194072373886690741e-03 1.601476867460796885e-02 1.597272077216866856e-02 1.141206136829668073e-02
-6.694961513654542387e+02 -6.785280408014168643e+02 -6.570890174291133867e+00 0.000000000000000000e+00 0.000000000000000000e+00 -1.002354941468830418e-02 1.601476867460796885e-02 1.597272077216866856e-02 1.141204761023125944e-02
-8.540668400155772133e+02 -5.121543129075383831e+02 -7.544920435388155155e+00 0.000000000000000000e+00 0.000000000000000000e+00 8.463999116529841160e-03 1.742084131545888759e-02 1.737867750878005838e-02 1.240665255915303702e-02
2.209962103734905668e+03 -2.739791966562484959e+03 -8.570149130328259446e+01 0.000000000000000000e+00 0.000000000000000000e+00 -3.094051890711568831e-02 1.977310420608521108e-02 2.023883796512969402e-02 1.366844834186668745e-02
1.835585323342109177e+03 -2.745810702757051331e+03 -7.443541054316861505e+01 0.000000000000000000e+00 0.000000000000000000e+00 1.454502150437519958e-03 1.836517261519039768e-02 1.882919653604908650e-02 1.267251119846077821e-02
2.208517108007115894e+03 -3.160328702876914576e+03 -1.005817299046011613e+02 0.000000000000000000e+00 0.000000000000000000e+00 -9.568173736852259026e-03 2.265135722413479796e-02 2.224101009652227137e-02 1.619820033118953700e-02
1.835065494727929263e+03 -3.163218072975396353e+03 -8.946153223038845681e+01 0.000000000000000000e+00 0.000000000000000000e+00 -6.982402212258875807e-03 2.165399660431281681e-02 2.167586647384359827e-02 1.527030094838977177e-02
2.018964113557594601e+03 -2.910178007887841432e+03 -8.547444227224814028e+01 0.000000000000000000e+00 0.000000000000000000e+00 9.323345195895171855e-04 2.118139312655458947e-02 2.164860647345160163e-02 1.466410164893960921e-02
-2.500829862635345762e+03 2.476942277378735980e+03 -8.541390660945475588e+01 0.000000000000000000e+00 0.000000000000000000e+00 4.370251564756699736e-02 1.791844652885817360e-02 1.747573181680889612e-02 1.289982426660487083e-02
-2.691472542173519287e+03 2.308604045221530669e+03 -8.807418060061789333e+01 0.000000000000000000e+00 0.000000000000000000e+00 1.492546633900815323e-02 1.884491900181447036e-02 1.836797598345664070e-02 1.360643732154553573e-02
-2.874639339674018174e+03 2.473492564085546746e+03 -1.002045292989658947e+02 0.000000000000000000e+00 0.000000000000000000e+00 -7.103589365732432270e-02 2.307456394528595994e-02 2.259962334093355840e-02 1.659876342589847523e-02
-2.875295139140695937e+03 2.057499968821538459e+03 -8.929603610379083989e+01 0.000000000000000000e+00 0.000000000000000000e+00 -9.377131655810444499e-03 1.932820291216346201e-02 1.888534729522545197e-02 1.389772777569110024e-02
-2.502059686042898647e+03 2.057657428229749257e+03 -7.428886084864936379e+01 0.000000000000000000e+00 0.000000000000000000e+00 1.148795356101572906e-03 1.883431501856235729e-02 1.885621296342574263e-02 1.327532186285334571e-02
-2.218006840317685601e+03 2.810509658947221396e+03 -8.580666466874363607e+01 0.000000000000000000e+00 0.000000000000000000e+00 1.230642547029958678e-02 1.883431501856235729e-02 1.885621296342574263e-02 1.327562171534413422e-02
-1.843145740552685311e+03 2.808591257990977738e+03 -7.437912002893305896e+01 0.000000000000000000e+00 0.000000000000000000e+00 -7.717528050719124622e-03 1.883431501856235729e-02 1.885621296342574263e-02 1.327509730878863314e-02
-2.210457203150354871e+03 3.220634222792011315e+03 -9.996814722411512832e+01 0.000000000000000000e+00 0.000000000000000000e+00 -2.575512136500890392e-02 1.932820291216346201e-02 1.888534729522545197e-02 1.389775017800402857e-02
-2.030551935934103994e+03 3.058643795912171299e+03 -8.841257486671615595e+01 0.000000000000000000e+00 0.000000000000000000e+00 1.463891579685139277e-02 1.791844652885817360e-02 1.747573181680889612e-02 1.289974110985211975e-02
-1.837366053145782416e+03 3.222161251783690204e+03 -8.887649426898566674e+01 0.000000000000000000e+00 0.000000000000000000e+00 3.059244897748669700e-02 1.974863660211530550e-02 1.974863660211524652e-02 1.396829963797388378e-02
-2.205704223216833270e+03 2.475998454651146858e+03 -7.500392628556325292e+01 0.000000000000000000e+00 0.000000000000000000e+00 1.574460491399065631e-02 1.895611219459260310e-02 1.858430770680062627e-02 1.352773361645750669e-02
-2.208867780354690694e+03 2.063369160269306121e+03 -6.400719875498833744e+01 0.000000000000000000e+00 0.000000000000000000e+00 -2.264141420656073933e-02 1.701833151749411119e-02 1.661240062339136569e-02 1.220901293317483774e-02
-2.024689672569445065e+03 2.314160835922337810e+03 -6.464308701512655375e+01 0.000000000000000000e+00 0.000000000000000000e+00 -2.594963324261811977e-02 1.701833151749411119e-02 1.661240062339136569e-02 1.220896353678332762e-02
-1.834404231750169401e+03 2.061689736507111775e+03 -5.245832537235879300e+01 0.000000000000000000e+00 0.000000000000000000e+00 -3.582900592178361876e-04 1.742466266459254814e-02 1.744657781354626291e-02 1.227727201002876828e-02
-1.834686530854310604e+03 2.479606168575651282e+03 -6.382393667503285428e+01 0.000000000000000000e+00 0.000000000000000000e+00 -1.875204859855017503e-02 1.701833151749411119e-02 1.661240062339136569e-02 1.220887845234270089e-02
-1.544021799183261010e+03 2.818129346887426891e+03 -6.708771353373865054e+01 0.000000000000000000e+00 0.000000000000000000e+00 7.564576509707876539e-03 1.842604628335567374e-02 1.801874033514735615e-02 1.320559275466001541e-02
-1.167649632820102852e+03 2.820092875878695395e+03 -5.945220874124409960e+01 0.000000000000000000e+00 0.000000000000000000e+00 3.123476237682609735e-03 1.650883715709010671e-02 1.606629212614901769e-02 1.190115673788256188e-02
-1.542162973300171416e+03 3.235933040619247095e+03 -8.198923136839810866e+01 0.000000000000000000e+00 0.000000000000000000e+00 1.506971387395594775e-02 1.833801970196421299e-02 1.833801970196416095e-02 1.297026230606945774e-02
-1.360101708178563740e+03 3.070501279039963265e+03 -7.188996292191488635e+01 0.000000000000000000e+00 0.000000000000000000e+00 1.270203803201752635e-03 1.833801970196421299e-02 1.833801970196416095e-02 1.296986220948178649e-02
-1.168840235445468124e+03 3.238043793018650376e+03 -7.451962663134304421e+01 0.000000000000000000e+00 0.000000000000000000e+00 -2.921202307675230259e-02 1.974863660211530550e-02 1.974863660211524652e-02 1.396762541953627118e-02
-8.740632774723796956e+02 2.819167038678384415e+03 -5.488032680496775839e+01 0.000000000000000000e+00 0.000000000000000000e+00 -2.994557455380686406e-03 1.650883715709010671e-02 1.606629212614901769e-02 1.190097460218848303e-02
-6.923434177031152785e+02 3.071324491558760656e+03 -6.161341734814529048e+01 0.000000000000000000e+00 0.000000000000000000e+00 -4.699320893001868171e-02 1.791844652885817360e-02 1.747573181680889612e-02 1.289860101471815637e-02
-5.010355912170597321e+02 2.819699440009509090e+03 -5.100256156638678107e+01 0.000000000000000000e+00 0.000000000000000000e+00 -1.749350203863997422e-02 1.702919731848870702e-02 1.609794607431830685e-02 1.254064572670917851e-02
-5.008368534296016037e+02 3.240205285908693440e+03 -6.624076201277020459e+01 0.000000000000000000e+00 0.000000000000000000e+00 -2.246450787438902807e-02 1.791844652885817360e-02 1.747573181680889612e-02 1.289875058881288089e-02
-8.717171312976682884e+02 3.238156472704086809e+03 -6.998378211394323500e+01 0.000000000000000000e+00 0.000000000000000000e+00 -1.858073751979816279e-02 2.073807632587849892e-02 2.029510193291760023e-02 1.489390051212097048e-02
-2.501643191817339812e+03 1.734228930961763126e+03 -6.702221212828185060e+01 0.000000000000000000e+00 0.000000000000000000e+00 -3.384648370385434646e-03 1.883431501856235729e-02 1.885621296342574263e-02 1.327506723125473388e-02
-2.874242893664321400e+03 1.727055686454555143e+03 -8.195517460518541952e+01 0.000000000000000000e+00 0.000000000000000000e+00 3.281150098132457060e-03 2.160653458483510064e-02 2.249599597889545208e-02 1.483493545102133361e-02
-2.691234282155922301e+03 1.565131289041004266e+03 -7.116734462615062284e+01 0.000000000000000000e+00 0.000000000000000000e+00 2.111692762952088742e-03 1.926552989271480137e-02 1.972077768505065692e-02 1.334957170228651992e-02
-2.500543775151862064e+03 1.316853099965776437e+03 -5.941991512499573247e+01 0.000000000000000000e+00 0.000000000000000000e+00 2.187364109821743341e-02 1.971818554335814586e-02 2.060902517851939675e-02 1.342829469750831013e-02
-2.873611626778840673e+03 1.316259393408805863e+03 -7.461261270001539003e+01 0.000000000000000000e+00 0.000000000000000000e+00 2.570217824448661759e-02 2.254545735583658381e-02 2.297898605069209621e-02 1.575000016675032893e-02
2.489670201483661003e+03 2.542330830759856610e+02 -4.915070825135560284e+01 0.000000000000000000e+00 0.000000000000000000e+00 4.357931776154799763e-02 1.645665866826000190e-02 1.643528347089507485e-02 1.168350573064259532e-02
2.490168898104809614e+03 -1.626025295029017173e+02 -4.907357343441434239e+01 0.000000000000000000e+00 0.000000000000000000e+00 4.504659204555849783e-02 1.645665866826000190e-02 1.643528347089507485e-02 1.168352159863631466e-02
2.675271481533749011e+03 8.944272452118050865e+01 -5.624732407831441350e+01 0.000000000000000000e+00 0.000000000000000000e+00 4.642977705461248661e-02 1.692740280181311702e-02 1.692740280181306844e-02 1.197212192615443316e-02
2.865740358773995922e+03 -1.609008751666323178e+02 -6.454493109767584258e+01 0.000000000000000000e+00 0.000000000000000000e+00 2.492036366594163610e-02 1.737092991744853404e-02 1.781624903483973801e-02 1.204868984715497769e-02
2.865571317438496862e+03 2.607169153877578083e+02 -6.462469590714516698e+01 0.000000000000000000e+00 0.000000000000000000e+00 3.373984691648956868e-02 1.832021514770656306e-02 1.875604329226867109e-02 1.275888012260307722e-02
2.015805168653049009e+02 -2.749569435572128441e+03 -4.885051823411250638e+01 0.000000000000000000e+00 0.000000000000000000e+00 1.480784286857783627e-02 1.737092991744853404e-02 1.781624903483973801e-02 1.204758431569437349e-02
2.017256252856197989e+02 -3.170154693418059651e+03 -6.445597284605119626e+01 0.000000000000000000e+00 0.000000000000000000e+00 1.056133154028771060e-02 1.833801970196421299e-02 1.833801970196416095e-02 1.296960665526213953e-02
1.060075106284129198e+01 -2.921358762173778814e+03 -5.467116107539031589e+01 0.000000000000000000e+00 0.000000000000000000e+00 5.916836867356778384e-03 1.737092991744853404e-02 1.781624903483973801e-02 1.204782404066738304e-02
-1.735186703770999657e+02 -2.755118487638902025e+03 -4.896106607067532224e+01 0.000000000000000000e+00 0.000000000000000000e+00 1.622046382370712081e-02 1.786619890266569199e-02 1.784479909666482692e-02 1.268000680310256596e-02
-1.737945202926536012e+02 -3.171844778322311413e+03 -6.444175271960074269e+01 0.000000000000000000e+00 0.000000000000000000e+00 1.999623346287648928e-02 1.878063328054386735e-02 1.922590106524925749e-02 1.304567334851344448e-02
1.952383734515356082e+02 -2.421838949808112375e+03 -3.807265266426106365e+01 0.000000000000000000e+00 0.000000000000000000e+00 1.979313368536139706e-02 1.645665866826000190e-02 1.643528347089507485e-02 1.168269558162743707e-02
-1.802921296719939050e+02 -2.422315812309695957e+03 -3.804302173283053889e+01 0.000000000000000000e+00 0.000000000000000000e+00 6.754992410130000735e-03 1.645665866826000190e-02 1.643528347089507485e-02 1.168269414002966015e-02
4.820646406367827375e+00 -2.172733628162710374e+03 -3.045201136094035022e+01 0.000000000000000000e+00 0.000000000000000000e+00 -5.822646589528801542e-03 1.645665866826000190e-02 1.643528347089507485e-02 1.168241154802149122e-02
-1.784066367468479370e+02 -2.005924987487482440e+03 -2.623011311909644760e+01 0.000000000000000000e+00 0.000000000000000000e+00 1.398518430876549701e-02 1.601476867460796885e-02 1.597272077216866856e-02 1.141272555385745326e-02
1.965884005007273458e+02 -2.001084153718919879e+03 -2.615977901236316683e+01 0.000000000000000000e+00 0.000000000000000000e+00 2.585045404453722995e-02 1.645665866826000190e-02 1.643528347089507485e-02 1.168225491496222880e-02
-4.747507822104208799e+02 -2.419494427345643089e+03 -3.947936919442362580e+01 0.000000000000000000e+00 0.000000000000000000e+00 2.199038776531381245e-03 1.645665866826000190e-02 1.643528347089507485e-02 1.168275901213717584e-02
-8.463874157050362328e+02 -2.000217312014381605e+03 -3.152819138268019827e+01 0.000000000000000000e+00 0.000000000000000000e+00 -5.018978739776969178e-03 1.691253544285110932e-02 1.734936041545266303e-02 1.176051532415200475e-02
-4.738211741616466384e+02 -1.999568149013984794e+03 -2.760176490245710923e+01 0.000000000000000000e+00 0.000000000000000000e+00 -7.459763024634469275e-03 1.601476867460796885e-02 1.597272077216866856e-02 1.141278778216415699e-02
-6.663930757018846407e+02 -2.168062928239314715e+03 -3.384693091574306578e+01 0.000000000000000000e+00 0.000000000000000000e+00 7.647179173375207029e-03 1.691253544285110932e-02 1.734936041545266303e-02 1.176059461259945128e-02
-8.473238075865010615e+02 -2.420929540669959351e+03 -4.340377690875228467e+01 0.000000000000000000e+00 0.000000000000000000e+00 -1.323868354388224589e-02 1.742084131545888759e-02 1.737867750878005838e-02 1.240804284898597461e-02
-1.139311090134395045e+03 -2.003019590572573861e+03 -3.620544862734534064e+01 0.000000000000000000e+00 0.000000000000000000e+00 -1.082022505966051540e-02 1.691253544285110932e-02 1.734936041545266303e-02 1.176073724818368221e-02
-1.139508305845911764e+03 -2.423874429916290410e+03 -4.804817746635153952e+01 0.000000000000000000e+00 0.000000000000000000e+00 -1.104763472581282713e-02 1.840551378153742687e-02 1.834312711275040003e-02 1.314654305238822235e-02
-1.331218909314909524e+03 -2.173588763735014709e+03 -4.447250166183101783e+01 0.000000000000000000e+00 0.000000000000000000e+00 -3.841299688964738834e-03 1.840551378153742687e-02 1.834312711275040003e-02 1.314643795819965197e-02
-1.511555260018375975e+03 -2.426000143995561302e+03 -5.580311326484308410e+01 0.000000000000000000e+00 0.000000000000000000e+00 1.483263781523902480e-02 1.882759380944834526e-02 1.878533297870099011e-02 1.340376296465855752e-02
-1.513057603642501817e+03 -2.009036584136707461e+03 -4.416280676898839630e+01 0.000000000000000000e+00 0.000000000000000000e+00 -7.258757502675905471e-03 1.840551378153742687e-02 1.834312711275040003e-02 1.314646748516315120e-02
-1.146353181046473310e+03 -1.252704180209472497e+03 -2.066041467354456529e+01 0.000000000000000000e+00 0.000000000000000000e+00 7.309555494227737427e-03 1.700402638541786277e-02 1.694189180850737622e-02 1.215377652826419089e-02
-1.148756557937394291e+03 -1.672816468704075078e+03 -2.860756685906230246e+01 0.000000000000000000e+00 0.000000000000000000e+00 2.134845568509646796e-02 1.648287160306973614e-02 1.691181755229955244e-02 1.149272531194880931e-02
-1.522197317872444273e+03 -1.674762631457021826e+03 -3.654185333730860918e+01 0.000000000000000000e+00 0.000000000000000000e+00 2.048212480494271404e-02 1.742084131545888759e-02 1.737867750878005838e-02 1.240790211221484349e-02
-1.520336757360708816e+03 -1.255097428343211277e+03 -2.862392571355594839e+01 0.000000000000000000e+00 0.000000000000000000e+00 1.065198432178604548e-02 1.742084131545888759e-02 1.737867750878005838e-02 1.240760028350588670e-02
-1.339327449656417912e+03 -1.422219430502961131e+03 -2.739316057407532412e+01 0.000000000000000000e+00 0.000000000000000000e+00 3.259096950753104238e-03 1.742084131545888759e-02 1.737867750878005838e-02 1.240751155961613769e-02
-1.524456066479331639e+03 -5.135452518974690292e+02 -2.026598539763532258e+01 0.000000000000000000e+00 0.000000000000000000e+00 1.767306645315258606e-02 1.887880125001517931e-02 1.929489980746656660e-02 1.322588756649390254e-02
-1.149671254796321591e+03 -5.089649089474092989e+02 -1.225997748408656207e+01 0.000000000000000000e+00 0.000000000000000000e+00 2.472430780100864922e-02 1.742084131545888759e-02 1.737867750878005838e-02 1.240688437690671934e-02
-1.523449415795458208e+03 -9.309690427481170900e+02 -2.414081559231050989e+01 0.000000000000000000e+00 0.000000000000000000e+00 8.096712350241119793e-03 1.788616593815017461e-02 1.831313018397741355e-02 1.248672004900593796e-02
-1.149640340315764206e+03 -9.299496678632763178e+02 -1.617679899990872983e+01 0.000000000000000000e+00 0.000000000000000000e+00 -6.710325986471588067e-03 1.742084131545888759e-02 1.737867750878005838e-02 1.240703887950306977e-02
-1.338248511017759938e+03 -6.800440998307167320e+02 -1.731784103596318047e+01 0.000000000000000000e+00 0.000000000000000000e+00 2.166276693049695723e-03 1.742084131545888759e-02 1.737867750878005838e-02 1.240711993950213005e-02
-1.821760616638433248e+03 -1.820637571763969049e+02 -2.661230694843814959e+01 0.000000000000000000e+00 0.000000000000000000e+00 5.401684326226785515e-03 1.977340805350875919e-02 2.066409854933208209e-02 1.356530335944757838e-02
-2.196755941181676462e+03 2.314867417015072419e+02 -3.844266323292486476e+01 0.000000000000000000e+00 0.000000000000000000e+00 2.101672250772423922e-02 2.020073190284400397e-02 2.109149308716203389e-02 1.383642593873073839e-02
-2.011857844683290978e+03 6.646759430682692482e+01 -3.210100016948265278e+01 0.000000000000000000e+00 0.000000000000000000e+00 2.952015203639746233e-03 1.977340805350875919e-02 2.066409854933208209e-02 1.356560739344515529e-02
-1.822007824847073152e+03 2.367438739505266767e+02 -2.667788624355094740e+01 0.000000000000000000e+00 0.000000000000000000e+00 -5.807512932818781337e-03 1.972831445128556127e-02 2.016327585526769481e-02 1.375360720525493387e-02
-2.195580508272217685e+03 -1.843807577124572674e+02 -3.839578231884846105e+01 0.000000000000000000e+00 0.000000000000000000e+00 1.535795629486358393e-03 2.076805185319135008e-02 2.165525161619566777e-02 1.430356963121824296e-02
-8.519112563639730524e+02 -1.260453653168244273e+03 -1.608626986614655863e+01 0.000000000000000000e+00 0.000000000000000000e+00 8.169076243941475468e-03 1.645665866826000190e-02 1.643528347089507485e-02 1.168193106550498295e-02
-4.760811450500671640e+02 -1.255741030620800984e+03 -1.200892220706464819e+01 0.000000000000000000e+00 0.000000000000000000e+00 -1.129696926359180509e-02 1.601476867460796885e-02 1.597272077216866856e-02 1.141222746594035102e-02
-6.666959673012639769e+02 -1.426109674895914850e+03 -1.670714211506895808e+01 0.000000000000000000e+00 0.000000000000000000e+00 -1.212427226079171305e-03 1.601476867460796885e-02 1.597272077216866856e-02 1.141241266585846584e-02
-8.519866430818128720e+02 -1.678355834273915889e+03 -2.400259062618977879e+01 0.000000000000000000e+00 0.000000000000000000e+00 8.307567136398574803e-03 1.648287160306973614e-02 1.691181755229955244e-02 1.149250869208527648e-02
-4.764492430937621634e+02 -1.676769328264989326e+03 -1.998413064856966770e+01 0.000000000000000000e+00 0.000000000000000000e+00 -1.868876340216374388e-02 1.601476867460796885e-02 1.597272077216866856e-02 1.141251471279292398e-02
-4.739165327902926492e+02 -3.172453020030773587e+03 -6.596269512234508170e+01 0.000000000000000000e+00 0.000000000000000000e+00 3.465123796570424020e-02 1.927589665913345685e-02 1.925447602273213515e-02 1.367775240325742013e-02
-6.644217628185023159e+02 -2.919181574287184503e+03 -5.802161880359883384e+01 0.000000000000000000e+00 0.000000000000000000e+00 1.270145272045652973e-02 1.832021514770656306e-02 1.875604329226867109e-02 1.275814723284424308e-02
-4.689912822862118560e+02 -2.751647498224141145e+03 -5.032558957782609355e+01 0.000000000000000000e+00 0.000000000000000000e+00 -7.403860556323138553e-03 1.742084131545888759e-02 1.737867750878005838e-02 1.240827529448513752e-02
-8.424252228500600950e+02 -2.752144335410918757e+03 -5.416374013597013715e+01 0.000000000000000000e+00 0.000000000000000000e+00 1.337942121659807526e-02 1.832021514770656306e-02 1.875604329226867109e-02 1.275799435135822370e-02
-8.476510526427621244e+02 -3.170898493011030041e+03 -6.969395244764868380e+01 0.000000000000000000e+00 0.000000000000000000e+00 2.413432280357596937e-02 2.023488436455073494e-02 2.019254115670307895e-02 1.439973800289479945e-02
-1.138637323265586929e+03 -2.752460122617205343e+03 -5.873307697074434230e+01 0.000000000000000000e+00 0.000000000000000000e+00 -2.600958612013926086e-03 1.935774890868033338e-02 1.881674148916856124e-02 1.406425017882081095e-02
-1.329352477870519124e+03 -2.921373857057075384e+03 -6.832954554395777791e+01 0.000000000000000000e+00 0.000000000000000000e+00 -5.315903478015115979e-02 1.980829729902913727e-02 1.974569843221181051e-02 1.414000532449933428e-02
-1.511067013780207844e+03 -2.755647093407668308e+03 -6.645866487224499508e+01 0.000000000000000000e+00 0.000000000000000000e+00 -2.834495033496864380e-03 2.023488436455073494e-02 2.019254115670307895e-02 1.439970623082297875e-02
-1.514268008715172300e+03 -3.174811458557202513e+03 -8.182606899312146709e+01 0.000000000000000000e+00 0.000000000000000000e+00 -1.351135199506359186e-02 2.068571973308049386e-02 2.066428123834911090e-02 1.467571840090587006e-02
-1.140097214485871064e+03 -3.174063829354478457e+03 -7.426008777775582814e+01 0.000000000000000000e+00 0.000000000000000000e+00 -4.873811252778637026e-03 2.023488436455073494e-02 2.019254115670307895e-02 1.439996724812784602e-02
-1.996847754020411458e+03 -2.923414947795878106e+03 -8.527520277744368116e+01 0.000000000000000000e+00 0.000000000000000000e+00 -8.583915030939692770e-03 2.174834424898225427e-02 2.118108840747612992e-02 1.580155852704560535e-02
-2.178664505710069989e+03 -2.757600343791937121e+03 -8.526310640799059115e+01 0.000000000000000000e+00 0.000000000000000000e+00 -4.138378211393956008e-03 2.174834424898225427e-02 2.118108840747612992e-02 1.580163737798792253e-02
-1.806540461041611934e+03 -2.757468255861670514e+03 -7.402427171340745815e+01 0.000000000000000000e+00 0.000000000000000000e+00 -3.578737376408014370e-02 2.023488436455073494e-02 2.019254115670307895e-02 1.440009595366235039e-02
-2.180492703888628967e+03 -3.176384722383128519e+03 -1.002786578656477730e+02 0.000000000000000000e+00 0.000000000000000000e+00 5.346805340167293252e-03 2.271280548604336091e-02 2.166420277873667977e-02 1.672167854569338655e-02
-1.809169779541676462e+03 -3.177708062726064782e+03 -8.930961557321030853e+01 0.000000000000000000e+00 0.000000000000000000e+00 -2.291124885356055074e-02 2.216842198265485744e-02 2.163128074936292167e-02 1.605301806777144694e-02
-2.184093482246275016e+03 -2.430506922324612788e+03 -7.505200876613000105e+01 0.000000000000000000e+00 0.000000000000000000e+00 -2.062543244989001323e-02 2.121211979716005822e-02 2.114933996500053745e-02 1.513385426022987798e-02
-1.811042376955700320e+03 -2.430074970231597490e+03 -6.362438374105370542e+01 0.000000000000000000e+00 0.000000000000000000e+00 1.720672158583624878e-03 1.980829729902913727e-02 1.974569843221181051e-02 1.413993085730399710e-02
-2.001104497403700407e+03 -2.177585899634580528e+03 -6.194907059611500699e+01 0.000000000000000000e+00 0.000000000000000000e+00 -1.984568594495783600e-02 1.929052844607394637e-02 1.971576986643752000e-02 1.348313220762450623e-02
-1.810692769563022694e+03 -2.009041164930441255e+03 -5.189344114619652970e+01 0.000000000000000000e+00 0.000000000000000000e+00 -2.155570895760661188e-02 1.840551378153742687e-02 1.834312711275040003e-02 1.314685017048313094e-02
-2.182730766847367249e+03 -2.012611171588861225e+03 -6.348609948726517160e+01 0.000000000000000000e+00 0.000000000000000000e+00 -9.467198262299802991e-03 1.980829729902913727e-02 1.974569843221181051e-02 1.414005970171173035e-02
-2.193434557593132467e+03 -9.290725972580008829e+02 -4.371520994267329030e+01 0.000000000000000000e+00 0.000000000000000000e+00 1.150900314372904631e-02 2.027885155053169366e-02 2.069265555713027671e-02 1.421922009603842664e-02
-1.820574436718032757e+03 -9.272174256430350852e+02 -3.195288275665699018e+01 0.000000000000000000e+00 0.000000000000000000e+00 -1.340708671045831579e-02 1.882759380944834526e-02 1.878533297870099011e-02 1.340288703927182586e-02
-2.009734663796736413e+03 -6.741676439581140130e+02 -3.504053520541450695e+01 0.000000000000000000e+00 0.000000000000000000e+00 -2.643013827878348820e-03 2.027885155053169366e-02 2.069265555713027671e-02 1.421875119002930996e-02
-1.818048903484493849e+03 -5.067317105877338008e+02 -2.798328275106928942e+01 0.000000000000000000e+00 0.000000000000000000e+00 -8.448304013310092841e-03 2.027885155053169366e-02 2.069265555713027671e-02 1.421835804677858486e-02
-2.191012394774481891e+03 -5.082676713276363785e+02 -3.973126734939840787e+01 0.000000000000000000e+00 0.000000000000000000e+00 1.745338706335530787e-03 2.321207383671862814e-02 2.310978752692745275e-02 1.662837445721782742e-02
-2.477672510491153389e+03 -2.427691353271336084e+03 -8.532952510933755264e+01 0.000000000000000000e+00 0.000000000000000000e+00 -3.773630465516930599e-03 2.174834424898225427e-02 2.118108840747612992e-02 1.580179894959755568e-02
-2.476002384705258009e+03 -2.006811485198812306e+03 -7.380521069139143719e+01 0.000000000000000000e+00 0.000000000000000000e+00 -7.243024454339774820e-04 2.034720974992095324e-02 1.977764095476734416e-02 1.481052770963996700e-02
-2.668974203915493035e+03 -2.176409839780633320e+03 -8.568432270795028671e+01 0.000000000000000000e+00 0.000000000000000000e+00 -7.007033201631429620e-03 2.370190791948164136e-02 2.261876291452978582e-02 1.746927074267265456e-02
-2.853237183216905578e+03 -2.432259053512047103e+03 -1.004104603003356715e+02 0.000000000000000000e+00 0.000000000000000000e+00 4.018386982380661721e-03 2.426943213168790414e-02 2.265384539067915107e-02 1.815494116116870421e-02
-2.851257234491480176e+03 -2.010450006164174511e+03 -8.900710092253265771e+01 0.000000000000000000e+00 0.000000000000000000e+00 -1.206288162040891621e-02 2.629552867886241971e-02 2.460806965003372454e-02 1.968304152154125297e-02
-2.484136886969308307e+03 -1.677534688788286076e+03 -6.657359735555120039e+01 0.000000000000000000e+00 0.000000000000000000e+00 -5.446130166561147234e-03 2.034720974992095324e-02 1.977764095476734416e-02 1.481026474251021484e-02
-2.484432205343612168e+03 -1.257859313308394576e+03 -5.885228085933514564e+01 0.000000000000000000e+00 0.000000000000000000e+00 7.628782695782376777e-03 2.121211979716005822e-02 2.114933996500053745e-02 1.513331369009626552e-02
-2.855921984398970835e+03 -1.680744697620532406e+03 -8.175333342349803445e+01 0.000000000000000000e+00 0.000000000000000000e+00 5.772286144249960671e-03 2.594236636993741893e-02 2.421328749196339711e-02 1.947828356362513863e-02
-2.674767181665894896e+03 -1.426985140285110219e+03 -6.924573435625454465e+01 0.000000000000000000e+00 0.000000000000000000e+00 3.176015795581577095e-02 2.535723129160218428e-02 2.417709899774494672e-02 1.877424941383458099e-02
-2.856782820386430558e+03 -1.264254190080761191e+03 -7.418867607497236349e+01 0.000000000000000000e+00 0.000000000000000000e+00 -3.170990988704147640e-02 3.151679387925188092e-02 2.968362998440219475e-02 2.358896039893994961e-02
-2.187269499473227825e+03 -1.687301010108412584e+03 -5.609109533370646261e+01 0.000000000000000000e+00 0.000000000000000000e+00 -1.030643158596689091e-02 1.929052844607394637e-02 1.971576986643752000e-02 1.348294325438078797e-02
-1.815732073405397841e+03 -1.681707407992568051e+03 -4.438912334504085777e+01 0.000000000000000000e+00 0.000000000000000000e+00 1.056477024056334812e-02 1.840551378153742687e-02 1.834312711275040003e-02 1.314656145267900297e-02
-2.008864088103209724e+03 -1.431107683784680376e+03 -4.521111443627945192e+01 0.000000000000000000e+00 0.000000000000000000e+00 -3.902843613850848214e-03 1.887880125001517931e-02 1.929489980746656660e-02 1.322711345526068720e-02
-2.191319863058589362e+03 -1.266445724609593753e+03 -4.836670192131771273e+01 0.000000000000000000e+00 0.000000000000000000e+00 1.462352191558125014e-02 1.980829729902913727e-02 1.974569843221181051e-02 1.413944736853466055e-02
-1.818894982948443612e+03 -1.262497269285328684e+03 -3.661294667387763013e+01 0.000000000000000000e+00 0.000000000000000000e+00 7.270368471111510189e-03 1.788616593815017461e-02 1.831313018397741355e-02 1.248731352027286981e-02
-1.527271013963566702e+03 2.341248842991936385e+02 -1.889498879763663197e+01 0.000000000000000000e+00 0.000000000000000000e+00 -2.823609126227921706e-03 1.832021514770656306e-02 1.875604329226867109e-02 1.275655207439935560e-02
-1.342564378559246961e+03 6.997966817092563474e+01 -1.440464001933185401e+01 0.000000000000000000e+00 0.000000000000000000e+00 1.067277422711754298e-02 1.832021514770656306e-02 1.875604329226867109e-02 1.275632475656456218e-02
-1.152305104638924831e+03 -1.801932459313852348e+02 -1.083138121890749517e+01 0.000000000000000000e+00 0.000000000000000000e+00 1.015880737787178134e-02 1.882759380944834526e-02 1.878533297870099011e-02 1.340182640221553728e-02
-1.152720383368180364e+03 2.405465312640558579e+02 -1.096279925374946629e+01 0.000000000000000000e+00 0.000000000000000000e+00 -4.878731445035811021e-03 1.832021514770656306e-02 1.875604329226867109e-02 1.275613984451622399e-02
-1.527335169205779493e+03 -1.825286732112732295e+02 -1.882301469985043596e+01 0.000000000000000000e+00 0.000000000000000000e+00 -1.467517694297981734e-03 1.882759380944834526e-02 1.878533297870099011e-02 1.340224719468482116e-02
-2.869544389725404471e+03 2.259416312445266328e+02 -6.470945104792164670e+01 0.000000000000000000e+00 0.000000000000000000e+00 3.334251707994440039e-02 2.937814601051951663e-02 3.118890849983680866e-02 1.993966463515485510e-02
-2.492782139931387974e+03 2.333048507406432464e+02 -4.921451186896859298e+01 0.000000000000000000e+00 0.000000000000000000e+00 4.199622062881758211e-02 2.558529200840577167e-02 2.740400281408545552e-02 1.721141092793682797e-02
-2.683089704508872728e+03 6.241013114037722431e+01 -5.655414664415442161e+01 0.000000000000000000e+00 0.000000000000000000e+00 2.737905823043007558e-02 2.418771554262193202e-02 2.505878772550244535e-02 1.679580937432872609e-02
-2.491930597490641958e+03 -1.882304019812539764e+02 -4.920573501630081381e+01 0.000000000000000000e+00 0.000000000000000000e+00 2.258280834683290550e-02 2.557871892340624065e-02 2.644559625434504332e-02 1.778305732968672032e-02
-2.866400862456334380e+03 -1.904935197111689149e+02 -6.464925915539613754e+01 0.000000000000000000e+00 0.000000000000000000e+00 -2.363244730877056554e-02 3.302129373516834998e-02 3.332846423251938084e-02 2.349984404061876073e-02
2.480092123410207932e+03 2.500262070895364104e+03 -8.532390028774129576e+01 0.000000000000000000e+00 0.000000000000000000e+00 -3.308379063000188580e-03 1.937460003052669799e-02 1.840009692578727790e-02 1.425739937305330225e-02
2.479823914935647281e+03 2.084696022913818524e+03 -7.411670124864656373e+01 0.000000000000000000e+00 0.000000000000000000e+00 1.562508196116141335e-02 2.025469826485562161e-02 1.977851543447921301e-02 1.460299969463368756e-02
2.855449977269648116e+03 2.088427010775269537e+03 -8.919656444881717050e+01 0.000000000000000000e+00 0.000000000000000000e+00 6.975339912244749030e-03 2.209564413669587099e-02 2.207419016324701708e-02 1.567364251461269425e-02
2.852354208027933510e+03 2.508132787994941282e+03 -1.002615615060036021e+02 0.000000000000000000e+00 0.000000000000000000e+00 -1.515003282932525508e-02 2.632586251394712987e-02 2.630437242414094406e-02 1.866638128928608739e-02
2.663545675609804221e+03 2.336574089919317430e+03 -8.771995529434455818e+01 0.000000000000000000e+00 0.000000000000000000e+00 4.684508658247921176e-02 2.178863381907376884e-02 2.035921321656377139e-02 1.618355872223483163e-02
2.181613290977609722e+03 2.086983377691472924e+03 -6.368458555117163655e+01 0.000000000000000000e+00 0.000000000000000000e+00 -6.927109722049351603e-03 1.852244536773674580e-02 1.702456140499577705e-02 1.392860753424104286e-02
1.992664590921140643e+03 2.335679511908853783e+03 -6.426620924108094357e+01 0.000000000000000000e+00 0.000000000000000000e+00 -1.594724456462870421e-02 1.712092917502230915e-02 1.561489737733560285e-02 1.293666388954402800e-02
1.807528892378816636e+03 2.085950816046435193e+03 -5.231661628778439166e+01 0.000000000000000000e+00 0.000000000000000000e+00 -3.124576377061316634e-03 1.669662891106218905e-02 1.512726962150519154e-02 1.269334463358710863e-02
1.807510979901622704e+03 2.501262386448434881e+03 -6.371864856421762369e+01 0.000000000000000000e+00 0.000000000000000000e+00 2.264780833000656912e-02 1.712092917502230915e-02 1.561489737733560285e-02 1.293657245944191715e-02
2.183241290841813679e+03 2.507158403453958272e+03 -7.518101914366717153e+01 0.000000000000000000e+00 0.000000000000000000e+00 6.541338336560897915e-03 1.852244536773674580e-02 1.702456140499577705e-02 1.392892928951984348e-02
1.539473358740472122e+03 -3.164625796941829321e+03 -8.201412916269553932e+01 0.000000000000000000e+00 0.000000000000000000e+00 -1.503939791008690463e-02 1.977310420608521108e-02 2.023883796512969402e-02 1.366814587320006047e-02
1.165786845773805908e+03 -3.167035480802227539e+03 -7.443759479569483517e+01 0.000000000000000000e+00 0.000000000000000000e+00 -1.372933874073112293e-02 1.926552989271480137e-02 1.972077768505065692e-02 1.334947437596710994e-02
1.349980535355345637e+03 -2.914787553708986707e+03 -6.851547574199230439e+01 0.000000000000000000e+00 0.000000000000000000e+00 -6.487414795486756702e-03 1.883431501856235729e-02 1.885621296342574263e-02 1.327491874237623527e-02
1.540180569580065594e+03 -2.742489952743904723e+03 -6.669223049384929425e+01 0.000000000000000000e+00 0.000000000000000000e+00 -7.955745023636495716e-03 1.785584244881555094e-02 1.831023870572755577e-02 1.235221254622394238e-02
1.163609519224823543e+03 -2.750604624168053306e+03 -5.911463717654338978e+01 0.000000000000000000e+00 0.000000000000000000e+00 -8.077159743635320410e-03 1.692740280181311702e-02 1.692740280181306844e-02 1.197181790001995184e-02
8.698383117363446217e+02 -3.167430358595064263e+03 -6.985006547576665525e+01 0.000000000000000000e+00 0.000000000000000000e+00 -2.577295332798712479e-03 1.926552989271480137e-02 1.972077768505065692e-02 1.334924906358025271e-02
4.950685598212438663e+02 -3.168754913035347727e+03 -6.597488357980547846e+01 0.000000000000000000e+00 0.000000000000000000e+00 -2.596437965095788059e-03 1.878063328054386735e-02 1.922590106524925749e-02 1.304574808241780980e-02
6.797297335717798887e+02 -2.918120128869906694e+03 -5.814245757870659048e+01 0.000000000000000000e+00 0.000000000000000000e+00 9.636021185706056258e-03 1.833801970196421299e-02 1.833801970196416095e-02 1.296937548719268203e-02
8.707575398657090773e+02 -2.748065570384790590e+03 -5.440064676609114258e+01 0.000000000000000000e+00 0.000000000000000000e+00 8.282800120625211093e-03 1.786619890266569199e-02 1.784479909666482692e-02 1.268026503946863628e-02
4.950928086717934207e+02 -2.753094617988957907e+03 -5.057253712274982149e+01 0.000000000000000000e+00 0.000000000000000000e+00 -2.213132830060260403e-02 1.786619890266569199e-02 1.784479909666482692e-02 1.268008350858367515e-02
-2.487206969589560686e+03 -5.122348194830046850e+02 -5.053780554042348427e+01 0.000000000000000000e+00 0.000000000000000000e+00 -7.975148502907813963e-04 2.824380276845820520e-02 2.755590674050484995e-02 2.060331578430984675e-02
-2.860819655524898735e+03 -5.140881607147135810e+02 -6.592773365884248449e+01 0.000000000000000000e+00 0.000000000000000000e+00 -9.132334503902939105e-04 3.335215663379396955e-02 3.205598711998218497e-02 2.463230937880386134e-02
-2.861283974143832438e+03 -9.330022252256320598e+02 -6.981798678717031237e+01 0.000000000000000000e+00 0.000000000000000000e+00 -3.544800127683345181e-02 3.137713007957482897e-02 2.904757584205742982e-02 2.369782532385117726e-02
-2.488336163693135404e+03 -9.323980210970534017e+02 -5.448293252239232487e+01 0.000000000000000000e+00 0.000000000000000000e+00 -2.418734237326702896e-02 2.872445696390634601e-02 2.854671910383535516e-02 2.068330862296673123e-02
-2.678826144216510329e+03 -6.805340675042992871e+02 -5.947879351133343562e+01 0.000000000000000000e+00 0.000000000000000000e+00 -1.970903713836236193e-02 3.229457068712539292e-02 3.102172845405971532e-02 2.384485588945879989e-02
1.136687791829441949e+03 3.247199848336577361e+03 -7.431613982082492953e+01 0.000000000000000000e+00 0.000000000000000000e+00 -4.695189650988140784e-03 1.897795789227089622e-02 1.754086094870395754e-02 1.419216204619715496e-02
1.511868788492312888e+03 2.833287522509121118e+03 -6.685712483339342782e+01 0.000000000000000000e+00 0.000000000000000000e+00 8.881909063845228047e-03 1.757388878158000836e-02 1.613206257584176573e-02 1.319750747747018386e-02
1.511150439874070798e+03 3.252935241239833431e+03 -8.193271235604181868e+01 0.000000000000000000e+00 0.000000000000000000e+00 -1.861327440407478662e-02 1.945793774760375128e-02 1.808191371382484453e-02 1.447181060254253658e-02
1.138127242771203328e+03 2.832316239358886378e+03 -5.935033584479690916e+01 0.000000000000000000e+00 0.000000000000000000e+00 -3.328357851728469541e-04 1.860558046461586665e-02 1.671139072278835305e-02 1.413221171748708926e-02
1.321435232060615590e+03 3.082312647268920045e+03 -7.154297462241775918e+01 0.000000000000000000e+00 0.000000000000000000e+00 -9.340861574813175139e-03 1.897795789227089622e-02 1.754086094870395754e-02 1.419211701644135758e-02
1.802967969133473844e+03 2.834789077327422547e+03 -7.415505325098750689e+01 0.000000000000000000e+00 0.000000000000000000e+00 5.292362049686971659e-04 1.757388878158000836e-02 1.613206257584176573e-02 1.319780528751104617e-02
2.177638901660171086e+03 2.834104343180892101e+03 -8.526694473755178194e+01 0.000000000000000000e+00 0.000000000000000000e+00 -1.912198400232512085e-02 1.992524602265775130e-02 1.843437121352949765e-02 1.492190617007837714e-02
1.988610497788620023e+03 3.085369559147945438e+03 -8.812233075504597934e+01 0.000000000000000000e+00 0.000000000000000000e+00 -9.039401373442501608e-03 2.038293120952563986e-02 1.894992988827779931e-02 1.518783393106261544e-02
2.179553116621973913e+03 3.256083996958816897e+03 -1.003009457775521440e+02 0.000000000000000000e+00 0.000000000000000000e+00 4.565393269218986916e-02 3.385764034104187664e-02 3.036747349124618162e-02 2.581430554769227961e-02
1.803588872820703955e+03 3.251010913087965037e+03 -8.905677406100809890e+01 0.000000000000000000e+00 0.000000000000000000e+00 -8.981819800766288608e-03 2.086333848140971628e-02 1.948849230818606657e-02 1.546832715999656507e-02
