# x y z x_res y_res z_res x_res_err y_res_err z_res_err
2.103932581471286994e+03 -1.381818578486330580e+03 7.811923093521458838e+01 0.000000000000000000e+00 0.000000000000000000e+00 -4.709258253683401563e-04 1.891980241480960626e-02 1.735660798886082962e-02 1.456539264807077405e-02
2.294969077508575083e+03 -1.618432924063346718e+03 9.696163515041492076e+01 0.000000000000000000e+00 0.000000000000000000e+00 2.949577651634172071e-02 1.941422839306025314e-02 1.759339760457960533e-02 1.515125231311261964e-02
1.909762892471336045e+03 -1.620813335535097394e+03 7.605617216278683657e+01 0.000000000000000000e+00 0.000000000000000000e+00 1.643385490979198948e-03 1.891980241480960626e-02 1.735660798886082962e-02 1.456507031732202050e-02
1.906233983542776969e+03 -1.221945262042570675e+03 6.323549999480671602e+01 0.000000000000000000e+00 0.000000000000000000e+00 1.479993397802559230e-02 1.993072063254176449e-02 1.793803822351578564e-02 1.556245841374351985e-02
2.299366619304375490e+03 -1.225830122539060994e+03 8.477692490096035272e+01 0.000000000000000000e+00 0.000000000000000000e+00 -5.110211523003727052e-03 2.322117597011730608e-02 2.096840714187693522e-02 1.814409193569965426e-02
1.599139672582445883e+03 -1.225942807657003414e+03 4.950232183525174889e+01 0.000000000000000000e+00 0.000000000000000000e+00 4.909194812017148024e-02 1.941422839306025314e-02 1.759339760457960533e-02 1.514779230078017007e-02
1.403078127202062433e+03 -1.381956636146489018e+03 4.651347634297088263e+01 0.000000000000000000e+00 0.000000000000000000e+00 4.816756308853342716e-02 1.992707708002960584e-02 1.784201110143386962e-02 1.574586099709376213e-02
1.595610974436203833e+03 -1.618171745287764224e+03 6.180762535130494228e+01 0.000000000000000000e+00 0.000000000000000000e+00 9.230399403698186234e-03 1.891980241480960626e-02 1.735660798886082962e-02 1.456397196180972409e-02
1.209062954006246173e+03 -1.621571376042534894e+03 4.809224837058537361e+01 0.000000000000000000e+00 0.000000000000000000e+00 -8.706227833457091947e-03 2.031931990939582836e-02 1.866683425347569550e-02 1.574706524903027663e-02
1.205323888644509680e+03 -1.221991235836806254e+03 3.528714843122401135e+01 0.000000000000000000e+00 0.000000000000000000e+00 2.209288177569135314e-02 1.941422839306025314e-02 1.759339760457960533e-02 1.514668997032207060e-02
8.942716591928348180e+02 -9.072116671281833078e+02 1.948129938978943798e+01 0.000000000000000000e+00 0.000000000000000000e+00 1.154392852101082667e-02 1.941422839306025314e-02 1.759339760457960533e-02 1.514562341560032194e-02
5.079236813567511604e+02 -9.090527284962963677e+02 1.264620238714346812e+01 0.000000000000000000e+00 0.000000000000000000e+00 -4.236556089020737659e-03 1.801736390613305899e-02 1.619740713227080589e-02 1.414775199070794111e-02
7.012672603733249161e+02 -6.698136876412831953e+02 1.135814074952798514e+01 0.000000000000000000e+00 0.000000000000000000e+00 1.027161490871719707e-02 2.043060845368929040e-02 1.818193983542942122e-02 1.614164598425590555e-02
5.025802708795998228e+02 -5.104403087613983416e+02 6.190249496707256327e+00 0.000000000000000000e+00 0.000000000000000000e+00 1.538576925662038519e-02 2.043060845368929040e-02 1.818193983542942122e-02 1.614127816923591544e-02
8.975410365650147924e+02 -5.135906807479682357e+02 1.327637241454034367e+01 0.000000000000000000e+00 0.000000000000000000e+00 3.419171732996773017e-04 2.043060845368929040e-02 1.818193983542942122e-02 1.614185380024699135e-02
1.906215924285194660e+03 -1.934401520539251351e+03 8.836397327427894766e+01 0.000000000000000000e+00 0.000000000000000000e+00 -3.397798366009396887e-03 1.981662495796989928e-02 1.842935105140361407e-02 1.515177231533283708e-02
2.299296301752748150e+03 -1.935736808816101757e+03 1.098750825928622135e+02 0.000000000000000000e+00 0.000000000000000000e+00 -1.632173339537246193e-02 2.081336403407409164e-02 1.899200560978800759e-02 1.615021156911335132e-02
2.103697283155461264e+03 -2.092698331813565346e+03 1.057802627657681143e+02 0.000000000000000000e+00 0.000000000000000000e+00 -3.469022381767672414e-02 1.981662495796989928e-02 1.842935105140361407e-02 1.515307660961954898e-02
1.909852399538979626e+03 -2.332946659244501461e+03 1.076620706094324049e+02 0.000000000000000000e+00 0.000000000000000000e+00 -2.720473354585806192e-03 2.031931990939582836e-02 1.866683425347569550e-02 1.575135670250844833e-02
2.296598457201232577e+03 -2.328976206688279035e+03 1.286417143292770504e+02 0.000000000000000000e+00 0.000000000000000000e+00 -3.502453555287843301e-02 2.171990200441640401e-02 2.006917568601213064e-02 1.674925930943228433e-02
8.974527980083008742e+02 -1.225191571652718949e+03 2.715027882334789666e+01 0.000000000000000000e+00 0.000000000000000000e+00 1.246254597827345378e-02 1.941422839306025314e-02 1.759339760457960533e-02 1.514606000347853282e-02
5.032524907984919196e+02 -1.221929079303822164e+03 2.007242765247764638e+01 0.000000000000000000e+00 0.000000000000000000e+00 2.221796730785996488e-02 1.892068646810651789e-02 1.726634256936157574e-02 1.475011845248513226e-02
7.012694389525116776e+02 -1.380470761549244799e+03 2.770495665380570927e+01 0.000000000000000000e+00 0.000000000000000000e+00 3.016677180022142579e-02 1.941422839306025314e-02 1.759339760457960533e-02 1.514601261997889844e-02
8.930837262110006805e+02 -1.617573383814552471e+03 3.951600595740055155e+01 0.000000000000000000e+00 0.000000000000000000e+00 -7.857491740132616087e-03 1.981662495796989928e-02 1.842935105140361407e-02 1.514804362651997992e-02
5.086206048925381538e+02 -1.620652315210181087e+03 3.281288300754084020e+01 0.000000000000000000e+00 0.000000000000000000e+00 1.369801400848302819e-02 1.941422839306025314e-02 1.759339760457960533e-02 1.514624642783432389e-02
-1.962504581711237108e+02 -5.115909961668286883e+02 3.480655898884867927e+00 0.000000000000000000e+00 0.000000000000000000e+00 1.447834604787567869e-02 1.941422839306025314e-02 1.759339760457960533e-02 1.514451127011043514e-02
4.292073104204131018e-01 -6.712926563940256983e+02 5.135581984568852398e+00 0.000000000000000000e+00 0.000000000000000000e+00 2.171015430552536429e-03 1.941422839306025314e-02 1.759339760457960533e-02 1.514459747218900761e-02
1.925315250508480744e+02 -9.074752452222518286e+02 9.817815544359065782e+00 0.000000000000000000e+00 0.000000000000000000e+00 9.589380738601605003e-03 1.853587717936483470e-02 1.645089043797864567e-02 1.474841891375460769e-02
-1.931616160302092169e+02 -9.106659891353540388e+02 9.886270708977482613e+00 0.000000000000000000e+00 0.000000000000000000e+00 7.300522816848342700e-03 1.853587717936483470e-02 1.645089043797864567e-02 1.474842251358614645e-02
1.980085081378567793e+02 -5.162316707803996678e+02 3.543686391640883393e+00 0.000000000000000000e+00 0.000000000000000000e+00 -4.575574116727931795e-03 1.992707708002960584e-02 1.784201110143386962e-02 1.574289825089794995e-02
-5.033711537424417202e+02 -5.154736608331888874e+02 6.258869057385571644e+00 0.000000000000000000e+00 0.000000000000000000e+00 -9.983183704586728879e-03 1.941422839306025314e-02 1.759339760457960533e-02 1.514472719388059059e-02
-5.071984740679846482e+02 -9.087841666524988113e+02 1.263138375238997924e+01 0.000000000000000000e+00 0.000000000000000000e+00 4.768760839731100987e-03 1.903939679932154655e-02 1.679383368241620447e-02 1.514404448492659427e-02
-8.935466762404681731e+02 -9.106063635585933298e+02 1.953405906407740744e+01 0.000000000000000000e+00 0.000000000000000000e+00 1.013322163873553450e-02 1.956207471965972292e-02 1.705410714823614449e-02 1.574298770660390034e-02
-8.976691780474144480e+02 -5.116512501970571520e+02 1.325698856967084005e+01 0.000000000000000000e+00 0.000000000000000000e+00 -6.059395075761031535e-03 2.007476346490959934e-02 1.740942694803607541e-02 1.614088007471971287e-02
-7.000549773643230083e+02 -6.716397635854799546e+02 1.136414497063463358e+01 0.000000000000000000e+00 0.000000000000000000e+00 -6.626730896353905109e-03 1.992707708002960584e-02 1.784201110143386962e-02 1.574346920185664897e-02
1.599367520059905246e+03 -1.936365135374022657e+03 7.460788997712995751e+01 0.000000000000000000e+00 0.000000000000000000e+00 -1.413282705350127344e-02 1.981662495796989928e-02 1.842935105140361407e-02 1.515064804792424884e-02
1.206175091297909148e+03 -1.933283669284544885e+03 6.037818980454487416e+01 0.000000000000000000e+00 0.000000000000000000e+00 -8.387117908341679140e-04 2.031931990939582836e-02 1.866683425347569550e-02 1.574782548761265860e-02
1.403579079499505269e+03 -2.093077895015257582e+03 7.414594144297910816e+01 0.000000000000000000e+00 0.000000000000000000e+00 -4.285454261591326031e-03 1.981662495796989928e-02 1.842935105140361407e-02 1.515048500915240799e-02
1.596017617321308080e+03 -2.329587585252755616e+03 9.327781135697429704e+01 0.000000000000000000e+00 0.000000000000000000e+00 -1.679290509096631467e-02 1.981662495796989928e-02 1.842935105140361407e-02 1.515183676178164830e-02
1.208869628071094212e+03 -2.331599794583489711e+03 7.945837088591095210e+01 0.000000000000000000e+00 0.000000000000000000e+00 -1.267884346667358386e-02 1.981662495796989928e-02 1.842935105140361407e-02 1.515070663047314928e-02
1.971490629281142333e+02 -1.227199869608523841e+03 1.751012622824384835e+01 0.000000000000000000e+00 0.000000000000000000e+00 8.924574826448150588e-03 1.892068646810651789e-02 1.726634256936157574e-02 1.474992443272186635e-02
-1.968625497394658055e+02 -1.223113341917687421e+03 1.739644845122927919e+01 0.000000000000000000e+00 0.000000000000000000e+00 -3.514985535298364994e-02 1.941422839306025314e-02 1.759339760457960533e-02 1.514531219237042967e-02
1.111093917980027213e+00 -1.383396591588902993e+03 2.158635481459156580e+01 0.000000000000000000e+00 0.000000000000000000e+00 -3.059238714065770637e-03 1.892068646810651789e-02 1.726634256936157574e-02 1.475014624016602639e-02
1.930931352762904680e+02 -1.620468046387159575e+03 3.001334134151057143e+01 0.000000000000000000e+00 0.000000000000000000e+00 -1.017162276880156924e-02 2.031931990939582836e-02 1.866683425347569550e-02 1.574560394078125536e-02
-1.941000869509161930e+02 -1.621973729135297845e+03 3.007274896682082144e+01 0.000000000000000000e+00 0.000000000000000000e+00 2.798188690746883367e-04 1.941422839306025314e-02 1.759339760457960533e-02 1.514603605664545383e-02
-5.040219120612759980e+02 -1.226553747414832969e+03 2.020909459930830110e+01 0.000000000000000000e+00 0.000000000000000000e+00 -3.441275613317529292e-02 1.941422839306025314e-02 1.759339760457960533e-02 1.514552586130077198e-02
-7.004498223561566874e+02 -1.384546585427543505e+03 2.781643917341941119e+01 0.000000000000000000e+00 0.000000000000000000e+00 -2.088851805860514332e-02 1.992707708002960584e-02 1.784201110143386962e-02 1.574439664640867736e-02
-5.062739302397312144e+02 -1.618841140707818795e+03 3.271732668007703637e+01 0.000000000000000000e+00 0.000000000000000000e+00 -1.550587015829307802e-02 1.992707708002960584e-02 1.784201110143386962e-02 1.574461037472653022e-02
-8.972259266769523265e+02 -1.222881543597405880e+03 2.708183700602684496e+01 0.000000000000000000e+00 0.000000000000000000e+00 -3.514892329280527861e-02 1.992707708002960584e-02 1.784201110143386962e-02 1.574444114836602224e-02
-8.941443688537722210e+02 -1.622843726794304757e+03 3.973067420742376754e+01 0.000000000000000000e+00 0.000000000000000000e+00 5.544250082479607045e-03 2.083923450151100795e-02 1.891545252946959244e-02 1.635707824983666930e-02
8.985850398469219726e+02 -1.936778578839157262e+03 5.230269526701491856e+01 0.000000000000000000e+00 0.000000000000000000e+00 -1.145383988146875254e-02 2.031931990939582836e-02 1.866683425347569550e-02 1.574716582076223295e-02
5.048319628432907393e+02 -1.933269129077247499e+03 4.515668342858354833e+01 0.000000000000000000e+00 0.000000000000000000e+00 -5.330283426445703299e-03 1.981662495796989928e-02 1.842935105140361407e-02 1.514827845607867075e-02
7.018248989201908898e+02 -2.091787218596994990e+03 5.527900348254460994e+01 0.000000000000000000e+00 0.000000000000000000e+00 9.727573202106043482e-03 2.031931990939582836e-02 1.866683425347569550e-02 1.574727350991766278e-02
8.940311429856586756e+02 -2.329942827239309281e+03 7.093021464900043327e+01 0.000000000000000000e+00 0.000000000000000000e+00 -2.660806145901517539e-02 2.124694759834768257e-02 1.976173668179329393e-02 1.636045503208767571e-02
5.079919187265798541e+02 -2.331514672875047836e+03 6.413827336253973499e+01 0.000000000000000000e+00 0.000000000000000000e+00 -4.475915006310060562e-03 2.124694759834768257e-02 1.976173668179329393e-02 1.635987024068293397e-02
1.973143176767321734e+02 -1.938258839063462347e+03 4.264583991431076271e+01 0.000000000000000000e+00 0.000000000000000000e+00 -1.173434896712421960e-02 2.031931990939582836e-02 1.866683425347569550e-02 1.574638372707532277e-02
-1.958671226914518684e+02 -1.933837063804398440e+03 4.244783631607796792e+01 0.000000000000000000e+00 0.000000000000000000e+00 -1.546250230389745184e-02 2.031931990939582836e-02 1.866683425347569550e-02 1.574637138107798373e-02
6.434332977507791762e-01 -2.092983478720379935e+03 4.910537125812813031e+01 0.000000000000000000e+00 0.000000000000000000e+00 -1.068041165304123297e-03 2.031931990939582836e-02 1.866683425347569550e-02 1.574677262718966048e-02
1.931698254582812808e+02 -2.330465210345564174e+03 6.128729322699212645e+01 0.000000000000000000e+00 0.000000000000000000e+00 -2.723327847152035019e-02 2.124694759834768257e-02 1.976173668179329393e-02 1.635962723076471795e-02
-1.931205241067145550e+02 -2.333618407691728862e+03 6.145107821082817168e+01 0.000000000000000000e+00 0.000000000000000000e+00 -7.741343106445697231e-03 2.124694759834768257e-02 1.976173668179329393e-02 1.635963813052878843e-02
-5.043253049829586416e+02 -1.938013077639179073e+03 4.535497849430166895e+01 0.000000000000000000e+00 0.000000000000000000e+00 -2.862483347584543480e-03 2.031931990939582836e-02 1.866683425347569550e-02 1.574660249771099585e-02
-8.975242279123201570e+02 -1.935451147214104822e+03 5.222117627892095726e+01 0.000000000000000000e+00 0.000000000000000000e+00 5.599744614670498777e-04 2.083923450151100795e-02 1.891545252946959244e-02 1.635784374467694896e-02
-6.998673948221445471e+02 -2.093961172164836626e+03 5.534575518506206748e+01 0.000000000000000000e+00 0.000000000000000000e+00 2.814349182415298856e-03 2.124694759834768257e-02 1.976173668179329393e-02 1.635933846388567398e-02
-5.067559447090607705e+02 -2.330146661848257736e+03 6.405120418978918906e+01 0.000000000000000000e+00 0.000000000000000000e+00 -2.091945621495483465e-02 2.124694759834768257e-02 1.976173668179329393e-02 1.635986412958755076e-02
-8.936642730501366714e+02 -2.333009572386293257e+03 7.108170352646278900e+01 0.000000000000000000e+00 0.000000000000000000e+00 -6.499337302116714454e-03 2.124694759834768257e-02 1.976173668179329393e-02 1.636046503778095657e-02
1.599640140762948249e+03 -2.649276828744123577e+03 1.113447079803055004e+02 0.000000000000000000e+00 0.000000000000000000e+00 -3.355161908450554620e-02 2.024494288366358863e-02 1.929696536924364880e-02 1.515477319479134090e-02
1.206650172833302122e+03 -2.644960896656587920e+03 9.688229800179944107e+01 0.000000000000000000e+00 0.000000000000000000e+00 -1.917672724141539220e-02 2.073725751439508755e-02 1.952389800558922139e-02 1.575176357306848698e-02
1.594876227177132932e+03 -3.041297567780905865e+03 1.364036923372257206e+02 0.000000000000000000e+00 0.000000000000000000e+00 -3.079563536761042997e-02 2.448789204144519172e-02 2.345331427578068242e-02 1.835493875651804385e-02
1.403031249211044042e+03 -2.804469602108479648e+03 1.132686751744050753e+02 0.000000000000000000e+00 0.000000000000000000e+00 -2.336877377835833158e-02 2.219428588843523273e-02 2.087472745149577744e-02 1.698699547428174014e-02
1.208728246094753558e+03 -3.042599333846269019e+03 1.224441561933827671e+02 0.000000000000000000e+00 0.000000000000000000e+00 -1.492868099596478260e-02 2.404025837294504822e-02 2.317256679778582906e-02 1.797967967696705027e-02
8.971827405198433780e+02 -2.648236263036196760e+03 8.873868032236373438e+01 0.000000000000000000e+00 0.000000000000000000e+00 -2.433815446835296825e-03 2.219428588843523273e-02 2.087472745149577744e-02 1.698491654765387979e-02
7.016660426726883770e+02 -2.804456771025199032e+03 9.429809112223342993e+01 0.000000000000000000e+00 0.000000000000000000e+00 6.285254616415159035e-03 2.219428588843523273e-02 2.087472745149577744e-02 1.698524187758506873e-02
8.938538803712273193e+02 -3.040709837507990869e+03 1.137710734632795351e+02 0.000000000000000000e+00 0.000000000000000000e+00 2.325353683275466210e-03 2.359357442116130285e-02 2.227959392725345489e-02 1.797685779996279626e-02
5.071615459975402018e+02 -3.043454264113198406e+03 1.069956616876591937e+02 0.000000000000000000e+00 0.000000000000000000e+00 4.556038395567441057e-02 2.315891606125722660e-02 2.200306182166071253e-02 1.761932963676098723e-02
5.040963915929901304e+02 -2.645425688917530351e+03 8.154545034023530548e+01 0.000000000000000000e+00 0.000000000000000000e+00 1.843296592005572165e-02 2.456515641127046679e-02 2.281262402405629178e-02 1.896355889151291052e-02
1.968118357831568801e+02 -2.648199593693934276e+03 7.896921821851857715e+01 0.000000000000000000e+00 0.000000000000000000e+00 1.560065970745938557e-02 2.219428588843523273e-02 2.087472745149577744e-02 1.698402573465907298e-02
-1.978833535852531895e+02 -2.645713956171519840e+03 7.882745104845351136e+01 0.000000000000000000e+00 0.000000000000000000e+00 8.527952555510864840e-03 2.272511499359943302e-02 2.112263559492894363e-02 1.761545155747751279e-02
4.310430782986160447e-01 -2.804043419986953268e+03 8.798610884727710868e+01 0.000000000000000000e+00 0.000000000000000000e+00 1.230449743935935203e-02 2.272511499359943302e-02 2.112263559492894363e-02 1.761609009395055658e-02
-1.927782018886840945e+02 -3.042530306621396903e+03 1.041110083011363088e+02 0.000000000000000000e+00 0.000000000000000000e+00 8.630880875102775462e-03 2.424237678943611668e-02 2.250687613958775313e-02 1.890740384108203706e-02
1.931541483874586902e+02 -3.040304394004585902e+03 1.039605909916468960e+02 0.000000000000000000e+00 0.000000000000000000e+00 -2.797755133838109032e-02 2.369393835309239679e-02 2.225039640785693787e-02 1.825923815433770636e-02
-5.053969787059512555e+02 -2.650630698157933239e+03 8.187065694993133036e+01 0.000000000000000000e+00 0.000000000000000000e+00 5.587528684202425211e-03 2.327011330054288077e-02 2.138015774626344373e-02 1.825601151716720744e-02
-8.968641524253632724e+02 -2.646510158107995267e+03 8.862890178480171244e+01 0.000000000000000000e+00 0.000000000000000000e+00 -2.880590752887712824e-02 2.327011330054288077e-02 2.138015774626344373e-02 1.825664835508501727e-02
-7.008727422620974039e+02 -2.806539772270240974e+03 9.441504162347177953e+01 0.000000000000000000e+00 0.000000000000000000e+00 2.722229770256490156e-03 2.382830860008636892e-02 2.164695079014780296e-02 1.890519637699169739e-02
-5.088381519200842149e+02 -3.043151401038961012e+03 1.069967670045261343e+02 0.000000000000000000e+00 0.000000000000000000e+00 3.927052553208909558e-03 2.327011330054288077e-02 2.138015774626344373e-02 1.825778229738606734e-02
-8.946149066531545486e+02 -3.044160966996409115e+03 1.140255209530173488e+02 0.000000000000000000e+00 0.000000000000000000e+00 -7.781681061089784635e-03 2.618282043377815477e-02 2.416512011093214021e-02 2.053884210434181457e-02
1.210633408927734081e+03 -9.109947381899825132e+02 2.803739799369233765e+01 0.000000000000000000e+00 0.000000000000000000e+00 1.181491457318273319e-02 1.993072063254176449e-02 1.793803822351578564e-02 1.555981234304179388e-02
1.596761626035947074e+03 -9.078183316963494462e+02 4.184898033382041405e+01 0.000000000000000000e+00 0.000000000000000000e+00 2.823240567601459361e-02 2.043060845368929040e-02 1.818193983542942122e-02 1.614401334481900888e-02
1.206047069264479887e+03 -5.122329939672837327e+02 2.156326476066892184e+01 0.000000000000000000e+00 0.000000000000000000e+00 -3.121580414813251991e-03 2.043060845368929040e-02 1.818193983542942122e-02 1.614253121309806860e-02
1.404370622349758605e+03 -6.712256421139352369e+02 3.029069550773240493e+01 0.000000000000000000e+00 0.000000000000000000e+00 1.723044737837753360e-02 2.043060845368929040e-02 1.818193983542942122e-02 1.614318505671479692e-02
1.599938239423947380e+03 -5.145985730156211275e+02 3.580223950411134126e+01 0.000000000000000000e+00 0.000000000000000000e+00 3.129001251068075362e-03 2.095549082659436957e-02 1.853842050175437753e-02 1.655880616940142575e-02
1.910178001127471589e+03 -9.093609985791777035e+02 5.604172016905618392e+01 0.000000000000000000e+00 0.000000000000000000e+00 2.317190986643424822e-02 2.043060845368929040e-02 1.818193983542942122e-02 1.614517442793100832e-02
1.907236753052069844e+03 -5.107536814098435798e+02 4.970594514198685232e+01 0.000000000000000000e+00 0.000000000000000000e+00 1.841577828056273347e-02 2.095549082659436957e-02 1.853842050175437753e-02 1.655998820747258196e-02
2.297608912363996751e+03 -9.069206515315254364e+02 7.716734705976993780e+01 0.000000000000000000e+00 0.000000000000000000e+00 1.397456291239507209e-02 2.234820343104849949e-02 1.992648087236410445e-02 1.756169216305041719e-02
2.105013417222834960e+03 -6.707867683645972647e+02 6.205841506338435209e+01 0.000000000000000000e+00 0.000000000000000000e+00 2.708286504091717006e-02 2.095549082659436957e-02 1.853842050175437753e-02 1.656096203196300715e-02
2.300557835482099108e+03 -5.144104930459827756e+02 7.132967519256499145e+01 0.000000000000000000e+00 0.000000000000000000e+00 1.812690873700262273e-02 2.234820343104849949e-02 1.992648087236410445e-02 1.756139906370823497e-02
-1.599236866241353255e+03 -1.223038928574851980e+03 4.942703414048413180e+01 0.000000000000000000e+00 0.000000000000000000e+00 -7.326722037454658221e-03 2.202895706548404706e-02 1.897934755606453527e-02 1.796739250887004549e-02
-1.205019153019339228e+03 -1.226328655591331426e+03 3.539645081847374541e+01 0.000000000000000000e+00 0.000000000000000000e+00 -1.881826508112283136e-02 2.045696297063761063e-02 1.810196131615503939e-02 1.635584447036662892e-02
-1.400112141781653918e+03 -1.382604310261904402e+03 4.642735073487153130e+01 0.000000000000000000e+00 0.000000000000000000e+00 1.802378872736198900e-02 2.045696297063761063e-02 1.810196131615503939e-02 1.635661358655662520e-02
-1.594790569936111524e+03 -1.622252149671582629e+03 6.192180828687872918e+01 0.000000000000000000e+00 0.000000000000000000e+00 -2.889734708155344833e-02 2.238439880854225031e-02 1.975674503952857403e-02 1.796922112724331708e-02
-1.207640880411522176e+03 -1.620371553750900603e+03 4.800509797275702084e+01 0.000000000000000000e+00 0.000000000000000000e+00 -3.282298788531079481e-02 2.083923450151100795e-02 1.891545252946959244e-02 1.635776017713187411e-02
-1.906090356506569606e+03 -1.938611699467743847e+03 8.854065377553011729e+01 0.000000000000000000e+00 0.000000000000000000e+00 7.087044114371110481e-04 2.293749401237312954e-02 2.003183429783420011e-02 1.859940113174462714e-02
-2.102239034009978695e+03 -2.093747302087636854e+03 1.057500185390834702e+02 0.000000000000000000e+00 0.000000000000000000e+00 1.627229334413016204e-02 2.501652375705605558e-02 2.168054530727455201e-02 2.053503454244340332e-02
-1.909370234003376254e+03 -2.331254494054168390e+03 1.075492625260808950e+02 0.000000000000000000e+00 0.000000000000000000e+00 -3.786022989402226813e-03 2.538421311635153874e-02 2.248102507648561815e-02 2.053620563271021937e-02
-2.296497340366417120e+03 -2.332249536987259944e+03 1.288084034043416182e+02 0.000000000000000000e+00 0.000000000000000000e+00 1.191288810684909549e-02 2.891851933185644527e-02 2.501835607465267494e-02 2.380125323351246769e-02
-2.299235346894158283e+03 -1.933685801012020647e+03 1.097821497984398746e+02 0.000000000000000000e+00 0.000000000000000000e+00 -2.801541199417556527e-03 2.951491913048791271e-02 2.532064239456091603e-02 2.446165869348865263e-02
-1.598734089223174806e+03 -1.934736481013299908e+03 7.451134776075912214e+01 0.000000000000000000e+00 0.000000000000000000e+00 -4.919908722840204973e-03 2.238439880854225031e-02 1.975674503952857403e-02 1.796999573466912317e-02
-1.205047345399484584e+03 -1.938411568857879047e+03 6.056535055294175152e+01 0.000000000000000000e+00 0.000000000000000000e+00 -3.904897602751589147e-03 2.137511225258539871e-02 1.917477275535549308e-02 1.698025228898088212e-02
-1.401970960587586433e+03 -2.094109165385965753e+03 7.413656497947177115e+01 0.000000000000000000e+00 0.000000000000000000e+00 -7.097084220006877331e-03 2.276445469713328507e-02 2.056844347156230532e-02 1.797109334287076352e-02
-1.594410507120461716e+03 -2.333566715205243781e+03 9.342026865977652506e+01 0.000000000000000000e+00 0.000000000000000000e+00 7.163242997521024336e-03 2.481174249159820433e-02 2.220020968999077485e-02 1.988326473544251363e-02
-1.207747566995370335e+03 -2.331472172158948524e+03 7.941705788141509004e+01 0.000000000000000000e+00 0.000000000000000000e+00 2.040844878975178744e-02 2.276445469713328507e-02 2.056844347156230532e-02 1.797129138975503415e-02
-1.599159247080498062e+03 -2.644617891252778463e+03 1.110465666185232720e+02 0.000000000000000000e+00 0.000000000000000000e+00 -2.316564348373617577e-02 2.577329659155757832e-02 2.331020127629187394e-02 2.053755983630051879e-02
-1.593214012098733065e+03 -3.043851418184162867e+03 1.365112692596657098e+02 0.000000000000000000e+00 0.000000000000000000e+00 -2.908858619895227093e-02 2.732544408642986755e-02 2.471131631109265217e-02 2.186273736886844288e-02
-1.206915137379140560e+03 -3.041394711955250841e+03 1.223046071700035782e+02 0.000000000000000000e+00 0.000000000000000000e+00 -4.206662103671021669e-02 2.732544408642986755e-02 2.471131631109265217e-02 2.186116723042231744e-02
-1.205068311060079395e+03 -2.648662424397939049e+03 9.705353999817377542e+01 0.000000000000000000e+00 0.000000000000000000e+00 1.467521468256904882e-03 2.520966297135723497e-02 2.303949446778778137e-02 1.988465942595198793e-02
-1.400681798198765364e+03 -2.804013283142445744e+03 1.131547349688470803e+02 0.000000000000000000e+00 0.000000000000000000e+00 -8.979564843571097299e-03 2.577329659155757832e-02 2.331020127629187394e-02 2.053751066924796795e-02
-1.909776583149006001e+03 -1.620329244437812577e+03 7.603930859929198505e+01 0.000000000000000000e+00 0.000000000000000000e+00 -3.380325509124304517e-02 2.293749401237312954e-02 2.003183429783420011e-02 1.859864242782293883e-02
-2.296349574611712796e+03 -1.623541270924198898e+03 9.722951168464794591e+01 0.000000000000000000e+00 0.000000000000000000e+00 -5.843853225663053763e-02 2.544698989827422209e-02 2.198035812586947649e-02 2.086290754690047627e-02
-2.103219312642677778e+03 -1.383662913036880354e+03 7.813718060953823397e+01 0.000000000000000000e+00 0.000000000000000000e+00 -1.846846380155398037e-02 2.452864646037223803e-02 2.092503459604173888e-02 2.021912470979236875e-02
-2.301828501074309770e+03 -1.223380231194386624e+03 8.485795968764128361e+01 0.000000000000000000e+00 0.000000000000000000e+00 -5.095056796398012011e-02 2.396125170528495829e-02 2.063598355088872016e-02 1.958646255684673779e-02
-1.908710420756135363e+03 -1.226531744300379614e+03 6.348229949232815983e+01 0.000000000000000000e+00 0.000000000000000000e+00 -2.945620568539908390e-02 2.202895706548404706e-02 1.897934755606453527e-02 1.796858709716569330e-02
2.608606563525632737e+03 -1.222473539392179191e+03 1.045492537733838816e+02 0.000000000000000000e+00 0.000000000000000000e+00 -2.548373417836558019e-02 2.272886456102666056e-02 2.073153472955173438e-02 1.756532311554671530e-02
2.611341801001775366e+03 -1.621785830614928500e+03 1.173947138326018376e+02 0.000000000000000000e+00 0.000000000000000000e+00 -2.925653704410535738e-02 2.272886456102666056e-02 2.073153472955173438e-02 1.756619368999037117e-02
2.995823139970233115e+03 -1.618917968491589590e+03 1.458120438012119280e+02 0.000000000000000000e+00 0.000000000000000000e+00 1.353481269177336799e-03 2.413049125902080178e-02 2.213150887823534321e-02 1.856899387672465707e-02
2.804519256007939475e+03 -1.382411482478856442e+03 1.231546877201417942e+02 0.000000000000000000e+00 0.000000000000000000e+00 2.140059455879850248e-02 2.272886456102666056e-02 2.073153472955173438e-02 1.756696017092903433e-02
3.000941550855404785e+03 -1.226856339650615155e+03 1.337838844244820962e+02 0.000000000000000000e+00 0.000000000000000000e+00 1.723063016873993547e-02 2.326213800472812232e-02 2.108496326137926022e-02 1.799943637616124165e-02
1.932351205899837510e+02 -1.972920020792815308e+02 9.246804162700058560e-01 0.000000000000000000e+00 0.000000000000000000e+00 1.204876983523450740e-03 1.993072063254176449e-02 1.793803822351578564e-02 1.555784566406406659e-02
1.966784618848207629e+02 1.960131697869894651e+02 9.438831852469681261e-01 0.000000000000000000e+00 0.000000000000000000e+00 -4.774739145231299275e-03 1.993072063254176449e-02 1.793803822351578564e-02 1.555784831963824902e-02
-1.965096213262438880e+02 2.001011319422446491e+02 9.618923610137660729e-01 0.000000000000000000e+00 0.000000000000000000e+00 -3.192141665221859270e-03 2.043060845368929040e-02 1.818193983542942122e-02 1.614091253120695721e-02
-6.895887172509210239e-02 3.924817532459417180e+01 1.779911129977453446e-02 0.000000000000000000e+00 0.000000000000000000e+00 -6.537850943120409458e-03 2.043060845368929040e-02 1.818193983542942122e-02 1.614084430244104237e-02
-1.944890351374991155e+02 -1.993062052028952849e+02 9.400413516382182255e-01 0.000000000000000000e+00 0.000000000000000000e+00 -1.275108738501018468e-02 2.043060845368929040e-02 1.818193983542942122e-02 1.614090983710764204e-02
5.073802686962933421e+02 -1.985012335342865981e+02 3.744618483487193394e+00 0.000000000000000000e+00 0.000000000000000000e+00 1.358814763286719796e-02 1.993072063254176449e-02 1.793803822351578564e-02 1.555807441083356321e-02
8.940535769288893562e+02 -1.964649021089931580e+02 1.068037510924214040e+01 0.000000000000000000e+00 0.000000000000000000e+00 -1.078152168821233658e-03 2.043060845368929040e-02 1.818193983542942122e-02 1.614171241165165277e-02
5.027708139584722176e+02 2.012556192812222662e+02 3.728926832603112640e+00 0.000000000000000000e+00 0.000000000000000000e+00 -1.728123717276552895e-02 1.993072063254176449e-02 1.793803822351578564e-02 1.555807852398547950e-02
7.009988798460366297e+02 4.095732542192072145e+01 6.336963583332811289e+00 0.000000000000000000e+00 0.000000000000000000e+00 -6.005612735607179786e-03 2.043060845368929040e-02 1.818193983542942122e-02 1.614137022753515949e-02
8.974374009319617471e+02 1.968915079993851975e+02 1.084864223397043936e+01 0.000000000000000000e+00 0.000000000000000000e+00 -7.649453232117409129e-03 2.046842590254429467e-02 1.829927085511892648e-02 1.598887009806001722e-02
1.926690367561376718e+02 5.127254991573490770e+02 3.552569033050586800e+00 0.000000000000000000e+00 0.000000000000000000e+00 1.403681091842834405e-02 2.095549082659436957e-02 1.853842050175437753e-02 1.655610572069224351e-02
1.960907373075842202e+02 9.060458689024616206e+02 1.018713433287844339e+01 0.000000000000000000e+00 0.000000000000000000e+00 1.632917573335390671e-04 2.150016053288910517e-02 1.891051706606048169e-02 1.698719609578378670e-02
-1.011624077714262382e-01 7.501425179495217890e+02 6.610828164141651975e+00 0.000000000000000000e+00 0.000000000000000000e+00 3.486384868800485037e-02 2.095549082659436957e-02 1.853842050175437753e-02 1.655628043567177604e-02
-1.979448978311968119e+02 9.099699572075464857e+02 1.028181704526659068e+01 0.000000000000000000e+00 0.000000000000000000e+00 -2.981829895668752783e-03 2.095549082659436957e-02 1.853842050175437753e-02 1.655652151609379383e-02
-1.957022313862997862e+02 5.106238814930316039e+02 3.542566696168515605e+00 0.000000000000000000e+00 0.000000000000000000e+00 8.107234448659905723e-03 2.095549082659436957e-02 1.853842050175437753e-02 1.655610551123093063e-02
1.208490368859788987e+03 -1.992047371391684578e+02 1.919367226778226865e+01 0.000000000000000000e+00 0.000000000000000000e+00 6.700359908510478135e-03 2.095549082659436957e-02 1.853842050175437753e-02 1.655749061779587111e-02
1.204430629100594160e+03 1.992242766980353110e+02 1.922487757569434663e+01 0.000000000000000000e+00 0.000000000000000000e+00 -7.725513021753727116e-03 2.046842590254429467e-02 1.829927085511892648e-02 1.598958617344795399e-02
1.595451412203146901e+03 -1.977277817056223341e+02 3.320918966908634218e+01 0.000000000000000000e+00 0.000000000000000000e+00 3.775328661006227549e-02 2.095549082659436957e-02 1.853842050175437753e-02 1.655868688445612941e-02
1.402448914452505960e+03 3.921761816383646959e+01 2.540717109904110771e+01 0.000000000000000000e+00 0.000000000000000000e+00 2.039371570248960097e-02 2.095549082659436957e-02 1.853842050175437753e-02 1.655805548442769795e-02
1.598589491516346698e+03 1.958222531596022975e+02 3.359748140969058028e+01 0.000000000000000000e+00 0.000000000000000000e+00 2.635180637179246332e-02 2.150016053288910517e-02 1.891051706606048169e-02 1.698952097647715015e-02
5.073579887484418123e+02 5.121230160248221637e+02 6.407741897379713336e+00 0.000000000000000000e+00 0.000000000000000000e+00 -1.919955313165644384e-02 2.046842590254429467e-02 1.829927085511892648e-02 1.598843445142142383e-02
8.969924983743394478e+02 9.073617677494050895e+02 2.029388062876101984e+01 0.000000000000000000e+00 0.000000000000000000e+00 -7.133429905934463022e-03 2.289034680630791171e-02 2.029393464678044823e-02 1.798779100166738448e-02
7.004221738670709101e+02 7.507107099011034279e+02 1.304000709170935757e+01 0.000000000000000000e+00 0.000000000000000000e+00 -8.487820936622370027e-03 2.150016053288910517e-02 1.891051706606048169e-02 1.698754396310064169e-02
8.944879109425968409e+02 5.150358058080640831e+02 1.350961078224113976e+01 0.000000000000000000e+00 0.000000000000000000e+00 -1.193047718757789255e-02 2.150016053288910517e-02 1.891051706606048169e-02 1.698767630796881728e-02
5.030749262940643689e+02 9.116376971879462872e+02 1.312833889283999333e+01 0.000000000000000000e+00 0.000000000000000000e+00 -8.570619149459446362e-03 2.150016053288910517e-02 1.891051706606048169e-02 1.698746379502096004e-02
1.909889965140888535e+03 -1.997575647807142047e+02 4.754826803774807331e+01 0.000000000000000000e+00 0.000000000000000000e+00 3.799690644525810512e-02 2.095549082659436957e-02 1.853842050175437753e-02 1.655991817049759160e-02
1.905211510272875103e+03 1.995015554508954381e+02 4.769289673597308621e+01 0.000000000000000000e+00 0.000000000000000000e+00 1.932425604737630920e-02 2.206315216050339090e-02 1.929732621885395238e-02 1.743604605414279460e-02
2.103022405803400488e+03 4.005197865635926746e+01 5.749720601112296947e+01 0.000000000000000000e+00 0.000000000000000000e+00 2.935024491301874150e-02 2.206315216050339090e-02 1.929732621885395238e-02 1.743692592211556688e-02
2.296458937271155719e+03 -1.962493696222265953e+02 6.883877486184432826e+01 0.000000000000000000e+00 0.000000000000000000e+00 2.334696533800695306e-02 2.289034680630791171e-02 2.029393464678044823e-02 1.799255372283911636e-02
2.298678421019644702e+03 1.964894371896982364e+02 6.950395135596977525e+01 0.000000000000000000e+00 0.000000000000000000e+00 -2.201492586340236812e-02 2.344984499717589488e-02 2.067528595749295456e-02 1.843765731344497102e-02
2.609222825453167388e+03 -9.091633474275532762e+02 9.725482621195411070e+01 0.000000000000000000e+00 0.000000000000000000e+00 -2.091044712722123222e-02 2.186420050143455043e-02 1.969063220439629461e-02 1.699596515962715354e-02
2.606340815136811216e+03 -5.105462716490880553e+02 9.103135686577635965e+01 0.000000000000000000e+00 0.000000000000000000e+00 -1.024720533740719475e-02 2.289034680630791171e-02 2.029393464678044823e-02 1.799451011626163055e-02
2.803943534771755367e+03 -6.711065297001281351e+02 1.071551947508609999e+02 0.000000000000000000e+00 0.000000000000000000e+00 1.901209729666675230e-03 2.392732662863185367e-02 2.091279549101485516e-02 1.899489009047510002e-02
2.995339620413165903e+03 -9.073970052090656964e+02 1.258865548704540345e+02 0.000000000000000000e+00 0.000000000000000000e+00 8.369104580339126187e-04 2.381290234367791289e-02 2.145225726374785577e-02 1.844393227643632838e-02
3.000103153287748228e+03 -5.148769365493752730e+02 1.204228150076370838e+02 0.000000000000000000e+00 0.000000000000000000e+00 5.772724107089288736e-05 2.483958079096195912e-02 2.205776724866875468e-02 1.944230030024771474e-02
2.610714549887527028e+03 -1.989210616439006003e+02 8.922644453446994817e+01 0.000000000000000000e+00 0.000000000000000000e+00 -1.365874177812997914e-02 2.344984499717589488e-02 2.067528595749295456e-02 1.843947245057141193e-02
2.996053548279821371e+03 -1.969994280827112618e+02 1.180583047968761008e+02 0.000000000000000000e+00 0.000000000000000000e+00 2.502600398130994108e-02 2.541131585871249723e-02 2.244677720616403138e-02 1.989904582682257630e-02
2.804430397524078671e+03 4.096434961378103878e+01 1.031936789639726015e+02 0.000000000000000000e+00 0.000000000000000000e+00 -6.145565279467746223e-03 2.541131585871249723e-02 2.244677720616403138e-02 1.989756165845028846e-02
2.607495448250494064e+03 2.003000572638417793e+02 8.969011032363425784e+01 0.000000000000000000e+00 0.000000000000000000e+00 -2.231201212897815367e-02 2.437997220402571621e-02 2.183271696723836433e-02 1.889857569812770921e-02
2.999654052255888018e+03 1.960424636276165984e+02 1.192062072021839185e+02 0.000000000000000000e+00 0.000000000000000000e+00 3.510524519327873350e-02 2.599743538568336648e-02 2.284764846488785209e-02 2.036744749674748375e-02
3.000373002860022098e+03 1.616910404842428306e+03 1.548056854557441397e+02 0.000000000000000000e+00 0.000000000000000000e+00 5.205019349887152202e-03 2.920247267120771456e-02 2.547255642697801581e-02 2.282789587199322845e-02
2.996503721526473328e+03 1.225022902799925987e+03 1.394444264686639201e+02 0.000000000000000000e+00 0.000000000000000000e+00 -1.674233627645094202e-02 2.816384773308465428e-02 2.483755864111648892e-02 2.183589314154785188e-02
2.805406986514783057e+03 1.460867912767843791e+03 1.326038223073186089e+02 0.000000000000000000e+00 0.000000000000000000e+00 4.459724588289759595e-02 2.720908693872033796e-02 2.368254789279575570e-02 2.133597164220647768e-02
2.607395414749756128e+03 1.622654157372303871e+03 1.243802593995154098e+02 0.000000000000000000e+00 0.000000000000000000e+00 -2.729539376106515647e-02 2.720908693872033796e-02 2.368254789279575570e-02 2.133478959586385462e-02
2.610660504998201759e+03 1.223989688070012335e+03 1.096385976336380992e+02 0.000000000000000000e+00 0.000000000000000000e+00 2.135702149220719548e-02 2.659698841514412590e-02 2.325976776092627749e-02 2.084491057523131172e-02
3.000084073034998710e+03 9.057472659949694389e+02 1.304878197954303403e+02 0.000000000000000000e+00 0.000000000000000000e+00 1.632642378731929966e-02 2.858403128509167182e-02 2.504627332664139186e-02 2.232981598770707177e-02
2.996038844037238505e+03 5.115900271788892155e+02 1.223493193572106463e+02 0.000000000000000000e+00 0.000000000000000000e+00 2.667586528075105434e-02 2.704152950796300664e-02 2.348251018511763114e-02 2.136442430181123564e-02
2.804513653355932092e+03 7.504010608312552222e+02 1.114649810617190298e+02 0.000000000000000000e+00 0.000000000000000000e+00 1.829374525566151988e-02 2.659698841514412590e-02 2.325976776092627749e-02 2.084525056001315657e-02
2.610279491608944682e+03 5.119452456047994247e+02 9.311186062349604242e+01 0.000000000000000000e+00 0.000000000000000000e+00 -4.070730305443248653e-04 2.496223636755315681e-02 2.222566626938907858e-02 1.936848408204504268e-02
2.606938915951269337e+03 9.102891162517282737e+02 1.005152606813886962e+02 0.000000000000000000e+00 0.000000000000000000e+00 2.935573331825480636e-02 2.555865640895706864e-02 2.263045458116532196e-02 1.984976313927550376e-02
2.298505557252824474e+03 2.329119227580837105e+03 1.401329427316489955e+02 0.000000000000000000e+00 0.000000000000000000e+00 6.759048586161497951e-03 2.879131613417335034e-02 2.526736319095545732e-02 2.234074112203319334e-02
2.296247735232991545e+03 1.937290186130407164e+03 1.179468552265111043e+02 0.000000000000000000e+00 0.000000000000000000e+00 5.103818970681572864e-03 2.816384773308465428e-02 2.483755864111648892e-02 2.183239467875696532e-02
2.102823768670577010e+03 2.173129228517093452e+03 1.187994165356794554e+02 0.000000000000000000e+00 0.000000000000000000e+00 -7.883388900410182032e-03 2.816384773308465428e-02 2.483755864111648892e-02 2.183209149711708152e-02
1.904116464118534168e+03 2.332834464494149870e+03 1.170975618765918114e+02 0.000000000000000000e+00 0.000000000000000000e+00 4.068719735769832369e-03 2.816384773308465428e-02 2.483755864111648892e-02 2.183150764478617584e-02
1.910041162601891756e+03 1.934729477979599778e+03 9.532610910282470229e+01 0.000000000000000000e+00 0.000000000000000000e+00 -1.467252825985099207e-02 2.659698841514412590e-02 2.325976776092627749e-02 2.084238384098941257e-02
1.598435854358329607e+03 3.040303390484196825e+03 1.522070282518487829e+02 0.000000000000000000e+00 0.000000000000000000e+00 -2.641381169860324007e-02 3.153907247662186830e-02 2.799923744304207499e-02 2.431897362191994677e-02
1.597150464449754054e+03 2.648581919787202878e+03 1.226309501919143656e+02 0.000000000000000000e+00 0.000000000000000000e+00 -3.598841543239927887e-02 3.016335509420675631e-02 2.663080869660551173e-02 2.332602834878029843e-02
1.403668965737581857e+03 2.885838581361937941e+03 1.317208436266701881e+02 0.000000000000000000e+00 0.000000000000000000e+00 -2.712541604060447753e-02 3.051401742167500486e-02 2.738224823256369192e-02 2.332820862477974835e-02
1.204728175654977576e+03 3.044037664256446988e+03 1.367584999430209507e+02 0.000000000000000000e+00 0.000000000000000000e+00 -9.011875190765294974e-04 3.153907247662186830e-02 2.799923744304207499e-02 2.431641189002298892e-02
1.209519243612644914e+03 2.645471093596734136e+03 1.071260029691032400e+02 0.000000000000000000e+00 0.000000000000000000e+00 -3.396072801902505489e-02 2.893011210083949736e-02 2.579311541098694080e-02 2.232562031635765970e-02
2.297990550133696615e+03 1.618167250193365362e+03 1.032407089143841148e+02 0.000000000000000000e+00 0.000000000000000000e+00 2.451442392181490959e-02 2.616826443525919685e-02 2.304645808941841248e-02 2.034031857140277885e-02
2.296729191817460560e+03 1.224830316115835558e+03 8.864901247799772932e+01 0.000000000000000000e+00 0.000000000000000000e+00 1.693228976688487819e-02 2.566529873184443880e-02 2.211974566058965905e-02 2.036271543215736196e-02
2.102944392682710713e+03 1.462730671458631605e+03 8.529057395791912199e+01 0.000000000000000000e+00 0.000000000000000000e+00 2.596552782212313559e-02 2.566529873184443880e-02 2.211974566058965905e-02 2.036212179367762401e-02
1.905249511611729531e+03 1.621669008170057396e+03 8.076602130433418836e+01 0.000000000000000000e+00 0.000000000000000000e+00 -5.831724355701339846e-03 2.555865640895706864e-02 2.263045458116532196e-02 1.984699696671785377e-02
1.910099779991084006e+03 1.221718304337269501e+03 6.652934507532829400e+01 0.000000000000000000e+00 0.000000000000000000e+00 9.583218491655998150e-03 2.461613610686348361e-02 2.147669315402960313e-02 1.936416842933736879e-02
1.595926928967628783e+03 2.328984271069949955e+03 1.018125784639369869e+02 0.000000000000000000e+00 0.000000000000000000e+00 -3.472031179269663426e-02 2.816384773308465428e-02 2.483755864111648892e-02 2.182940054807078548e-02
1.592760959131355321e+03 1.936786970101609313e+03 8.013430303462816084e+01 0.000000000000000000e+00 0.000000000000000000e+00 2.142404252779783747e-03 2.599743538568336648e-02 2.284764846488785209e-02 2.036206182237493278e-02
1.400029958895900336e+03 2.173488850934139009e+03 8.464678260289603884e+01 0.000000000000000000e+00 0.000000000000000000e+00 -3.076795280983901648e-02 2.694311799707513680e-02 2.400764961342563911e-02 2.084189428500185168e-02
1.202092607592179547e+03 2.333043286986909152e+03 8.675262278108237979e+01 0.000000000000000000e+00 0.000000000000000000e+00 -6.129190846507981405e-03 2.754752668912120728e-02 2.441748386634779583e-02 2.132998513475116431e-02
1.206601187745828838e+03 1.935506668374321407e+03 6.526716327380702865e+01 0.000000000000000000e+00 0.000000000000000000e+00 -3.354575547123772594e-02 2.599743538568336648e-02 2.284764846488785209e-02 2.036024836532628057e-02
2.298719086596909165e+03 9.077509428138949943e+02 8.000379712605098348e+01 0.000000000000000000e+00 0.000000000000000000e+00 3.613751343007720607e-02 2.461613610686348361e-02 2.147669315402960313e-02 1.936581160792890874e-02
2.295401816659630640e+03 5.132734375834668299e+02 7.243774629878842575e+01 0.000000000000000000e+00 0.000000000000000000e+00 3.263580320577830207e-02 2.344984499717589488e-02 2.067528595749295456e-02 1.843798460324569399e-02
2.103081319087724751e+03 7.520939340041013565e+02 6.510092894898841109e+01 0.000000000000000000e+00 0.000000000000000000e+00 1.864727737945770514e-02 2.344984499717589488e-02 2.067528595749295456e-02 1.843721149208484011e-02
1.904902877488680815e+03 9.110603703764194279e+02 5.786271827607582452e+01 0.000000000000000000e+00 0.000000000000000000e+00 2.366501485501970592e-02 2.344984499717589488e-02 2.067528595749295456e-02 1.843641863914453546e-02
1.909710694347824983e+03 5.123008666318522728e+02 5.087241543529628274e+01 0.000000000000000000e+00 0.000000000000000000e+00 -1.027123416719177840e-03 2.241805174149738913e-02 2.006240613934211561e-02 1.743744409511486029e-02
8.959320451597621968e+02 3.038497431146028703e+03 1.270888059524086771e+02 0.000000000000000000e+00 0.000000000000000000e+00 1.815680277252340602e-02 3.092204037184595120e-02 2.758138736627812823e-02 2.381418295782648450e-02
8.931548991918352840e+02 2.647949489978673228e+03 9.798231842002391545e+01 0.000000000000000000e+00 0.000000000000000000e+00 -3.341775144697578526e-02 2.833046582254883025e-02 2.538885585679171580e-02 2.183826095197650974e-02
6.996776022141183375e+02 2.883913081000280272e+03 1.106405413480333522e+02 0.000000000000000000e+00 0.000000000000000000e+00 1.174904277733901381e-02 2.996258121925510221e-02 2.641525197222605731e-02 2.331805574790680319e-02
5.019405188284393375e+02 3.043722148119348276e+03 1.196947385859125887e+02 0.000000000000000000e+00 0.000000000000000000e+00 1.951066245008803435e-02 3.134426101344421622e-02 2.778870746012952059e-02 2.431356663479209215e-02
5.063484258194770291e+02 2.645649665196814112e+03 9.026437957529215339e+01 0.000000000000000000e+00 0.000000000000000000e+00 3.716959617733550658e-03 2.833046582254883025e-02 2.538885585679171580e-02 2.183716586932922532e-02
1.598541283155842166e+03 1.618062402779504964e+03 6.598279655057598347e+01 0.000000000000000000e+00 0.000000000000000000e+00 1.751761120711137210e-02 2.461613610686348361e-02 2.147669315402960313e-02 1.936370599627099467e-02
1.595582043572386965e+03 1.225105043147784954e+03 5.180158691921944580e+01 0.000000000000000000e+00 0.000000000000000000e+00 -4.656839146761626580e-04 2.298904733482834417e-02 2.044807585266206554e-02 1.789589844761027213e-02
1.402580138229483964e+03 1.462446194818838421e+03 5.199632475667135623e+01 0.000000000000000000e+00 0.000000000000000000e+00 -8.380048818551699696e-03 2.402548557326367532e-02 2.106978020496703616e-02 1.889296645066020769e-02
1.204563424401082102e+03 1.623398994828223522e+03 5.123545022592143994e+01 0.000000000000000000e+00 0.000000000000000000e+00 -1.653013514633983050e-02 2.402548557326367532e-02 2.106978020496703616e-02 1.889268750147210171e-02
1.208515140498157280e+03 1.223048023917390083e+03 3.721450023108616989e+01 0.000000000000000000e+00 0.000000000000000000e+00 2.058560992139746304e-04 2.298904733482834417e-02 2.044807585266206554e-02 1.789439366743020635e-02
8.963373215045219240e+02 2.327207099978981660e+03 7.752694321820553114e+01 0.000000000000000000e+00 0.000000000000000000e+00 -1.885227535905187324e-02 2.694311799707513680e-02 2.400764961342563911e-02 2.084060523663391548e-02
8.922971158900963928e+02 1.934792160959477542e+03 5.623318176702362337e+01 0.000000000000000000e+00 0.000000000000000000e+00 -6.906028470268665842e-03 2.541131585871249723e-02 2.244677720616403138e-02 1.989131434140726726e-02
6.997944434476659126e+02 2.172689415749746786e+03 6.436582420933449100e+01 0.000000000000000000e+00 0.000000000000000000e+00 -1.133685151975782901e-02 2.555865640895706864e-02 2.263045458116532196e-02 1.984409625887306045e-02
5.023545530199345421e+02 2.333027715772766896e+03 7.026783747407448288e+01 0.000000000000000000e+00 0.000000000000000000e+00 -2.599719487150764508e-03 2.635144135112508015e-02 2.360858920062533506e-02 2.036131114271665099e-02
5.056904948052941791e+02 1.935479891702945906e+03 4.891344718651350831e+01 0.000000000000000000e+00 0.000000000000000000e+00 -1.564698727688806912e-02 2.437997220402571621e-02 2.183271696723836433e-02 1.889313727800587608e-02
1.960543734669010973e+02 3.039650536916396959e+03 1.163456322417268609e+02 0.000000000000000000e+00 0.000000000000000000e+00 -1.316838825518118483e-02 3.074611617281739970e-02 2.738306806124364556e-02 2.383079800420648611e-02
1.915690381934739719e+02 2.647207952700848182e+03 8.730734872205205477e+01 0.000000000000000000e+00 0.000000000000000000e+00 -1.675072114990427963e-02 2.876947367037487047e-02 2.560350391051772687e-02 2.235647546019387324e-02
1.376624381398080521e-01 2.883188051871672087e+03 1.036933656113408233e+02 0.000000000000000000e+00 0.000000000000000000e+00 7.264850040257897490e-03 2.876947367037487047e-02 2.560350391051772687e-02 2.235800329194919875e-02
-1.986719716516976746e+02 3.042972635166410782e+03 1.166253380169141423e+02 0.000000000000000000e+00 0.000000000000000000e+00 2.074626972218140963e-02 3.015934505434178514e-02 2.698698006583824874e-02 2.335738141793730974e-02
-1.945246069861562148e+02 2.645007502503021442e+03 8.717327257509546712e+01 0.000000000000000000e+00 0.000000000000000000e+00 -4.424353028281302613e-02 2.819127517489873613e-02 2.521295567944301791e-02 2.189124085496749889e-02
1.599103350488191836e+03 9.069545034038520726e+02 4.348405977675259493e+01 0.000000000000000000e+00 0.000000000000000000e+00 1.337976405060459228e-02 2.298904733482834417e-02 2.044807585266206554e-02 1.789523393924270442e-02
1.595364326554339641e+03 5.135681248122575653e+02 3.634982368352645210e+01 0.000000000000000000e+00 0.000000000000000000e+00 8.459267963871752727e-03 2.206315216050339090e-02 1.929732621885395238e-02 1.743497713853433065e-02
1.402500355450687493e+03 7.507813840581947034e+02 3.245646539317636581e+01 0.000000000000000000e+00 0.000000000000000000e+00 3.319253357695117757e-03 2.206315216050339090e-02 1.929732621885395238e-02 1.743454203909916914e-02
1.205055975493677806e+03 9.104867811657304628e+02 2.891199418619441275e+01 0.000000000000000000e+00 0.000000000000000000e+00 -8.601539243510814003e-03 2.206315216050339090e-02 1.929732621885395238e-02 1.743412899888033968e-02
1.208966511965736572e+03 5.125431739538985312e+02 2.211882843959427447e+01 0.000000000000000000e+00 0.000000000000000000e+00 1.538028359844290094e-02 2.150016053288910517e-02 1.891051706606048169e-02 1.698845504170015328e-02
8.976415961574409721e+02 1.617728101849467521e+03 4.229869481229234651e+01 0.000000000000000000e+00 0.000000000000000000e+00 3.624283057000354802e-03 2.344984499717589488e-02 2.067528595749295456e-02 1.843419493969408046e-02
7.007277721321386252e+02 1.462398034376621581e+03 3.216489626342730901e+01 0.000000000000000000e+00 0.000000000000000000e+00 -2.339319328306999068e-02 2.298904733482834417e-02 2.044807585266206554e-02 1.789363801959029804e-02
8.932933755577071224e+02 1.224226010332133455e+03 2.842108720037251501e+01 0.000000000000000000e+00 0.000000000000000000e+00 1.550344193945107918e-02 2.241805174149738913e-02 2.006240613934211561e-02 1.743492527972140618e-02
5.037527519903384814e+02 1.622140425626872229e+03 3.504636816699067481e+01 0.000000000000000000e+00 0.000000000000000000e+00 -3.223711622717928549e-02 2.298904733482834417e-02 2.044807585266206554e-02 1.789374509627331133e-02
5.065043230374936343e+02 1.223329765551945229e+03 2.120032365118053264e+01 0.000000000000000000e+00 0.000000000000000000e+00 -2.650759145496195401e-02 2.241805174149738913e-02 2.006240613934211561e-02 1.743420275762482333e-02
1.960525208171596603e+02 2.327951047802100220e+03 6.701973959320761765e+01 0.000000000000000000e+00 0.000000000000000000e+00 -7.215798327663947020e-03 2.496223636755315681e-02 2.222566626938907858e-02 1.936377757999052304e-02
2.805415473603374288e-01 2.172748278327470416e+03 5.765796347032122782e+01 0.000000000000000000e+00 0.000000000000000000e+00 -1.539490390200626280e-03 2.381290234367791289e-02 2.145225726374785577e-02 1.843621239285129013e-02
1.922923270382852650e+02 1.935853148928136079e+03 4.596042899853848951e+01 0.000000000000000000e+00 0.000000000000000000e+00 -5.226332026744273662e-03 2.381290234367791289e-02 2.145225726374785577e-02 1.843531551029542817e-02
-1.981993621444346161e+02 2.331946821573502802e+03 6.726776000762167484e+01 0.000000000000000000e+00 0.000000000000000000e+00 -5.362607770608462943e-02 2.520985102137117753e-02 2.284503315088937808e-02 1.943660394085025903e-02
-1.933111973314751424e+02 1.934041207358068959e+03 4.587831926643848135e+01 0.000000000000000000e+00 0.000000000000000000e+00 1.644310638107526756e-02 2.381290234367791289e-02 2.145225726374785577e-02 1.843530930425386558e-02
-7.006117343756693572e+02 2.884379657119719468e+03 1.106941418497118690e+02 0.000000000000000000e+00 0.000000000000000000e+00 -4.197770085619367819e-02 2.819127517489873613e-02 2.521295567944301791e-02 2.189376800415369917e-02
-5.076423617390933032e+02 2.648122186477638934e+03 9.045155591999011335e+01 0.000000000000000000e+00 0.000000000000000000e+00 -5.839285418694828422e-02 2.762634340379363507e-02 2.483327159631659384e-02 2.143679937680942338e-02
-8.977270319524237721e+02 3.043839371557616232e+03 1.275630899079162930e+02 0.000000000000000000e+00 0.000000000000000000e+00 -6.738489018403015507e-02 3.004601330553237706e-02 2.682572548728923839e-02 2.343914181421523357e-02
-8.943043256755180437e+02 2.646112605446010093e+03 9.788504500562288513e+01 0.000000000000000000e+00 0.000000000000000000e+00 1.720516921389503295e-02 2.809813103366805634e-02 2.506333400472483472e-02 2.199254601583596966e-02
-5.033382703733643666e+02 3.039509346715028641e+03 1.193779450389618830e+02 0.000000000000000000e+00 0.000000000000000000e+00 1.068902072691457761e-02 3.119032820613297508e-02 2.760155198860555700e-02 2.435451745136255411e-02
1.974060644912154316e+02 1.618505741904675006e+03 3.201548882279166719e+01 0.000000000000000000e+00 0.000000000000000000e+00 1.881709114940122163e-02 2.289034680630791171e-02 2.029393464678044823e-02 1.798831047442576297e-02
1.437558218038439639e+00 1.461019665201735961e+03 2.555032330099323445e+01 0.000000000000000000e+00 0.000000000000000000e+00 4.644944551871077465e-02 2.289034680630791171e-02 2.029393464678044823e-02 1.798783959494527560e-02
1.942670156035972582e+02 1.224806410667287537e+03 1.834208320962802574e+01 0.000000000000000000e+00 0.000000000000000000e+00 2.958118082703364848e-02 2.150016053288910517e-02 1.891051706606048169e-02 1.698771247290952607e-02
-1.964707148867215096e+02 1.621613993519646783e+03 3.213440988988372737e+01 0.000000000000000000e+00 0.000000000000000000e+00 9.404704557240961549e-03 2.289034680630791171e-02 2.029393464678044823e-02 1.798831868703016854e-02
-1.941678448508639860e+02 1.222658010921627465e+03 1.827798137076769081e+01 0.000000000000000000e+00 0.000000000000000000e+00 1.405085667213157308e-02 2.150016053288910517e-02 1.891051706606048169e-02 1.698770837233717565e-02
-5.032662280454665620e+02 2.327850905143058299e+03 6.997360947990617319e+01 0.000000000000000000e+00 0.000000000000000000e+00 -6.100504600097167440e-02 2.567841727783182898e-02 2.307177990461859590e-02 1.999106107416199346e-02
-7.004283952807905962e+02 2.172208428226388605e+03 6.435155326738399140e+01 0.000000000000000000e+00 0.000000000000000000e+00 -1.891230420767442411e-02 2.428324622514874132e-02 2.168125705615171414e-02 1.899077351534997349e-02
-5.078249587075303566e+02 1.934809900659450705e+03 4.891043611114579903e+01 0.000000000000000000e+00 0.000000000000000000e+00 7.242230494327372980e-03 2.326213800472812232e-02 2.108496326137926022e-02 1.799087197536352115e-02
-8.978274326108155492e+02 2.332404204185664639e+03 7.787332405301717131e+01 0.000000000000000000e+00 0.000000000000000000e+00 -3.556449476320722169e-02 2.616196543538418587e-02 2.330777635781912036e-02 2.055847558166893491e-02
-8.952609821997566542e+02 1.934209839048128742e+03 5.627704032949798574e+01 0.000000000000000000e+00 0.000000000000000000e+00 -1.074356803479048494e-02 2.326213800472812232e-02 2.108496326137926022e-02 1.799168701776586096e-02
-5.030193627101902507e+02 1.616221102783973947e+03 3.480011230837436642e+01 0.000000000000000000e+00 0.000000000000000000e+00 2.238402709037501381e-02 2.289034680630791171e-02 2.029393464678044823e-02 1.798860293869336893e-02
-7.008147059013340368e+02 1.462203524051948762e+03 3.215953941221950174e+01 0.000000000000000000e+00 0.000000000000000000e+00 2.072935354782856621e-02 2.234820343104849949e-02 1.992648087236410445e-02 1.755739502344559957e-02
-5.075805008112300243e+02 1.226064258778746535e+03 2.129606162309430317e+01 0.000000000000000000e+00 0.000000000000000000e+00 -3.552926621559038267e-03 2.199217669919463838e-02 1.915597293414376609e-02 1.755550390329726346e-02
-8.954344717740921169e+02 1.223395408864072806e+03 2.844719304817765959e+01 0.000000000000000000e+00 0.000000000000000000e+00 6.746918818915759175e-03 2.182470823262034482e-02 1.957370733792642564e-02 1.714083334865515451e-02
-8.978867671940446371e+02 1.621375274100277011e+03 4.245118603716878170e+01 0.000000000000000000e+00 0.000000000000000000e+00 4.949587274992950370e-03 2.234820343104849949e-02 1.992648087236410445e-02 1.755825500814949328e-02
-5.025701677948338784e+02 9.063679814460765556e+02 1.300683619627747589e+01 0.000000000000000000e+00 0.000000000000000000e+00 -2.786897428348922290e-03 2.095549082659436957e-02 1.853842050175437753e-02 1.655676864162993617e-02
-8.973107709421067284e+02 9.099019731837373683e+02 2.035727100222099395e+01 0.000000000000000000e+00 0.000000000000000000e+00 1.916566730539770447e-02 2.095549082659436957e-02 1.853842050175437753e-02 1.655742870290493468e-02
-6.988662234970533973e+02 7.502929791614504893e+02 1.300397411064246178e+01 0.000000000000000000e+00 0.000000000000000000e+00 -2.528142972531455257e-03 2.095549082659436957e-02 1.853842050175437753e-02 1.655684938762463226e-02
-5.063759119013155896e+02 5.129955416708105531e+02 6.405384863620978919e+00 0.000000000000000000e+00 0.000000000000000000e+00 -2.264939850737235361e-02 2.095549082659436957e-02 1.853842050175437753e-02 1.655635562830061816e-02
-8.932146664688151532e+02 5.109392477613783399e+02 1.342944030377410236e+01 0.000000000000000000e+00 0.000000000000000000e+00 -9.099227638236229154e-03 2.043060845368929040e-02 1.818193983542942122e-02 1.614191375860674418e-02
-1.206979569851106589e+03 1.222809924905875732e+03 3.715781321639990864e+01 0.000000000000000000e+00 0.000000000000000000e+00 2.830939219848005450e-03 2.145999834138105633e-02 1.878873806427006771e-02 1.714055958493774026e-02
-1.204421599819071162e+03 1.616665778579145353e+03 5.095823233868062374e+01 0.000000000000000000e+00 0.000000000000000000e+00 -1.441026167531589408e-02 2.284871825282958416e-02 2.017280857445483133e-02 1.813974918973069658e-02
-1.399089011353916248e+03 1.460492675875432724e+03 5.179310853710612861e+01 0.000000000000000000e+00 0.000000000000000000e+00 3.676041078151115471e-03 2.284871825282958416e-02 2.017280857445483133e-02 1.814000829629023800e-02
-1.598318174729701013e+03 1.620743652920044951e+03 6.608292976780879258e+01 0.000000000000000000e+00 0.000000000000000000e+00 -8.673723701051017088e-03 2.372904420346247031e-02 2.121522062976115980e-02 1.873510296427793875e-02
-1.594328056538092596e+03 1.221869635558927030e+03 5.164885458235151816e+01 0.000000000000000000e+00 0.000000000000000000e+00 -9.269126631345159240e-03 2.233695634236378125e-02 1.982441890133733106e-02 1.773736942777933909e-02
-1.205778270759074985e+03 9.070213283811488054e+02 2.885795122478910812e+01 0.000000000000000000e+00 0.000000000000000000e+00 8.217388635486599924e-03 2.145999834138105633e-02 1.878873806427006771e-02 1.714000115751902059e-02
-1.208690806133975684e+03 5.123371581584290197e+02 2.210752549259936117e+01 0.000000000000000000e+00 0.000000000000000000e+00 -2.759005614441178977e-02 2.094776109317073032e-02 1.843709791499354225e-02 1.673889828493365164e-02
-1.599763854369511819e+03 9.100736375807990726e+02 4.358278287383276961e+01 0.000000000000000000e+00 0.000000000000000000e+00 -5.053061837543282309e-03 2.233695634236378125e-02 1.982441890133733106e-02 1.773675998681499555e-02
-1.402390474230534664e+03 7.501610701132684653e+02 3.244091686753331061e+01 0.000000000000000000e+00 0.000000000000000000e+00 1.298182173513851012e-03 2.148093163757608046e-02 1.870305176574039649e-02 1.734778488509737884e-02
-1.594553057897516737e+03 5.106626574116276061e+02 3.627836171763466666e+01 0.000000000000000000e+00 0.000000000000000000e+00 -1.302133419920181723e-02 2.148093163757608046e-02 1.870305176574039649e-02 1.734819671944248798e-02
-5.032841617667178298e+02 1.944209213370639020e+02 3.703649942052024802e+00 0.000000000000000000e+00 0.000000000000000000e+00 -8.770579583378346200e-03 2.043060845368929040e-02 1.818193983542942122e-02 1.614114310435608990e-02
-8.978979977844418272e+02 1.990718791711354925e+02 1.086989463867005412e+01 0.000000000000000000e+00 0.000000000000000000e+00 -1.442614451667445508e-02 2.043060845368929040e-02 1.818193983542942122e-02 1.614174521003728519e-02
-7.001182102776990632e+02 3.844745413060002193e+01 6.318436815203810397e+00 0.000000000000000000e+00 0.000000000000000000e+00 -2.700449419792860795e-02 2.043060845368929040e-02 1.818193983542942122e-02 1.614136867077565346e-02
-5.076124980572366212e+02 -1.992293804732235003e+02 3.750912435374399667e+00 0.000000000000000000e+00 0.000000000000000000e+00 -2.647191439505647281e-03 2.043060845368929040e-02 1.818193983542942122e-02 1.614114092843503892e-02
-8.938978635009685831e+02 -1.996331559302800258e+02 1.069059670909333803e+01 0.000000000000000000e+00 0.000000000000000000e+00 -2.292679156003174512e-02 2.007476346490959934e-02 1.740942694803607541e-02 1.614075178089788287e-02
-1.205957588196416737e+03 1.972619753042488924e+02 1.926279742682875096e+01 0.000000000000000000e+00 0.000000000000000000e+00 9.937694556676035518e-03 2.043060845368929040e-02 1.818193983542942122e-02 1.614245345027754894e-02
-1.401653277796876864e+03 4.045562146625821498e+01 2.538001107708560866e+01 0.000000000000000000e+00 0.000000000000000000e+00 -6.558895397574815433e-04 2.094776109317073032e-02 1.843709791499354225e-02 1.673921285155937494e-02
-1.207604861518100506e+03 -1.961077827994891152e+02 1.915313057530071461e+01 0.000000000000000000e+00 0.000000000000000000e+00 1.137942660045965226e-02 1.956207471965972292e-02 1.705410714823614449e-02 1.574320487225611132e-02
-1.594879937982882893e+03 -1.995227906007422973e+02 3.319267384633430140e+01 0.000000000000000000e+00 0.000000000000000000e+00 -3.339923660866617183e-02 2.010158452376695215e-02 1.732588277610705094e-02 1.635512168514108647e-02
-1.599167591559873017e+03 1.995722714414886525e+02 3.364163726272918353e+01 0.000000000000000000e+00 0.000000000000000000e+00 -1.355542546200894094e-02 2.148093163757608046e-02 1.870305176574039649e-02 1.734798934950303184e-02
-1.204407793883377735e+03 -5.163822670044289680e+02 2.156003498595509171e+01 0.000000000000000000e+00 0.000000000000000000e+00 -6.093464343502574820e-02 1.956207471965972292e-02 1.705410714823614449e-02 1.574330863175871925e-02
-1.599398489439807918e+03 -5.125757622890891980e+02 3.575728301341688820e+01 0.000000000000000000e+00 0.000000000000000000e+00 -2.155195983979041330e-02 2.094776109317073032e-02 1.843709791499354225e-02 1.673995270223386025e-02
-1.401535188401170899e+03 -6.724733273122611763e+02 3.020722793430814690e+01 0.000000000000000000e+00 0.000000000000000000e+00 -9.636930915739583270e-04 2.010158452376695215e-02 1.732588277610705094e-02 1.635472144602622899e-02
-1.207896207987818798e+03 -9.104300061461131008e+02 2.794144261013322250e+01 0.000000000000000000e+00 0.000000000000000000e+00 -3.893081714199553289e-02 2.094776109317073032e-02 1.843709791499354225e-02 1.673911767869807471e-02
-1.595984455716226648e+03 -9.113951476917256969e+02 4.188939057794622300e+01 0.000000000000000000e+00 0.000000000000000000e+00 -2.682372662120968698e-02 2.148093163757608046e-02 1.870305176574039649e-02 1.734832114855888383e-02
-2.994790884857812216e+03 -1.622998998405496877e+03 1.458782826555795396e+02 0.000000000000000000e+00 0.000000000000000000e+00 4.067773190115531179e-03 3.362191393756162189e-02 2.753955682926926413e-02 2.879586548035461407e-02
-2.608661991512402437e+03 -1.621179955808643172e+03 1.171888088548081583e+02 0.000000000000000000e+00 0.000000000000000000e+00 3.329154109934506778e-02 2.978755439314464265e-02 2.487803547898665563e-02 2.512860671032246876e-02
-2.801817169801535783e+03 -1.382993434108731890e+03 1.229722816830367407e+02 0.000000000000000000e+00 0.000000000000000000e+00 5.766163262920542820e-02 2.978755439314464265e-02 2.487803547898665563e-02 2.512963834326022161e-02
-2.606300981203039100e+03 -1.227354050347303428e+03 1.045235411947025455e+02 0.000000000000000000e+00 0.000000000000000000e+00 -5.950672080849983558e-02 2.499557569519960873e-02 2.125539211238976905e-02 2.057623915834408054e-02
-2.998620290018727701e+03 -1.223599494942854335e+03 1.335103776059404197e+02 0.000000000000000000e+00 0.000000000000000000e+00 5.439365879905722068e-02 3.103404194516784509e-02 2.553467922001525364e-02 2.647791412482826054e-02
-2.610390059004183968e+03 -9.087929297766763739e+02 9.732771835423123719e+01 0.000000000000000000e+00 0.000000000000000000e+00 2.297407716039856496e-02 2.646945613871633934e-02 2.258654167938092469e-02 2.184521757408698986e-02
-2.803365998482198393e+03 -6.724387714245522147e+02 1.071310006712242853e+02 0.000000000000000000e+00 0.000000000000000000e+00 9.211587131360943204e-03 2.646945613871633934e-02 2.258654167938092469e-02 2.184646201165021256e-02
-2.608419744527996954e+03 -5.153301801266552502e+02 9.122483234416696973e+01 0.000000000000000000e+00 0.000000000000000000e+00 5.061949833873313764e-05 2.646945613871633934e-02 2.258654167938092469e-02 2.184491418386610290e-02
-3.000835898748845466e+03 -5.124095973590369795e+02 1.204564776616824275e+02 0.000000000000000000e+00 0.000000000000000000e+00 1.277842385995597851e-02 2.783650491098069862e-02 2.395613648646970073e-02 2.283235277846047337e-02
-2.996729814818518662e+03 -9.107190071409594339e+02 1.260626418225688781e+02 0.000000000000000000e+00 0.000000000000000000e+00 2.816779415840642287e-02 2.764448424692867237e-02 2.319301260810144316e-02 2.314393333157897456e-02
-2.297122338069592388e+03 -9.092043637587190688e+02 7.718358954140045114e+01 0.000000000000000000e+00 0.000000000000000000e+00 2.174044375298933574e-02 2.452864646037223803e-02 2.092503459604173888e-02 2.021949074808365374e-02
-1.910376989723181168e+03 -9.083200703938571223e+02 5.603065558530021661e+01 0.000000000000000000e+00 0.000000000000000000e+00 9.530017313466032647e-04 2.202895706548404706e-02 1.897934755606453527e-02 1.796819333064757912e-02
-2.102833501454431371e+03 -6.699635929650366961e+02 6.192708810083286153e+01 0.000000000000000000e+00 0.000000000000000000e+00 1.954982455584541867e-02 2.202895706548404706e-02 1.897934755606453527e-02 1.796885560642294544e-02
-1.907040179056740726e+03 -5.142587832514003594e+02 4.973477050123497634e+01 0.000000000000000000e+00 0.000000000000000000e+00 2.822459670348109739e-03 2.202895706548404706e-02 1.897934755606453527e-02 1.796788094773156194e-02
-2.300727328344227317e+03 -5.106859161037291983e+02 7.129994007260745548e+01 0.000000000000000000e+00 0.000000000000000000e+00 3.453920386641584628e-02 2.251661127675431626e-02 1.932112140054465313e-02 1.834372978745897609e-02
-2.296413725834708657e+03 -1.998340126005880677e+02 6.884808150350055200e+01 0.000000000000000000e+00 0.000000000000000000e+00 1.320559242392960186e-02 2.251661127675431626e-02 1.932112140054465313e-02 1.834365854907494403e-02
-1.910547785068317808e+03 -1.980954524508148893e+02 4.757485088997531619e+01 0.000000000000000000e+00 0.000000000000000000e+00 -5.563621058257695040e-04 2.148093163757608046e-02 1.870305176574039649e-02 1.734913581420228362e-02
-1.905620656285418136e+03 1.955877002689674953e+02 4.769134743879513394e+01 0.000000000000000000e+00 0.000000000000000000e+00 1.374856568432392123e-03 2.148093163757608046e-02 1.870305176574039649e-02 1.734922200863367112e-02
-2.299614558766234040e+03 2.008091567120973764e+02 6.958737546225655990e+01 0.000000000000000000e+00 0.000000000000000000e+00 2.915115755557451394e-02 2.396125170528495829e-02 2.063598355088872016e-02 1.958585780502788976e-02
-2.102094387546796042e+03 3.925639878491734436e+01 5.744422589065764129e+01 0.000000000000000000e+00 0.000000000000000000e+00 3.346830786590260232e-02 2.202895706548404706e-02 1.897934755606453527e-02 1.796875259540866090e-02
-1.204992044470031487e+03 3.038784805417927601e+03 1.363441556561954542e+02 0.000000000000000000e+00 0.000000000000000000e+00 -1.065229459848637816e-02 2.987437517262599498e-02 2.725764786870780998e-02 2.299884835641667971e-02
-1.400171995258351672e+03 2.882876412676859673e+03 1.313561004320850998e+02 0.000000000000000000e+00 0.000000000000000000e+00 -6.386232385182211146e-03 2.934186677483698741e-02 2.690683205837020309e-02 2.256588746829732081e-02
-1.208275826473626012e+03 2.646655476360204375e+03 1.071654821035805014e+02 0.000000000000000000e+00 0.000000000000000000e+00 4.419672794904272450e-02 2.895332709983721234e-02 2.609159852519441630e-02 2.256131046116338634e-02
-1.598721958860850236e+03 3.042602156499936427e+03 1.524068543560717330e+02 0.000000000000000000e+00 0.000000000000000000e+00 -5.354667624078501831e-02 3.035150740938225011e-02 2.748684313529814807e-02 2.356698860867299447e-02
-1.595530414541470691e+03 2.644992281321931387e+03 1.223085282305105181e+02 0.000000000000000000e+00 0.000000000000000000e+00 -2.916549864156081640e-02 2.842821621538431376e-02 2.574129523097081276e-02 2.214206533520332587e-02
-1.202885086823791198e+03 2.328663080011217062e+03 8.651666710756809664e+01 0.000000000000000000e+00 0.000000000000000000e+00 -3.564628275555037362e-03 2.665968028996380801e-02 2.355274446857699364e-02 2.113735134852782332e-02
-1.400597734568721080e+03 2.172436685369791121e+03 8.461009868857640015e+01 0.000000000000000000e+00 0.000000000000000000e+00 -3.470124209911773505e-03 2.753463289599182920e-02 2.459093375182693983e-02 2.172704153053351891e-02
-1.207989889965238490e+03 1.935964874175833756e+03 6.533540663422635930e+01 0.000000000000000000e+00 0.000000000000000000e+00 4.885629774989297402e-03 2.424032423725801591e-02 2.156072192345485569e-02 1.913933749199952378e-02
-1.595695157265853823e+03 1.933234148790431163e+03 8.008703997443353728e+01 0.000000000000000000e+00 0.000000000000000000e+00 7.493045172850543167e-03 2.614210830295748966e-02 2.320050826039310454e-02 2.072930463107969593e-02
-1.597876999553085852e+03 2.333079946006527734e+03 1.021469160459035663e+02 0.000000000000000000e+00 0.000000000000000000e+00 -1.990249576887492822e-02 2.805159030757451571e-02 2.484474191849770155e-02 2.232678893674208687e-02
-1.906517786042492617e+03 2.327932553036694571e+03 1.169265782746822566e+02 0.000000000000000000e+00 0.000000000000000000e+00 -2.894365396474540830e-02 2.842831313066404575e-02 2.564856228780269462e-02 2.233035508687048268e-02
-1.912245854608084983e+03 1.935236487793300967e+03 9.546769798716306354e+01 0.000000000000000000e+00 0.000000000000000000e+00 4.090760671660120806e-02 2.666313448222975072e-02 2.345798028973427804e-02 2.133068128403462979e-02
-2.298782180272772166e+03 1.934658477267573517e+03 1.179751154023853559e+02 0.000000000000000000e+00 0.000000000000000000e+00 1.756333969412082752e-02 2.847452839039825434e-02 2.558244827331459387e-02 2.256219766188505976e-02
-2.104098206718524125e+03 2.172741833781505647e+03 1.188521823090977421e+02 0.000000000000000000e+00 0.000000000000000000e+00 -2.867956961121365111e-02 2.948404307601351290e-02 2.616380842466156306e-02 2.355235823943732307e-02
-1.905424314151338194e+03 1.617126724186392039e+03 8.058692193850535546e+01 0.000000000000000000e+00 0.000000000000000000e+00 -1.419717042325885359e-02 2.512354384485172842e-02 2.260886074768667792e-02 1.973377294259251458e-02
-2.102325841091626444e+03 1.462067634908400123e+03 8.523017534555614816e+01 0.000000000000000000e+00 0.000000000000000000e+00 3.006110839491782372e-02 2.527747531689095162e-02 2.207463417353656282e-02 2.033449491561068606e-02
-1.910202552053069667e+03 1.224656840536616073e+03 6.662589043758946161e+01 0.000000000000000000e+00 0.000000000000000000e+00 5.593434316040202248e-03 2.372904420346247031e-02 2.121522062976115980e-02 1.873549972642288980e-02
-2.295399890891770610e+03 1.222982574642637019e+03 8.850745201694562070e+01 0.000000000000000000e+00 0.000000000000000000e+00 4.467491363631381773e-02 2.569960518415452880e-02 2.280074625546605130e-02 2.057788090707167450e-02
-2.299854086718166855e+03 1.621297411833218575e+03 1.034905245001507410e+02 0.000000000000000000e+00 0.000000000000000000e+00 4.142193210965672279e-02 2.708571096844161405e-02 2.419027380082606343e-02 2.156953016499421269e-02
-1.904557093152044217e+03 9.065267294525690431e+02 5.774064382227314240e+01 0.000000000000000000e+00 0.000000000000000000e+00 3.066101449856262207e-02 2.286447340341317414e-02 2.008529494624434336e-02 1.834372729115498965e-02
-2.298615797014249438e+03 9.097939660664055737e+02 8.004568656454657116e+01 0.000000000000000000e+00 0.000000000000000000e+00 2.532607079061222066e-02 2.478759726311746681e-02 2.173730273986091560e-02 1.995365758761441857e-02
-2.101774418150642759e+03 7.496748984277855925e+02 6.498063652636821530e+01 0.000000000000000000e+00 0.000000000000000000e+00 2.366114862634560723e-02 2.431667475050787106e-02 2.141438090159197838e-02 1.958650016440651592e-02
-1.909545313518339071e+03 5.130307617063924681e+02 5.087372170687557116e+01 0.000000000000000000e+00 0.000000000000000000e+00 2.983294267853153769e-02 2.286447340341317414e-02 2.008529494624434336e-02 1.834315974487843101e-02
-2.295946023429805791e+03 5.112044260347723252e+02 7.244266718133518168e+01 0.000000000000000000e+00 0.000000000000000000e+00 2.560069208460902246e-02 2.478759726311746681e-02 2.173730273986091560e-02 1.995291614715052897e-02
-2.996166518758152961e+03 -2.011140829085760231e+02 1.180782743996603728e+02 0.000000000000000000e+00 0.000000000000000000e+00 3.518350332511488432e-02 2.727067478530654718e-02 2.367026514837351769e-02 2.219746897531020557e-02
-2.801861698865850030e+03 3.832312057205888323e+01 1.029931268577878285e+02 0.000000000000000000e+00 0.000000000000000000e+00 2.897548317673681595e-02 2.589736670087119594e-02 2.229508386051450367e-02 2.120862470733984873e-02
-2.607452587001017946e+03 1.946897447421352751e+02 8.965081970561337243e+01 0.000000000000000000e+00 0.000000000000000000e+00 1.371708138482574668e-02 2.487596399772070907e-02 2.169306260377867543e-02 2.022247247914331358e-02
-2.610158409479244256e+03 -1.978247262274261402e+02 8.918456976222685739e+01 0.000000000000000000e+00 0.000000000000000000e+00 -2.245695269479597300e-03 2.499557569519960873e-02 2.125539211238976905e-02 2.057555610176622918e-02
-3.000194619573385808e+03 1.970683540073879954e+02 1.192572133954688667e+02 0.000000000000000000e+00 0.000000000000000000e+00 4.094145557058936902e-02 2.727067478530654718e-02 2.367026514837351769e-02 2.219782985185788163e-02
-2.610658602668781896e+03 1.225302025643860816e+03 1.096808813968358720e+02 0.000000000000000000e+00 0.000000000000000000e+00 1.519072599781168265e-02 2.671574810867025432e-02 2.339231394084963570e-02 2.156919116891454005e-02
-2.606730309620746539e+03 1.617737122633314584e+03 1.241217033599327237e+02 0.000000000000000000e+00 0.000000000000000000e+00 3.903202102353020564e-02 2.756017039396677429e-02 2.451107938331646696e-02 2.194475809542829892e-02
-2.997256341741886899e+03 1.221730245726704879e+03 1.393978025710327699e+02 0.000000000000000000e+00 0.000000000000000000e+00 2.058555273933393437e-02 2.956998762351543616e-02 2.611944923733955023e-02 2.382242752403606473e-02
-3.000424100846759302e+03 1.620825963889183640e+03 1.549811114358629993e+02 0.000000000000000000e+00 0.000000000000000000e+00 1.306240683902615274e-04 3.095141006700212125e-02 2.750604993195109732e-02 2.481150522312655649e-02
-2.802637210319809583e+03 1.461619102779354307e+03 1.324179558168700623e+02 0.000000000000000000e+00 0.000000000000000000e+00 1.271993444458985323e-02 2.847452839039825434e-02 2.558244827331459387e-02 2.256455814682796143e-02
-2.607383406033069605e+03 9.077507506928816383e+02 1.004853663613331065e+02 0.000000000000000000e+00 0.000000000000000000e+00 2.176753153267441121e-02 2.625272208149843217e-02 2.307425422448501975e-02 2.120969677031556838e-02
-2.612546146319106811e+03 5.131761517141934519e+02 9.328856632750634503e+01 0.000000000000000000e+00 0.000000000000000000e+00 3.305112826369338563e-02 2.589736670087119594e-02 2.229508386051450367e-02 2.120770746263683088e-02
-2.996854483147643350e+03 5.113598756882650491e+02 1.224123602528065078e+02 0.000000000000000000e+00 0.000000000000000000e+00 7.780580305454520840e-02 2.819176382064614295e-02 2.473591458608371402e-02 2.283444600644725722e-02
-2.803794866525973248e+03 7.505968556731464787e+02 1.114142000131840859e+02 0.000000000000000000e+00 0.000000000000000000e+00 2.806738377265105555e-02 2.671574810867025432e-02 2.339231394084963570e-02 2.156951004881741199e-02
-3.000364412137331783e+03 9.103930167245774783e+02 1.306265794789256063e+02 0.000000000000000000e+00 0.000000000000000000e+00 8.006553894918511105e-02 2.956998762351543616e-02 2.611944923733955023e-02 2.382132508251608508e-02
